,0
0,"Текст Аксёнова В. 
 (1)Мы учились с Ним в одном классе во время войны в далёком волжском городе. (2)Он был третьегодник, я догнал Его в четвёртом классе в 43-м году. (3)Я был тогда хил, ходил в телогрейке, огромных сапогах и тёмно-синих штанах, которые мне выделили по ордеру из американских подарков. (4)Штаны к тому времени я уже износил, и на заду у меня красовались две круглые, как очки, заплаты. (5)Всё же я продолжал гордиться своими штанами: тогда не стыдились заплат. (6)Кроме того, я гордился трофейной авторучкой, которую мне прислала из действующей армии сестра. (7)Однако я недолго гордился авторучкой. (8)Он отобрал у меня её. (9)Он всё отбирал – всё, что представляло для Него интерес. (10)И не только у меня, но и у всего класса. 
 (11)В школе нам каждый день выдавали завтраки – липкие булочки. (12)Староста нёс их наверх в большом блюде, а мы стояли на верхней площадке и смотрели, как к нам плывёт из школьных недр это чудесное блюдо. (13)Я, как и все, заворачивал булочку в тетрадный листок и клал в сумку. 
 (14)Его голубые глаза каждый день встречали меня за углом школы. 
 (15) – Давай, – говорил Он, и я протягивал Ему свою булочку, на которой оставались вмятины от моих пальцев. 
 (16) – Давай, – говорил он следующему, а рядом с Ним работали Лёка и Казак. 
 (17)Я приходил домой, и мы с младшей сестрёнкой ждали тётю. (18)Тётя возвращалась с базара и приносила буханку хлеба и картошку. (19)Иногда она ничего не приносила. 
 (20)Однажды она сказала мне: 
 – Нина приносит завтраки, а ты нет. (21)Рустам приносит, и все ребята с того двора, а ты съедаешь сам. 
 (22)Я вышел во двор и сел на поломанную железную койку возле террасы. (23)В сером темнеющем небе над липами кружили грачи. (24)Чем питаются грачи? (25)Насекомыми, червяками, воздухом? (26)Им хорошо. (27)А может быть, у них тоже есть кто-нибудь такой, кто всё отбирает себе? (28)Низко над городом шли пикировщики. (29)Что будет со мной?  
 (30)Всю ночь тётя стирала. (31)Вода струилась за ширмой, плескала, булькала, Гитлер захлёбывался в мыльной воде, тётя давила его своими узловатыми руками. 
 (32)На следующий день за углом, сотрясаясь от отваги, я схватил Его за пуговицу и ударил. (33)Через несколько секунд я лежал в снегу, Казак сидел верхом на мне, а Лёка совал мне в рот мой же завтрак. 
 (34) – На, смелей, кусни! 
 (35)На другой день, когда кончился последний урок, я положил тетрадки в сумку и оглянулся. (36)Казак, Лёка и Он сидели вместе на одной парте и улыбались, глядя на меня. (37)По моему лицу они, видимо, поняли, что я снова буду отстаивать свой завтрак. (38)Будь что будет. (39)Пусть они меня бьют, я буду делать это каждый день.   (По В. П. Аксёнову) 
 
"
1,"Текст Аксёнова В. 
 (1)Прибыв на новое место работы, молодой врач Александр Зеленин на следующий день приступил к своим обязанностям. (2)Во время обхода его стало одолевать волнение: было несколько чрезвычайно сложных случаев — без лабораторных данных невозможно разобраться, а лаборатория не работает. 
 (3)Как он будет лечить этих людей? (4)Работая шприцем или скальпелем, Александр всегда успокаивался. (5)Есть под рукой что-то осязаемое, сразу можно видеть результат. (6)Но терапия без анализов… (7)Сейчас Зеленин чувствовал себя словно древний мореплаватель, только что миновавший Геркулесовы столбы. (8)Безбрежный, неведомый океан колыхался перед ним. 
 (9)Вот уже больше трёх лет фельдшер Макар Иванович благополучно обходился без рентгена и лаборатории, врачуя без страха и сомнения. (10)В райздраве он славился лихостью своих диагнозов. (11)Перебирая старые истории болезней, Зеленин то и дело натыкался на такие перлы: «(12)Общее сотрясение организма при падении с телеги». 
 (13)В конце недели Зеленин собрал производственное совещание. (14)Пришли все: пять медсестёр, фельдшер, санитарки, бухгалтер, завхоз и кучер Филимон. (15)Все они со скрытой насмешкой, с любопытством и недоверием поглядывали на беспокойного худого юношу, который теперь стал их начальником. (16)Персонал привык к тишине и спокойствию. (17)Больных было мало, потому что всех мало-мальски серьёзных отправляли в район. (18)Для выполнения плана койко-дней Макар Иванович клал в больницу знакомых старушек и упражнялся на них в диагностике. 
 (19)Зеленин подумал и неожиданно для самого себя густым голосом сказал: 
 — (20)Наша больница в Круглогорье является самым крупным лечебным учреждением на всём пространстве Круглогорского куста, со стационаром на двадцать пять коек. (21)Как видите, задачи перед нами стоят большие, и мы должны быть на высоте. (22)Но сейчас мы не на высоте! (23)Больше того, мы представляем из себя совершенно невероятный экспонат прошлого столетия. (24)В век телевидения и электроники работаем вслепую. (25)А между тем у нас есть и рентгеновский аппарат, и лабораторное оборудование. (26)Но всё это поломанное, грязное. (27)И в чём же здесь дело? (28)Некому было заняться? (29)Нет, дело в косности. (30)Вот вы, Макар Иванович… 
 (31)Тот слегка вздрогнул и пошевелил сцепленными на животе пальцами. (32)Полчаса назад он отобедал, и сейчас по голове его под белым колпаком, семеня ножками, бегали крохотные человечки, предвестники мягкой дремоты. (33)Взволнованные восклицания молодого доктора с шипе-нием, как ракеты-шутихи, летели откуда-то издалека. 
 «(34)Нехорошо получилось, — подумал Зеленин, — ещё обидится старик». (35)Но отступать было поздно. 
 — (36)Макар Иванович, расскажите, как вы лечите, что назначаете больным? 
 — (37)Как что? (38)В зависимости от индивидуальных реакций организма, — ответил Макар Иванович и привычно напыжился. — (39)От головы даю пирамидон, от живота — бесалол… 
 — (40)Макар Иванович! (41)Ведь так, наверное, во времена Чехова уже не врачевали. «(42)От головы, от живота…» (43)Скажите, вы вот эту книжку давно перечитывали? — и Зеленин протянул ему толстый том «Пособия для сельских фельдшеров». 
 (44)Макар Иванович протёр очки, отставил книжку на длину вытянутой руки и прочёл название. 
 — (45)Мол-лодой человек, я тридцать лет здесь практикую, я… я… — сказал он после этого дрожащим голосом, встал и неловко стал стаскивать с плеч халат. — (46)Я на фронте… (47)Эх… постыдились бы!.. 
 (48)Минуту спустя Зеленин, чувствуя острую щемящую жалость, увидел в окне нелепую бочкообразную фигуру фельдшера на тонких ножках. (49)Александр несмело обвёл взглядом оставшихся. (50)Что теперь сказать? (51)Ему было жалко Макара Ивановича, хотелось оправдаться перед людьми, но он продолжил свою речь, словно ничего не случилось: 
 — (52)Итак, мы должны наладить работу своими руками, и начать придётся с рентгеновского кабинета и лаборатории. (53)Для ремонта аппарата придётся вызвать техника из района — нужно выделить средства, — сказал он, обращаясь к завхозу. — (54)Потом командируем кого-нибудь из сестёр на курсы рентгенолаборантов. 
 (55)На следующий день, в обед, Зеленин сидел в чайной и смотрел в окно на бескрайнюю ширь озера. (56)Было ветрено, мрачно, ходуном ходил тёмно-серый взлохмаченный горизонт. 
 «(57)Настоящий морской шторм, — подумал Саша. — (58)Сегодня Макар Иванович не вышел на работу. (59)Филимон говорил, что старик лежит на сундуке с полотенцем на лбу и молчит. (60)Какая я сволочь! (61)Надо пойти к нему, поговорить по душам. (62)Нет, я должен быть твёрд. (63)Что из того, что он стар? (64)Если работаешь — изволь работать добросовестно». 
 (65)Мысли Зеленина прервались, потому что в дверь бухнули сапогом, а затем появился Филимон, больничный кучер. 
 (По В. П. Аксёнову*) 
 
 
"
2,"Текст Аксёновой Н. 
 (1)В детстве я ненавидела утренники, потому что к нам в садик приходил отец. (2)Он садился на стул возле ёлки, долго пиликал на своём баяне, пытаясь подобрать нужную мелодию, а наша воспитательница строго говорила ему: «Валерий Петрович, повыше!» (3)Все ребята смотрели на моего отца и давились от смеха. (4)Он был маленький, толстенький, рано начал лысеть, и, хотя никогда не пил, нос у него почему-то всегда был свекольно-красного цвета, как у клоуна. (5)Дети, когда хотели сказать про кого-то, что он смешной и некрасивый, говорили так: «Он похож на Ксюшкиного папу!» 
 (6)И я сначала в садике, а потом в школе несла тяжкий крест отцовской несуразности. (7)Все бы ничего (мало ли у кого какие отцы!), но мне было непонятно, зачем он, обычный слесарь, ходил к нам на утренники со своей дурацкой гармошкой. (8)Играл бы себе дома и не позорил ни себя, ни свою дочь! (9)Часто сбиваясь, он тоненько, по-женски, ойкал, и на его круглом лице появлялась виноватая улыбка. (10)Я готова была провалиться сквозь землю от стыда и вела себя подчёркнуто холодно, показывая своим видом, что этот нелепый человек с красным носом не имеет ко мне никакого отношения. 
 (11)Я училась в третьем классе, когда сильно простыла. (12)У меня начался отит. (13)От боли я кричала и стучала ладонями по голове. (14)Мама вызвала скорую помощь, и ночью мы поехали в районную больницу. (15)По дороге попали в страшную метель, машина застряла, и водитель визгливо, как женщина, стал кричать, что теперь все мы замёрзнем. (16)Он кричал пронзительно, чуть ли не плакал, и я думала, что у него тоже болят уши. (17)Отец спросил, сколько осталось до райцентра. (18)Но водитель, закрыв лицо руками, твердил: «Какой я дурак!» (19)Отец подумал и тихо сказал маме: «Нам потребуется всё мужество!» (20)Я на всю жизнь запомнила эти слова, хотя дикая боль кружила меня, как метель снежинку. (21)Он открыл дверцу машины и вышел в ревущую ночь. (22)Дверца захлопнулась за ним, и мне показалось, будто огромное чудовище, лязгнув челюстью, проглотило моего отца. (23)Машину качало порывами ветра, по заиндевевшим стеклам с шуршанием осыпался снег. (24)Я плакала, мама целовала меня холодными губами, молоденькая медсестра обречённо смотрела в непроглядную тьму, а водитель в изнеможении качал головой. 
 (25)Не знаю, сколько прошло времени, но внезапно ночь озарилась ярким светом фар, и длинная тень какого-то великана легла на моё лицо. (26)Я зажмурилась и сквозь ресницы увидела своего отца. (27)Он взял меня на руки и прижал к себе. (28)Шёпотом он рассказал маме, что дошёл до райцентра, поднял всех на ноги и вернулся с вездеходом. 
 (29)Я дремала на его руках и сквозь сон слышала, как он кашляет. (30)Тогда никто не придал этому значения. (31)А он долго потом болел двусторонним воспалением лёгких. 
 (32)…Мои дети недоумевают, почему, наряжая ёлку, я всегда плачу. (33)Из тьмы минувшего ко мне приходит отец, он садится под ёлку и кладёт голову на баян, как будто украдкой хочет увидеть среди наряженной толпы детей свою дочку и весело улыбнуться ей. (34)Я гляжу на его сияющее счастьем лицо и тоже хочу ему улыбнуться, но вместо этого начинаю плакать. 
 (По Н. Аксёновой) 
"
3,"Текст Акулинину К. 
 (1)Во время командировки я поскользнулся на обледеневшей лестнице и сильно повредил руку. (2)3апястье распухло, делать было нечего: пришлось идти на приём к хирургу. (3)Так я, житель большого областного города, оказался в обычной районной больнице. (4)Врач почему-то не начинал приём, и около дверей в тесном коридорчике, освещенном чахлой лампочкой, было настоящее вавилонское столпотворение. (5)Кого тут только не было! (6)Пожилые женщины, лица которых раскраснелись от духоты, хмурые старики, старшеклассницы, визгливо кричащие, что пройдут вне очереди, потому что им всего-навсего нужно поставить штамп. (7)Грудные дети плакали на руках измученных ожиданием мам, которые устало их качали и в немой тоске смотрели на закрытую дверь кабинета. 
 (8)Время шло, а приём всё не начинался. (9)И терпение людей лопнуло. (10)Вначале послышался какой-то глухой ропот, который, будто спичка сухие ветки, поджёг общее недовольство. (11)Дети, как по сигналу, в один голос заплакали, и уже не ропот, а возмущённо-жалобный вой наполнил весь коридор. 
 (12)«Господи, зачем я здесь!» - думал я, глядя на этих людей. (13)Разбуженная в руке боль запылала с удвоенной силой, голова закружилась. (14)Ждать стало невмоготу, я решил действовать. (15)Твёрдым шагом я подошёл к окошечку регистратуры, тихо, но властно постучал в стекло. (16)Полная женщина взглянула на меня поверх очков, я жестом попросил её выйти в коридор. (17)Когда она вышла, я протянул ей талон к врачу и пятьдесят рублей. 
 - (18)Мне    нужно     срочно     попасть    на    приём    к    хирургу. (19)Пожалуйста, устройте! 
 (20)Женщина молча взяла мой талон, деньги положила в карман халата. 
 - (21)Отойдите все от дверей, отойдите! - проворчала она и, пройдя сквозь  толпу  людей,   будто   нож   сквозь   студень,   вошла  в   кабинет. (22)Через минуту она вышла и кивнула мне головой: 
 - (23)Сейчас вас вызовут! 
 (24)Плакали дети, лампочка, мигая от перепадов напряжения, разбрызгивала пучки жёлтенького света, запах чего-то несвежего и затхлого забивал лёгкие. (25)Вдруг в мои ноги уткнулся вырвавшийся из рук измученной мамы мальчик в синей кофточке. (26)Я погладил его пушистую головку, и малыш доверчивыми глазами посмотрел на меня. (27)Я улыбнулся. (28)Молодая мама усадила его на место. 
 - (29)Потерпи, маленький, потерпи, скоро мы пойдём! (30)Инвалид уронил костыль и, беспомощно водя руками, пытался поднять  его  с  пола.  (31)Я  закрыл  глаза.  (32)Дверь распахнулась,  и медсестра звонко крикнула: 
 	 - (33)Никитин, на приём! 
 (34)Люди закрутили головами, спрашивая, кто здесь Никитин. (35)Я, не шевелясь, стоял в стороне. 
 - (36)Никитин кто? (37)Где он? 
 (38)Медсестра недоуменно пожала плечами и сказала: 
 - (39)Ну, тогда кто первый по очереди, заходите! 
 (40)К двери бросилась молодая мама с ребёнком. (41)Я отошёл к окну. (42)Сыпал редкий снег, потемневшее небо, похожее на затянутую льдом реку, низко висело над землёй, и сквозь него летели голуби. (43)Из кабинета врача вышла молодая мама с малышом, тот посмотрел на меня и помахал мне перебинтованной ручкой. 
 - (44)Не  подошёл  ещё  Никитин?   (45)Ну,  тогда  следующий  по очереди...  
 (По К. Акулинину)  
 Информация о тексте 
 
"
4,"Текст Акунина Б.   
 (1)Недавно я прочитал интереснейшую про одну американку, у которой начисто отсутствует чувство страха. (2)То есть вообще ноль целых ноль десятых. (3)Ученые обвешали ее датчиками, пугали-пугали всеми способами, на которые хватало воображения – никаких отрицательных эмоций. 
 (4)Причина бесстрашия нашей американки была сугубо медицинская. (5)В мозгу есть миндалевидный закуточек, который называется амигдала. (6)Именно он отвечает за формирование страха. 
 (7)При редкой болезни случается совсем уже редкое осложнение, в результате которого амигдала атрофируется. (8)Именно это с несчастной (или, наоборот, счастливой?) американкой и произошло. 
 (9)Иногда такой опыт ставят над животными. (10)Удалят мыши амигдалу, и она начинает наскакивать на кошку. 
 (11)А древние инки, как я где-то читал, владели начатками нейрохирургии и умели делать воинам в голове дырку, от которой те становились неустрашимыми. 
 (12)Пытаюсь представить себе, каково это – жить вообще без страхов. (13)Хотел бы я так или нет? 
 (14)Первый порыв, конечно, ответить: да, очень хотел бы! 
 (15)Страх – ужасно противное чувство. 
 (16)У Толстого замечательно описано, как Николай Ростов празднует труса, убегая от французов: «Одно нераздельное чувство страха за свою молодую, счастливую жизнь владело всем его существом. (17)Быстро перепрыгивая через межи, с тою стремительностью, с которою он бегал, играя в горелки, он летел по полю, изредка оборачивая свое бледное, доброе, молодое лицо, и холод ужаса пробегал по его спине». (18)Должно быть, поручик Толстой знал это состояние не понаслышке – оно впечатляюще описано и в «Севастопольских рассказах». 
 (19)А сколько недостойных поступков и подлостей совершается от страха, сколько ломается судеб. 
 (20)Нет, решено. (21)Удалите мне амигдалу, пожалуйста. (22)Хочу ничего не бояться. (23)Вообще ничего. (24)Как пел Высоцкий: «Я не люблю себя, когда я трушу». 
 (25)С другой стороны… (26)Всем наверняка в жизни приходилось делать что-то через страх. 
 (27)У меня одно из ранних воспоминаний, как мы во дворе зачем-то затеяли прыгать с крыши гаража. (28)Мне было, наверное, лет шесть-семь. (29)Как обычно, нашелся кто-то бесшабашный, а за ним полезли остальные, и я в том числе. (30)Сверху вниз посмотрел – ужас, оцепенение. (31)Особенно когда мой приятель, более смелый, чем я, прыгнул, подвернул ногу и завопил от боли. (32)А я – следующий. (33)Снизу девочки смотрят (они умнее нас — не полезли). (34)Прыгнул, конечно. (35)Куда деваться? (36)И впервые в жизни испытал чувство победы – самой драгоценной из побед, победы над собой. (37)Может, не такая уж это была глупость – прыгать с крыши гаража. 
 (38) Зачем нужен страх с биологической точки зрения, понятно – срабатывает инстинкт самосохранения. (39)Но страх необходим и для развития личности. (40)Страх нужен затем, чтобы у тебя было, что побеждать. (41)Смелость – это не бесстрашие, а умение побеждать амигдалу. (42)Трусость – наоборот. (43)Когда амигдала побеждает тебя. 
 (44)Страх очень извивист и живуч. (45)Справишься с одним — обязательно вылупится новый. (46)При этом в каждом возрасте свои страхи. 
 (47)Ну а у человека моей профессии есть свой специфический страх. (48)Я много раз слышал от коллег-писателей, находящихся в творческом кризисе, боязливые речи, что волшебное состояние полета никогда больше не вернется. (49)Допустим, у меня несколько иная писательская специальность – я беллетрист. (50)Мне полеты ни к чему, я строю архитектурные конструкции, снизу вверх – так высоко, как умею. (51)Но и это занятие страшноватое. (52)Невозможно написать живую книгу, если не вибрируешь от страха, что у тебя ни черта не получится. (53)Даже если это просто детектив. (54)И что бы я был без этого страха? 
 (55)Нет, хочу бояться и радоваться победе над страхом. 
 (56)Не троньте мою амигдалу. 
 (по Б. Акунину*) 
 * Борис Акунин — русский писатель, литературовед, переводчик, общественный деятель.  
"
5,"Текст Алексиевич С.   
 (1)…Мы недавно поженились. (2)Ещё ходили по улице и держались за руки, даже если в магазин шли. (3)Всегда вдвоём. (4)Я говорила ему: «Я тебя очень люблю». (5)Я ещё не знала, как я его любила… (6)Мы жили в общежитии пожарной части, где он служил. (7)И тут среди ночи какой-то шум – на
Чернобыльской АЭС пожар. (8)Уехали они без брезентовых костюмов: как были в одних рубашках, так и уехали. (9)Их не предупредили. 
 (10)Вызвали на обыкновенный пожар… 
 (11)А теперь – клиника острой лучевой болезни... (12)После операции по пересадке костного мозга мой Вася лежал уже не в больничной палате, а в специальной барокамере, за прозрачной плёнкой, куда заходить не разрешалось, поскольку уровень радиации был очень высокий. (13)Там такие специальные
приспособления есть, чтобы, не заходя под плёнку, вводить уколы, ставить катетер… (14)Но всё на липучках, на замочках, и я научилась ими пользоваться: открывать и пробираться к нему. (15)Ему стало так плохо,  что я уже не могла  отойти ни  на минуту. (16)Звал  меня постоянно.(17)Звал  и звал… (18)Другие барокамеры, где лежали Васины сослуживцы, тоже получившие большую дозу облучения, обслуживали солдаты, потому что штатные санитары отказывались, требуя защитной одежды. (19)А я своему Васе всё хотела делать сама… 
 (20)Потом кожа начала трескаться на его руках, ногах, всё тело покрылось волдырями. (21)Когда он ворочал головой, на подушке оставались клочья волос. (22)А всё такое родное. (23)Любимое… 
 (24)Я пыталась шутить: «Даже удобно: не надо носить расчёску». (25)Если бы я могла выдержать физически, то я все двадцать четыре часа не ушла бы от него и сидела рядышком. (26)Потому что, верите ли, мне каждую минутку, которую я пропустила, было жалко… (27)И я готова была сделать всё, чтобы он только не думал о смерти… (28)И о том не думал, что болезнь его ужасная и я его боюсь. 
 (29)Помню обрывок какого-то разговора, кто-то увещевает: 
 − (30)Вы должны не забывать: перед вами уже не муж, не любимый человек, а радиоактивный объект с высокой плотностью заражения. (31)Вы же не самоубийца. (32)Возьмите себя в руки. 
 (33)А я как умалишённая: 
 − (34)Я его люблю! (35)Я его люблю! 
 (36)Он спал, а я шептала: «Я тебя люблю!» (37)Шла по больничному двору: «Я тебя люблю!» (38)Несла судно: «Я тебя люблю!» 
 (39)О том, что ночую у него в барокамере, никто из врачей не знал. 
 (40)Не догадывался. (41)Пускали меня медсёстры. (42)Первое время тоже уговаривали: 
 − (43)Ты – молодая. (44)Что ты надумала? (45)Сгорите вместе. 
 (46)А я, как собачка, бегала за ними, стояла часами под дверью, просила-умоляла. (47)И тогда они: 
 − (48)Чёрт с тобой! (49)Ты – ненормальная! 
 (50)А мне было всё равно: я его любила и ничего не боялась. (51)Утром, перед восьмью часами, когда начинался врачебный обход, показывали мне через плёнку: «Беги!» (52)На час сбегаю в гостиницу. (53)А с девяти утра до девяти вечера у меня пропуск. (54)Ноги мои посинели до колен, распухли,
настолько я уставала. (55)Но моя душа была крепче тела… (56)Моя любовь… 
 (57)Понимаю: о смерти люди не хотят слушать. (58)О страшном… 
 (59)Но я вам рассказала о любви… (60)Как я любила... (61)И люблю… 
 (62)А когда есть такая любовь, нет страха, нет усталости, нет сомнений, нет препятствий. 
 (по С. А. Алексиевич*) 
 *Светлана Александровна Алексиевич (род. 1948 г.) – всемирно известный белорусский прозаик, пишущий на русском языке. Автор прозы о войне, о Чернобыле. Создатель уникального документально-художественного метода, основанного на беседах с реальными людьми. 
 Информация о тексте 
 
"
6,"Текст Алексиевич С.   
 (1)Это было красивое утро… 
 (2)Утреннее море. (3)Синее и спокойное. (4)Первые дни, как я приехал в детский санаторий Совет-Квадже на Чёрном море. (5)Услышали гул самолетов… 
 (6)Я нырнул в волны, но и там, под водой, был слышен этот гул. (7)Мы не испугались, а начали играть «в войну», не подозревая, что где-то уже идет война. (8)Не игра, не военные учения, а война. (8)Через несколько дней нас отправили по домам. (9)Я – в Ростов. (10)На город уже падали первые бомбы. (11)Все готовились к уличным боям: рыли щели, строили баррикады. (12)Учились стрелять. (13)А мы, дети, сторожили ящики, в которые складывали бутылки с зажигательной смесью, подвозили песок и воду на случай пожара. 
 (14)Все школы превратились в госпитали. (15)В нашей семидесятой школе размещался армейский полевой госпиталь для легкораненых. (16)Туда направили маму. (17)Ей разрешали и меня брать с собой, чтобы не оставался один дома. (18)А когда отступали – куда ехал госпиталь, туда ехали и мы. 
(19)После очередной бомбёжки запомнил груду книг среди разбитого камня, подобрал одну, она называлась «Жизнь животных». (20)Большая, с красивыми картинками. (21)Всю ночь не спал, читал и не мог оторваться… (22)Помню, что военные книжки я не взял, читать о войне уже не хотелось. (23)А вот о животных, о птицах… 
 (24)В ноябре сорок второго… (25) Начальник госпиталя приказал выдать мне форму, правда, её пришлось срочно перешивать. (26)А сапоги на меня не могли найти целый месяц. (27)Так я стал воспитанником госпиталя. (28)Солдатом. (29)Что делал? (30)Одни бинты могли свести с ума. (31)Их всегда не хватало. (32)Приходилось стирать, сушить, скручивать. (33)Попробуйте скрутить тысячу штук в день! (34)А я наловчился ещё быстрее взрослых. (35)Ловко получилась и первая самокрутка… (36)В день моего двенадцатилетия старшина с улыбкой вручил мне пачку махорки, как полноправному бойцу. (37)Покуривал. (38)Тихонько от мамы. (39)Воображал, конечно. (40)Ну… и страшно… (41)Я с трудом к крови привык. (42)Боялся обожженных. (43)С черными лицами…  
 (44)Когда разбомбили вагоны с солью и парафином, и то и другое в дело пошло. (45)Соль – поварам, парафин – мне. (46)Пришлось овладеть специальностью, не предусмотренной никакими воинскими списками – делал свечи. (47)Это похуже бинтов! (48)Моя задача – следить, чтобы свечи долго горели, ими пользовались, когда не было электричества. (49)Врачи не прекращали операции ни под бомбежкой, ни под обстрелом. (50)Ночью только закрывали окна. (51)Завешивали простынями. (52)Одеялами.  
 (53)Мама плакала, а я все равно мечтал сбежать на фронт. (54)В то, что меня могут убить, не верил. (55)Послали однажды за хлебом… (56)Чуть проехали, начался артобстрел. (57)Били из минометов. (58)Сержанта убило, возницу убило, меня контузило. (59)Потерял речь, а когда через какое-то время заговорил, все равно осталось заикание. (60)Оно и сейчас у меня есть. (61)Все удивлялись, что я остался живой, а у меня было другое чувство – разве меня могут убить? (62)Как это меня могут убить? (63)Проехали мы с госпиталем всю Беларусь, Польшу… (64)Я выучил польские слова…  
 (65) В Варшаве… (66) Среди раненых оказался чех — тромбонист Пражской оперы. (67) Начальник обрадовался ему, и, когда тот пошёл на поправку, попросил пройти по палатам, поискать музыкантов. (68)Оркестр получился отличный. (69)Меня научили играть на альте, на гитаре научился уже сам. (70)Мы играли, а солдаты плакали. (71)Играли мы весёлые песни. 
 (72)Так доехали до Германии… 
 (73)В разбитом немецком посёлке увидел: велосипед валяется. (74)Обрадовался. (75)Сел и поехал. (76) Хорошо так идёт! (77)Я за войну  ни одной детской игрушки не видел. (78)Забыл, что они где-то есть. (79)Детские игрушки…   
 (по С. А. Алексиевич*) 
 *Светлана Александровна Алексиевич (род. 1948 г.) – всемирно известный белорусский прозаик, пишущий на русском языке. Автор прозы о войне, о Чернобыле. Создатель уникального документально-художественного метода, основанного на беседах с реальными людьми. 
"
7,"Текст Алексина А. 
 (1)Некоторые, к моему изумлению, вспоминают свои школьные годы с неприязнью. (2)А я люблю свою школу, приятелей детства. (3)Были у меня и любимые учителя. (4)Вообще, я более всего почитаю две профессии: учителя и врача. (5)Эти призвания в чём-то схожи: один и другой заботятся о человеческом здоровье — только первый о здоровье нравственном, а второй — о физическом... (6)Помню, всегда я ждал встреч с уроками литературы. (7)Мария Фёдоровна Смирнова не «проходила литературу» (ибо «проходить» можно лишь мимо чего-нибудь), а приобщала нас к великим творениям. (8)То были не только уроки литературы, а и уроки гуманизма. 
 (9)Мария Фёдоровна говорила, к примеру: 
 (10)— Ванька Жуков написал письмо «на деревню дедушке». (11)Но, допустим, оно всё же дошло... (12)Что бы дедушка ответил Ваньке? 
 (13)И мы все, ученики 4-го класса «Г», отвечали Ваньке от имени дедушки и звали его обратно в деревню и обещали, что всё будет хорошо. (14)Да, это были воистину уроки доброты... 
 (15)Мария Фёдоровна первой знакомилась с моими незрелыми литературными опусами — и давала строгие, бесценные советы. 
 (16)А потом все мы расстаёмся со своими учителями... (17)В жизненной круговерти, увы, не так уж часто вспоминаем о них и уж совсем редко с ними видимся. (18)Бывает, конечно, и по-иному. (19)Но, что греха таить, случается это как исключение... (20)Прости нас, Господь! (21)Мария Фёдоровна сама прислала мне письмо. (22)Сообщила, что внимательно «следит» за мной, не пропускает ни одной моей повести, ни одного моего спектакля. (23)Обозначила в конце номер своего телефона, свой адрес. (24)Я немедленно отозвался... (25)И договорились мы непременно встретиться. (26)«Только не надо надолго откладывать», — словно извиняясь, проговорила она. (27)Следовало отправиться к ней в тот же вечер... (28)Но были съёмки очередной моей телепередачи «Лица друзей». (29)Сейчас я думаю: почему так часто повседневная суета, и в том числе «Лица друзей», как бы отстраняли от меня лица моих личных друзей, не позволяли порой к ним прорваться? (30)Хотя друзьями своими я всегда искренне и безмерно дорожил... (31)После передачи нагрянули репетиции спектаклей в других городах, на которых я обязан был присутствовать. (32)А ещё позже... (33)Не хочется перечислять. 
 (34)Наконец — как только выдался просвет! — я позвонил, чтобы встретиться со своей самой любимой учительницей. (35)И мне ответили... что её уже нет. (36)Она же предупреждала: (37)«Только не надо надолго откладывать». (38)Наверно, была больна. (39)Но не настаивала... из-за неизменной своей деликатности. (40)Куда же девалась моя деликатность? (41)Почему мы порою откладываем именно то, что касается самых близких, самых любимых? (42)А потом рвём на себе волосы... (43)Всю жизнь я, честное слово, старался откликаться на просьбы, помогать, «протягивать руку». (44)Но всё же случалось: туда, куда необходимо было устремиться немедленно, в первую очередь, не устремлялся. (45)Суета, суета... 
 (46)«С добром надо спешить, а то оно может остаться без адресата», — говорит один из моих персонажей. (47)Он прав. 
 (48)Запоздалые покаяния. (49)Примите их все, перед кем виноват! (50)К кому опоздал... (51)Примите и простите, если можете. 
 (А. Алексин*) 
 * Анатолий Георгиевич Алексин (род. в 1924 г.) — русский писатель (прозаик, драматург, сценарист). Лауреат Международных премий, Государственных премий СССР и России. Удостоен награды «За большой вклад в развитие литературы», награждён Золотой медалью имени Януша Корчака, а также Большой Золотой медалью Международной Ассоциации «Знание». Широко известен как детский писатель. Его произведения переведены на 48 языков мира. Повести: «Мой брат играет на кларнете», «Поздний ребёнок», «Сигнальщики и горнисты» и др. 
 Информация о тексте 
 
"
8,"Текст Алексина А.  
 НЕПРАВДА 
 (1)Генка очень любил смотреть фильмы, на которые дети до шестнадцати лет не допускались. (2)Он любил читать книги, на которых не было обозначено, для какого они возраста: значит, для взрослых! 
 (3)Мама Генки была машинисткой. (4)Работу она брала на дом. (5)Ей казалось, что, отлучись она из квартиры лишь на день, — случится что-то ужасное, произойдет какая-нибудь непоправимая катастрофа. 
 (6)По утрам маме некуда было спешить, но вставала она раньше всех. (7)Готовила завтрак отцу и Генке. (8)Прощаясь, отец целовал её в голову и произносил всякий раз одни и те же слова:  
 (9)— До свиданья, малыш мой родной! 
 (10)А мама менялась в лице… (11)И Генке начинало казаться, что она вставала так рано лишь для того, чтобы услышать ту фразу. 
 (12)Слово «малыш» не подходило к маме: она вовсе не была маленькой. (13)Может, она казалась такой с высоты ста девяноста пяти сантиметров могучего отцовского роста? (14)Эти сантиметры были предметом особой Генкиной гордости. 
 (15)Сына, мальчишку, отец именовал строго и просто — Геннадием… (16)Они вместе выходили на улицу, вместе шли до угла. (17)Это было очень приятно: мама осталась дома, а они, мужчины, деловые люди, спешат, торопятся… 
 (18)На углу они прощались — коротко, по-мужски. 
 (19)— Ну, иди, — говорил отец. 
 (20)А вечером Генка с нетерпением ждал возвращения отца. (21)Он сразу узнавал его шаги: отец поднимался так не спеша, словно, сделав шаг, раздумывал, идти ли ему дальше или, может, вернуться вниз. (22)Один неторопливый, будто тоже задумавшийся, звонок… (23)Генке очень хотелось открыть отцу дверь. (24)Но он знал, что ещё больше этого хочет мама. (25)И уступал ей дорогу… (26)Отец вновь целовал мать в голову и говорил почти те же слова, что и утром: (27)«Здравствуй, малыш мой родной!» (28)Но звучали эти слова ещё ласковее, потому что отец, видно, успевал сильно соскучиться за день. 
 (29)Генка терпеть не мог нежностей. (30)Но от слов, которые отец говорил маме, ему становилось как-то уверенно и спокойно… 
 (31)Отец заглядывал маме в лицо: 
 (32)— Какие у тебя глаза воспалённые! (33)И зачем нам нужна эта трещотка? (34)— Так он называл пишущую машинку. 
 (35)— Это не она, а враги мои виноваты, — полушутливо оправдывалась мать. (36)Своими «врагами» она называла неразборчивые почерки. (37)Мама говорила, что даже по ночам ей снятся разные нечёткие буквы и особенно часто буква «m», которая гонится за ней по пятам на трёх тонких ножках. 
 (38)Однажды Генка узнал, что за три квартала от их дома идёт старый фильм, о котором приятели отзывались коротко, но выразительно: «Мировой!»
(39)Картину эту Генка раньше посмотреть не успел по той причине, что в дни её первого выхода на экран он ещё не родился. 
 (40)Генка не решился бы пойти на вечерний сеанс. (41)Но знал, что отец должен вернуться поздно: у него важный и торжественный день — испытание новой машины. (42)Отец тревожился! (43)А мама места себе не находила: то садилась за машинку, то при каждом звуке шагов выбегала на лестницу. 
 (44)И Генке хотелось пойти в кино ещё и для того, чтобы скорей пролетели часы ожидания. (45)Чтобы вернуться домой, увидеть отца и по лицу мамы (именно мамы!) понять, что всё в порядке, всё в полном порядке… 
 (46)Генка захватил с собой долговязого семиклассника Жору, которому беспрепятственно продавали билеты на любой сеанс. (47)Жора доставал билеты всем мальчишкам во дворе, за что собирал с них немалый оброк: редкие книги и треугольные марки. (48)Но когда они добрались до кинотеатра, оказалось, что уже поздно: билеты проданы. (49)Кончился предыдущий сеанс, из кинозала выходили люди, щурясь от света. (50)Генка глядел на них с завистью. (51)И вдруг он услышал знакомый голос: 
 (52)— Тебе не холодно, малыш? 
 (53)Генка повернул голову — и увидел отца. (54)Отец, пригнувшись, помогал какой-то молодой женщине («Моложе мамы…» — сразу приметил Генка) погрузиться в нарядный платок и каракулевую шубку... 
 (По А. Алексину) 
"
9,"Текст Алексина А. 
 (1)Ты, наверно, очень удивлён тем, что после нашего возвращения с Волги я словно бы забыл твой адрес и телефон. 
 (2)«Вот, — думаешь, — человеческая неблагодарность: жил в моём доме, спал на моей постели; ел за моим столом, моя мать ухаживала за ним, предупреждала каждое его желание, а вернулся в Москву — и сразу испарился, исчез… (3)Ни слова признательности!» (4)Думая так, ты не прав. (5)Я уже послал твоей матери три письма… 
 (6)Я поклонился её рукам, то лёгким и нежным (помнишь, как она врачевала мою обгоревшую под солнцем спину?), то ловким и быстрым (помнишь, как она взбивала пену в корыте, как полола грядки за домом?). (7)Я поклонился её голосу — то тихому, когда она боялась разбудить нас или помешать нашей шахматной игре, то звонкому, приветливому («А у меня уж и стол накрыт!»). (8)Её глазам, таким добрым, искусно скрывающим душевную тревогу и грусть. (9)Я поклонился её сердцу, которое любит весь мир, потому что ты, её единственный сын, живёшь в этом мире. 
 (10)Да я послал твоей матери три письма! (11)Я написал ей и за себя, и за тебя… (12)Ведь сам ты, кажется, почти никогда ей не пишешь. (13)В шкатулке, как самую большую драгоценность, хранит Анна Филипповна твоё единственное за весь год письмо: «Я забыл дома библиотечную книгу: она называется ‟Сага о Форсайтах”. (14)Лежит, кажется, в левом верхнем ящике. (15)Только не потеряй страницы — книга старая и вся рассыпается». (16)Вот и всё. (17)Помнишь, оправдываясь, ты сказал, что не умеешь и не любишь писать письма? (18)Однако же ты чуть не каждый день атаковывал посланиями Марину. (19)Она и читать, наверно, не успевала. (20)Значит, умеешь?.. (21)Сказал бы уж точней: «Не люблю писать матери». (22)Впрочем, ты ведь не только писать, ты и разговаривать-то с ней не очень любишь. 
 (23)Помнишь, когда ты кончил аспирантуру, твоя мать приехала в Москву? (24)И как раз была встреча Нового года. (25) Все сидели за столом, а она, накрывшая стол, устроившая всё это торжество, была на кухне. (26)Только в самый торжественный момент, в двенадцать часов, ты милостиво позвал её в комнату. (27)Ты стеснялся её. (28)И перед тем как позвать, долго предупреждал нас: «Всю жизнь прожила в деревне. (29)Сами понимаете…» (30)И виновато поглядывал на Марину. 
 (31)Сейчас ты никак не можешь понять, почему Марина перестала встречаться с тобой, почему не отвечала на твои письма. (32)А недавно, совсем на днях, она мне всё рассказала… 
 (33)Помнишь, тогда, после Нового года, кажется, дня через три, у твоей матери был тяжёлый сердечный приступ (думаю, переутомилась, готовя наше новогоднее торжество)? (34)И в тот же день вы с Мариной должны были пойти на концерт Рихтера. (35)Марина, стоя в коридоре, слышала, как ты на ходу крикнул матери: «Если будет очень плохо, постучи в стенку соседу. (36)Он дома!» (37)Марина ничего не поняла. (38)Только позже, в консерватории, ты ей всё объяснил. (39)И в этот же вечер ты потерял её навсегда. (40)Ты восторгался, с какой силой и с какой лёгкостью ударял по клавишам Рихтер, а она слышала другие удары, слабые и беспомощные… (41)Ей казалось, что вот сейчас, в эту самую минуту, стучит в стенку твоя мать, а сосед заснул и не слышит. 
 (42)И ещё хочу сказать: напрасно ты стесняешься сво- ей матери. (43)Сколько раз за это лето я часами беседовал с ней! 
 (44)И если бы ты знал, как хорошо, как тонко она всё чувствует и понимает! (45)Она каждый раз хвалила тебя — и больше всего за то, чего в тебе нет: за сыновнюю любовь, и заботу, и ласку. 
 (46)Может быть, ещё там, в Варенцах, нужно было решительней нападать на тебя, горячей спорить, доказывать. (47)Но пойми: есть вещи, о которых нельзя говорить громко. (48)Есть истины, которые трудно доказывать — так они ясны всякому, в ком есть человеческое сердце. (49)Трудно объяснять человеку, что он не должен разрушать стены дома, спасающего его от непогоды, что он не должен сжигать поле, которое принесёт ему хлеб, что он не должен убивать сердце, верней и преданней которого он не найдёт никогда и нигде на свете. 
 (50)Да, всё лето ты был гостеприимен и очень внимателен. (51)Но что это меняет? (52)Могу ли я ценить человека лишь за то, что он хорошо относится ко мне? (53)Разве это не будет с моей стороны отвратительным проявлением эгоизма? 
 (54)Вот я, кажется, и объяснил тебе причину своего охлаждения. 
 (55)Может быть, моё письмо убедит тебя в чём-нибудь, а может быть, нет. (56)Но я‑то, во всяком случае, буду по-прежнему писать твоей матери. 
 (57)Желаю тебе всего, чего желает Анна Филипповна. (58)Большего пожелать невозможно. (59)И вот странно: я зол на тебя, а хочу, чтобы сбылись все твои мечты, потому что это так обрадует добрую и милую старую женщину. 
 (60)И ещё помни, мой бывший друг, что матерью люди издавна называют свою Родину… 
 (По А. Алексину) 
 *Анатолий Георгиевич Алексин (1924-2017) - русский писатель и драматург, автор книг для детей и юношества. 
 
"
10,"Текст Амлинского В. 
 
 (по В.И. Амлинскому*) 
 *Владимир Ильич Амлинский (1935—1989) — советский писатель, журналист. Автор повестей и рассказов о жизни молодёжи. 
"
11,"Текст Амлинского В. 
 (1)Возвращаясь к своему детству, я вспоминаю маленькую, ныне уже не существующую библиотеку имени Достоевского, неподалёку от Чистых прудов.    (2)Заведующая этой библиотекой, не имевшая учительского диплома, была истинным педагогом по душевной, нравственной своей сути.  (3)Радистка, прошедшая войну, тяжело раненная под Кёнигсбергом, потерявшая в войну близких, знающая цену одиночеству людскому и горю, немногословная, угловатая...  (4)В ней было живое любопытство к нам, нескладным подросткам послевоенного времени,    «огольцам», топтавшимся по Чистым прудам, обменивавшим марки на трофейные немецкие ножички или пробки, роскошные альбомы с дрезденскими Венерами на зачитанный, без начала и конца драгоценный томик  «Графа Монте-Кристо». 
 (5)Дети дотелевизионной эпохи, мы были читателями книг.  
 (6)В тёмных сыроватых закутках библиотек жили наши герои   –  наши знаменитые капитаны.  (7)Часами простаивали мы у  «Колизея», чтобы посмотреть замечательный боевик того времени   –  фильм  «Два бойца».  
  (8)А она скликала нас в библиотеку, мы сидели в тёмном зальчике, и к нам приходил неведомый нам ещё тогда, непрочитанный, но завораживающий необычными, как бы с трудом, из глубины добытыми словами Андрей Платонов и другой писатель, которого мы знали в основном как друга Аркадия Гайдара,  –  Константин Паустовский.  (9)И слава его, и книги дошли до нас позже, а тогда мычитали, пожалуй, только маленькую повесть со странным названием  «Кара-Бугаз». 
  (10)О чём они говорили в те далёкие вечера, казавшиеся нам тогда обычными, само собой разумеющимися и видящиеся сегодня как сон, который ни вспомнить, ни забыть?  
 (11)Что они рассказывали? (12)Чему учили?  
 (13)А скорее всего, и не учили.  (14)А просто говорили о самых обыкновенных случаях из самой обыкновенной жизни, о том, что, может, не всегда было так уж и интересно нам, так как ничего чрезвычайного и сверхъестественного в этих рассказах не было.   (15)Никаких драк, приключений, выстрелов, погонь...   (16)Простая жизнь, человеческие отношения, человеческие судьбы, но что-то западало навсегда, как зерно, брошенное в благодатную землю, и прорастало много позже, и обретало бескрайнюю, бесконечную уже теперь жизнь.  
 (17)«Случайно на ноже карманном найти пылинку дальних стран»,  –  глуховато читал Паустовский, и мир, ещё не оттаявший и полуразрушенный, просыпался в цветном тумане обещанием будущего.  
 (18)Как важно, чтобы была на пути такая вот библиотека имени Достоевского или другое учреждение, где работают взрослые, которые постараются понять тебя и принять не только благополучного, успевающего, чистенького, но и блуждающего впотьмах, ищущего, туманно представляющего, что тебе в жизни надо.   (19)Такие люди оставляют в формирующейся юношеской душе след навсегда.  
 (По В. Амлинскому)   
 Информация о тексте 
 
"
12,"Текст Амлинского В. 
 -(1)Я часто думаю сегодня, уже как бы с высоты возраста, о людях, с которыми встречался, - рассказывал Эрнст Шаталов. – (2)Есть люди, которые приходят ко мне, пишут мне поздравительные открытки, делают вид, что я такой же, как и все, и что всё будет в порядке, или не делают вид, а просто тянутся ко мне, может, верят в чудо, в моё выздоровление. (3)В них есть сострадание. (4)Чужая болезнь их тоже малость точит – одних больше, других меньше. (5)Но немало таких, которые презирают чужую болезнь, они не решаются вслух сказать, а думают: ну зачем он ещё живёт, зачем он ползает! (6)Так во многих медицинских учреждениях относятся к «хроникам», так называемым хроническим больным.  
 (7)Бедные здоровые люди, они не понимают, что весь покой и здоровье их условны, что одно мгновение, одна беда – и всё перевернулось, и они сами уже вынуждены ждать помощи и просить о сострадании.  
 (8)Не желаю я им этого.  
 (9)Вот с такими я жил бок о бок несколько лет. (10)Сейчас я вспоминаю об этом, как о страшном сне. (11)Это были мои соседи по квартире. (12)Мать, отец, дочки. (13)Вроде бы люди как люди.(14) Работали исправно, семья у них была дружная, своих в обиду не дадут. (15)И вообще всё как полагается: ни пьянства, ни измен, здоровый быт, здоровые отношения и любовь к песне. (16)Как придут домой – радио на всю катушку, слушают музыку, последние известия, обсуждают международные события. (17)Аккуратные до удивления люди. (18)Не любят, не терпят беспорядка. (19)Откуда взял, туда и положи! (20)Вещи места знают. (21)Полы натёрты, всё блестит, свет в общественных местах погашен. (22)Копейка рубль бережёт. (23)А тут я. (24)И у меня костыли. (25)И я не летаю, а тихо хожу. (26)Ковыляю по паркету. (27)А паркет от костылей   портится…  
 (28)Тут и начался наш с ними духовный разлад, пропасть и непонимание. (29)Сейчас всё это шуточки, а была настоящая война, холодная, со вспышками и нападениями. (30)Нужно было иметь железные нервы, чтобы под их враждебными взглядами ковылять в ванную и там гнуть позвоночник, вытирать пол, потому что мокрый пол – это нарушение норм общественного поведения, это атака на самые устои коммунальной жизни.  
 (31)И начиналось: если вы больные, так и живите отдельно. (32)Что я ответить могу? (33)Я бы и рад отдельно, я прошу об этом, да не дают. (34)Больным не место в нашей здоровой жизни. (35)Так решили эти люди и начали против меня осаду, эмбарго и блокаду. (36)И хуже всего им было то, что я не откликался, не лез в баталии, не давая им радости   словесной потасовки. (37)Я научился искусству молчания. (38)Клянусь, мне иногда хотелось взять хороший новенький автомат… (39)Но это так… в кошмарных видениях.  
 (40)Автомат я бы не взял, даже если бы мы с ними оказались на необитаемом острове. (41) К тому времени я научился уже понимать цену жизни, даже их скверной жизни. (42)Итак, я молчал. (43)Я пытался быть выше и от постоянных попыток таким и стал. (44)А потом мне становилось порой так плохо, что всё это уже не волновало меня. (45)Меня не волновали их категории, я мыслил другими, и только когда я откатывался от бездны, я вспоминал о своих коммунальных врагах.  
 (46)Всё больше доставлял я им хлопот, всё громче стучал своими костылями, всё труднее мне становилось вытирать полы, не проливать воду, и всё нестерпимее становилась обстановка в этой странной обители, соединившей самых разных, совершенно не нужных друг другу людей, что называется коммунальной квартирой.  
 (47)И я в один прекрасный момент понял совершенно отчётливо, что может быть самое главное мужество человека в том, чтобы преодолеть вот такую мелкую трясину, выбраться из бытовых гнусностей, не поддаться соблазну мелочной расплаты, карликовой войны, копеечного отчаяния.  
 (48)Потому что мелочи такого рода с огромной силой разъедают множество людей, не выработавших себе иммунитет к этому. (49)И вот эти люди всерьёз лезут в дрязги, в дурацкую борьбу, опустошаются, тратят нервы, уже не могут остановиться.  (50)Когда они постареют, они поймут всю несущественность этой возни, но будет уже поздно, уже слишком много сил отдано мышиной возне, так много зла скопилось внутри, так много страстей потрачено, которые могли бы питать что-то важное, которые должны были двигать человека вперёд.  
 (По В. И. Амлинскому*) 
 *Владимир Ильич Амлинский (1935-1989) – русский советский писатель, публицист.  
"
13,"Текст Ананьева А. 
 (1)Хотя лейтенанта Володина тошнило и голова его была как свинцом налита, хотя он чувствовал страшную слабость, у него подкашивались ноги
и руки были словно чужие, он шёл сейчас к своему взводу, к селу, к позициям, где ещё гремел бой. (2)Шёл, чтобы выполнить солдатский долг. 
 (3)За пылью, поднятой артиллерийскими снарядами, были едва видны крайние соломкинские избы. (4)Разрывы метались по полю, вспыхивали справа и слева вдоль шоссе, и между разрывами, лавируя, пробивались два «виллиса». (5)Наконец «виллисы» вышли из-под обстрела и неожиданно оказались так близко, что он отчётливо увидел даже лица сидевших за ветровым стеклом. 
 (6)Он сразу узнал генерал-лейтенанта, члена Военного совета Воронежского фронта, который вчера вместе с командующим осматривал оборонительные сооружения в Соломках. (7)Володин спохватился, хотел было отойти на обочину, но было уже поздно, передний «виллис», скрипнув тормозами, остановился прямо напротив него. 
 – (8)Ранены? – спросил генерал, не дожидаясь, пока Володин, как положено по уставу, отрапортует, кто он, почему стоит на шоссе, что делал и что собирается делать. 
 – (9)Нет, товарищ генерал, – смущённо ответил Володин, заметив, как генерал пристально разглядывает его лицо и одежду, и подумал: «Сейчас влетит!» 
 (10)Но член Военного совета фронта неожиданно повернулся к сидевшему позади полковнику и сказал:
– Это же тот самый лейтенант... 
 – (11)От пулемётных гнёзд? 
 – (12)Ну... 
 (13)Генерал и сидевший позади него полковник знали многие подробности соломкинского боя, знали и о Володине, как он был послан к пулемётным гнёздам, как попал под танк и как солдат, рискуя жизнью, спас его, своего командира. 
 – (14)Туда? 
 – (15)Да, в роту, товарищ генерал! 
 – (16)Отпустили? (17)Выписали? 
 – (18)Сам ушёл, – добавил Володин и подумал, что лежать под бомбами куда легче, чем стоять перед генералом. 
 (19)Хотя он и волновался, он всё же был доволен, что сказал правду. (20)Лейтенант не чувствовал за собой никакой вины ни в том, что с ним случилось на передовой, ни в том, что решился вернуться из санитарной роты в траншею. 
 (21)Генерал вовсе не собирался отправлять его назад, в санитарную роту, хотя видел, что тот как раз именно в этом нуждается. (22)Бледное, измождённое лицо, впалые щёки, гимнастёрка, выпачканная в саже и копоти, оторванная портупея, весь вид совсем юного, стоявшего по стойке «смирно» командира взвода – всё это вызывало у генерала иные мысли. (23)Он думал о том, сколько должно быть воли в человеке, если он вот так, испытав страх
и ужас, не только не пал духом, но стал ещё крепче и сильнее. 
 (24)Генерал ещё раз взглянул в упрямое лицо Володина. (25)Он понял: сейчас не нужно ни одобрительных слов, ни похвал. (26)Генерал просто протянул руку и сказал:
– Желаю удачи, лейтенант! (27)Боевой удачи! 
 (28)«Виллисы» уже скрылись за поворотом, а Володин ещё в раздумье стоял на шоссе. (29)Было в этой случайной минутной встрече что-то очень важное для него, чего он не мог понять сразу. 
 (30)То важное, чего он не смог понять тогда, стоя на шоссе, неожиданно откроется ему в одной несложной фразе, которую Володин услышит от члена Военного совета фронта, когда встретит его семь дней спустя в освобождённой Рындинке, на ещё дымящейся от боя окраине: «Мы – русские солдаты!» (31)Может быть, потому, что слово «солдат» в таком сочетании поднималось над всеми воинскими званиями, даже над генеральским, даже над маршальским чином, а слово «русский» связывало с историей России, с лучшими её страницами: Бородинским сражением, Севастопольской эпопеей. (32)Но, может быть, потому, что Володин сам ощущал всё это и только не мог выразить свои чувства одной фразой, теперь, услышав эту фразу, он вдруг понял, насколько проста, насколько очевидна истина, и с гордостью мысленно повторил её: «Мы – русские солдаты!» 
  (По А. А. Ананьеву*) 
 * Анатолий Андреевич Ананьев (1925–2001) – русский советский прозаик.  
"
14,"Текст Андреева Л. 
 (1)Я сидел в ванне с горячей водой, а брат беспокойно вертелся по маленькой комнате, хватая в руки мыло, простыню, близко поднося их к близоруким глазам и снова кладя обратно. (2)Потом стал лицом к стене и горячо продолжал: 
 - (3)Сам посуди. (4)Нас учили добру, уму, логике - давали сознание.  (5)Главное - сознание. (6)Можно стать безжалостным, привыкнуть к слезам, но как возможно, познавши истину, отбросить её? (7)С детства меня учили не мучить животных, быть жалостливым. (8)Тому же учили меня книги, какие я прочёл, и мне мучительно жаль тех, кто страдает на вашей проклятой войне. (9)Но вот проходит время, и я начинаю привыкать ко всем страданиям, я чувствую, что и в обыденной жизни я менее чувствителен, менее отзывчив и отвечаю только на самые сильные возбуждения. (10)Но к самому факту войны я не могу привыкнуть, мой ум отказывается понять и объяснить то, что в основе своей безумно. (11)Миллионы людей, собравшись в одно место и стараясь придать правильность своим действиям, убивают друг друга, и всем одинаково больно, и все одинаково несчастны - что же это такое, ведь это сумасшествие?  
 (12)Брат обернулся и вопросительно уставился на меня своими близорукими глазами. 
 -(13)Я скажу тебе правду. - (14)Брат доверчиво положил холодную руку на моё плечо. - (15)Я не могу понять, что это такое происходит. (16)Я не могу понять, и это ужасно. (17)Если бы кто-нибудь мог объяснить мне, но никто не может. (18)Ты был на войне, ты видел - объясни мне. 
 - (19)Какой ты, брат, чудак! (20)Пусти-ка ещё горячей водицы. 
 - (21)Мне так хорошо было сидеть в ванне, как прежде, и слушать знакомый голос, не вдумываясь в слова, и видеть всё знакомое, простое, обыкновенное: медный, слегка позеленевший кран, стены со знакомым рисунком, принадлежности к фотографии, в порядке разложенные на полках. (22)Я снова буду заниматься фотографией, снимать простые и тихие виды и сына: как он ходит, как он смеётся и шалит. (23)И снова буду писать - об умных книгах, о новых успехах человеческой мысли, о красоте и мире. (24)А то, что он сказал, было участью всех тех. кто в безумии своём становится близок безумию войны. (25)Я как будто забыл в этот момент, плескаясь в горячей воде, всё то, что я видел там. 
 - (26)Мне надо вылезать из ванны, - легкомысленно сказал я, и брат улыбнулся мне, как ребёнку, как младшему, хотя я был на три года старше его, и задумался - как взрослый, как старик, у которого большие и тяжёлые мысли. 
 (27)Брат позвал слугу, и вдвоём они вынули меня и одели. (28)Потом я пил душистый чай из моего стакана и думал, что жить можно и без ног, а потом меня отвезли в кабинет к моему столу, и я приготовился работать. (29)Моя радость была так велика, наслаждение так глубоко, что я не решался начать чтение и только перебирал книги, нежно лаская их рукою.  (30)Как много во всём этом ума и чувства красоты!  
  (По Л. Андрееву*) 
 *Андреев Леонид Николаевич (1871–1919) – прозаик, драматург, публицист, представитель Серебряного века русской литературы. 
 
"
15,"Текст Андреева Л. 
  (1)Из самовара пар валил, как из паровоза, — даже стекло в лампе немного затуманилось: так сильно шёл пар. (2)И чашечки были те же, синие снаружи и белые внутри, очень красивые чашечки, которые подарили нам ещё на свадьбе. (З)Сестра жены подарила — она очень славная и добрая женщина. 
  — (4)Неужели все уцелели? — недоверчиво спросил я, мешая сахар в стакане серебряной чистой ложечкой. 
  — (5)Одна разбилась, — ответила жена рассеянно: она в это время держала отвёрнутым кран, и оттуда красиво и легко бежала горячая вода. 
  (6)Я засмеялся. 
  —  (7)Чего ты? — спросил брат. 
  —(8)Так. (9)Ну, отвезите-ка меня ещё разок в кабинетик. (10)Потрудитесь для героя! (11)Побездельничали без меня, теперь баста, я вас подтяну, — и я в шутку, конечно, запел: «Мы храбро на врагов, на бой, друзья, спешим...» 
  (12)Они поняли шутку и тоже улыбнулись, только жена не подняла лица: она перетирала чашечки чистым вышитым полотенцем. (13)В кабинете я снова увидел голубенькие обои, лампу с зелёным колпаком и столик, на котором стоял графин с водою. (14)И он был немного запылён. 
  —(15)Налейте-ка мне водицы отсюда, — весело приказал я. 
  —(16)Ты же сейчас пил чай. 
 — (17)Ничего, ничего, налейте. (18)А ты, — сказал я жене, — возьми сынишку и посиди немножко в той комнате. (19)Пожалуйста. 
  (20)И маленькими глотками, наслаждаясь, я пил воду, а в соседней комнате сидели жена и сын, и я их не видел. 
  — (21)Так, хорошо. (22)Теперь идите сюда. (23)Но отчего он так поздно не ложится спать? 
  — (24)Он рад, что ты вернулся. (25)Милый, пойди к отцу. 
  (26)Но ребёнок заплакал и спрятался у матери в ногах. 
  — (27)Отчего он плачет? — с недоумением спросил я и оглянулся кругом. — (28)Отчего вы все так бледны, и молчите, и ходите за мною, как тени? 
 
  (30)   И сестра повторила: 
  — (31)Мы всё время разговариваем. 
  — (32)Я похлопочу об ужине, — сказала мать и торопливо вышла. 
  — (33)Да, вы молчите, — с неожиданной уверенностью повторил я. —   (34)   С самого утра я не слышу от вас слова, я только один болтаю, смеюсь, радуюсь.   (35)   Разве вы не рады мне? (36)И почему вы все избегаете смотреть на меня, разве я так переменился? (37)Да, так переменился. (38)Я и зеркал не вижу. (39)Вы их убрали? (40)Дайте сюда зеркало. 
 
 
 — (47)Поблагодари и за то, что голова осталась, — равнодушно ответил я. — (48)Но куда они все убегают: то одна, то другая. (49)Повози-ка меня ещё по комнатам. (50)Какое удобное кресло, совершенно бесшумное. (51)Сколько заплатили? (52)А я уж не пожалею денег: куплю себе такие ноги, лучше... (53)Велосипед! 
  (54)Он висел на стене, совсем ещё новый, только с опавшими без воздуха шинами. (55)На шине заднего колеса присох кусочек грязи — от последнего раза, когда я катался. (56)Брат молчал и не двигал кресла, и я понял это молчание и эту нерешительность. 
  — (57)В нашем полку только четыре офицера осталось в живых, — угрюмо сказал я. — (58)Я очень счастлив... (59)А его возьми себе, завтра возьми. 
  —  (60)Хорошо, я возьму, — покорно согласился брат. — (61)Да, ты счастлив. (62)У нас полгорода в трауре. (63)А ноги — это, право... 
  — (64)Конечно. (65)Я не почтальон. 
  (66)Брат внезапно остановился и спросил:
—      А отчего у тебя трясётся голова? 
  — (67)Пустяки. (68)Это пройдёт, доктор сказал! 
  —(69)И руки тоже? 
  — (70)Да, да. (71)И руки. (72)Всё пройдет. (73)Вези, пожалуйста, мне надоело стоять. 
  (74)Они расстроили меня, эти недовольные люди, но радость снова вернулась ко мне, когда мне стеши приготовлять постель — настоящую постель, на красивой кровати, на кровати, которую я купил перед свадьбой, четыре года тому назад. (75)Постлали чистую простыню, потом взбили подушки, завернули одеяло — а я смотрел на эту торжественную церемонию, и в глазах у меня стояли слёзы от смеха. 
  — (76)А теперь раздень-ка меня и положи, — сказал я жене. — (77)Как хорошо! 
  — (78)Сейчас, милый. 
  — (79)Поскорее! 
  — (80)Сейчас, милый. 
  — (81)Да что же ты? 
  — (82)Сейчас, милый. 
 
  —(86)Какой ты был! (87)Ведь тебе только тридцать лет. (88)Молодой, красивый был. (89)Что же это! (90)Как жестоки люди. (91)3ачем это? (92)Кому это нужно было? (93)Ты, мой кроткий, мой жалкий, мой милый, милый... 
 
  (97)А мать ползала у кресла и уже не кричала, а хрипела только и билась головой о колёса. (98)И чистенькая, со взбитыми подушками, с завёрнутым одеялом, стояла кровать, та самая, которую я купил четыре года назад — перед свадьбой... 
 (По Л. Н. Андрееву*) 
 
"
16,"Текст Аракчеева Ю. 
 (1)Однажды я прочитал удивительную книгу. (2)В ней рассказывалось, как мальчик и девочка, Карик и Валя, забрались в лабораторию знакомого профессора и выпили какую-то вкусную розовую жидкость, которая пахла персиками. (З)Потом мальчик и девочка сели на подоконник, болтая ногами, и тут... (4)Всё вокруг них начало неудержимо расти, а сами Карик и Валя стали такими маленькими, что запросто уместились на спине стрекозы, которая как раз опустилась на подоконник. (5)Стрекоза унесла их в дремучие заросли на берегу ручья. (6)И началось путешествие двух человечков в зелёной стране, населённой удивительными «зверями» — муравьями, осами, бабочками, жуками. (7)Книга называлась «Приключения Карика и Вали». (8)Написал её прекрасный писатель Ян Ларри. 
 (9)Помню потом свои увлекательные мысленные странствия где-нибудь на лесной поляне. (10)Я лежал на животе прямо в чаще зелёных трав — травинки кололись, муравьи забирались под майку, отчаянно щекотали, кусали, в носу свербило от острого аромата цветов, трав, земли, а пылкое моё воображение следовало за каким-нибудь муравьём по узкой тропке среди толстенных травяных стволов, похожих на тропический бамбук. 
 (11)Я карабкался по толстым изогнутым лианам стеблей, пытаясь добраться до соблазнительных этих плодов, повисал на прохладных розоватых лопастях чашелистиков и наконец погружался в восхитительную, пахучую мякоть ягод, пачкаясь в алом липком соке... 
 (12)Потом, омывшись каплей росы, вскакивал на спину жука-жужелицы и, держась за острые края его ребристого, мутно блестящего панциря, мчался по неизвестным дорогам дремучих джунглей быстрее самого быстрого автомобиля... 
 (13)Я жил в дебрях какого-нибудь куста или в цветке, как Дюймовочка, летал на спине приручённой стрекозы над бескрайним океаном трав, как Карик и Валя... 
 (14)Ах, как жаль, что всё это только в воображении, как жаль! (15)«Счастливая, невозвратимая пора — детство!» (16)Почему так быстро проходит оно? (17)Почему сами мы так легко и как будто даже охотно расстаёмся с ним? (18)3ачем? (19)Разве детская восторженность, внимательность, живость помешали бы нам заниматься «взрослыми» своими делами? (20)Не детской ли восторженностью, внимательностью, умением видеть и удивляться отличались многие величайшие учёные, писатели, художники, путешественники? (21)Они были выше удручающей, однообразной рутины так называемой взрослой жизни — это и помогло им совершать открытия, создавать художественные произведения, отправляться на исследования новых земель. (22) Стремление к сугубой материальности, беспрестанная оценка всего на свете с точки зрения утилитарной, сиюминутной, сплошь да рядом лишь экономической пользы не привели ли иных из нас к самой, может быть, страшной болезни двадцатого века — вещизму? (23)Вещизму со всеми вытекающими из этого печального явления последствиями: холодностью в отношениях друг с другом, неискренностью, бесчувствием, эгоизмом, забвением той необходимой истины, что люди всё- таки братья, что человек часть природы и что обращаться нам друг с другом, да и с природой, необходимо по-человечески... 
 (По Ю. Аракчееву*) 
 *Юрий Сергеевич Аракчеев (род. в 1939 г.) член Союза писателей и Союза фотохудожников России. Его статьи, рассказы, очерки и фотографии публиковались во многих газетах, журналах, книгах. Самыми известными из них являются: «Луна над пустыней», «Джунгли во дворе», «В Стране Синих Махаонов», «Путешествие в удивительный мир». Ю. Аракчеев является также автором около десятка книжек для самых маленьких в издательстве
«Малыш»: «Часы», «Чудеса из глины», «Синеокая Ока» и др. 
 
"
17,"Текст Арсеньева В. 
 (1)Путешествие по тайге всегда довольно однообразно. (2)Сегодня – лес, завтра – лес, послезавтра – опять лес. (3)Ручьи, которые приходится переходить вброд, заросшие кустами, заваленные камнями, с чистой прозрачной водой, сухостой, валежник, покрытый мхом, папоротники удивительно похожи друг на друга. (4)Вследствие того что деревья постоянно приходится видеть близко перед собой, глаз утомляется и ищет простора. (5)Чувствуется какая-то неловкость в зрении, является непреодолимое желание смотреть вдаль.  
 (6)Иногда среди тёмного леса вдруг появляется просвет. (7)Неопытный путник стремится туда и попадает в бурелом. (8)Просвет в лесу в большинстве случаев означает болото или место пожарища, ветролома. (9)Не всегда бурелом можно обойти стороной.  
 (10)Если поваленные деревья невелики, их перерубают топорами, если же дорогу преграждает большое дерево, его стёсывают с боков и сверху, чтобы дать возможность перешагнуть лошадям. (11)Всё это задерживает вьюки, и потому движение с конями по тайге всегда очень медленно. 
 (12)Если идти по лесу без работы, то путешествие скоро надоедает. (13)Странствовать по тайге можно только при условии, если целый день занят работой. (14)Тогда не замечаешь, как летит время, забываешь невзгоды и миришься с лишениями.  
 (15)Я заметил, что бурундук постоянно возвращается к одному и тому же месту и каждый раз что-то уносит с собой. (16)Когда он уходил, его защёчные мешки были туго набиты, когда же он появлялся снова на поверхности земли, рот его был пустой. (17)Меня эта картина очень заинтересовала. (18)Я подошёл ближе и стал наблюдать. (19)На колоднике лежали сухие грибки, корешки и орехи. (20)Так как ни грибов, ни кедровых орехов в лесу ещё не было, то, очевидно, бурундук вытащил их из своей норки. (21)Но зачем? (22)Тогда я вспомнил рассказы Дерсу о том, что бурундук делает большие запасы продовольствия, которых ему хватает иногда на два года. (23)Чтобы продукты не испортились, он время от времени выносит их наружу и сушит, а к вечеру уносит обратно в свою норку. 
 (24)Первобытные девственные леса в большей части страны выгорели, и на смену им появились леса, состоящие из лиственницы, березы и осины. (25)Там, где раньше ревел тигр, ныне свистит паровоз, где были редкие жилища одиноких звероловов, появились большие русские селения, туземцы отошли на север, и количество зверя в тайге сильно уменьшилось.  
 (26)Край начал утрачивать свою оригинальность и претерпевать то превращение, которое неизбежно несет за собой цивилизация.   
 (по В. Арсеньеву*)  
 *Владимир Клавдиевич Арсеньев (1872-1930) - русский писатель, путешественник, географ, этнограф. 
"
18,"Текст Астафьева В. 
 (1)Сперва договоримся о том, что каждый человек неповторим на земле, я убежден, что и каждая травинка, цветок, дерево, пусть они и одного цвета, одной породы — так же неповторимы, как и все растущее, живущее вокруг нас. 
 (2)Следовательно, все живое, в особенности человек, имеет свой характер, который, конечно, развивается не только сам по себе, но прежде всего под влиянием среды, родителей, школы, общества и друзей, ибо настоящая дружба — награда человеку редкая и драгоценная. (3)Такая дружба порой бывает крепче и вернее родственных связей и влияет на человеческие отношения куда сильнее, чем коллектив, в особенности при крайних, бедственных обстоятельствах. (4)С поля боя, рискуя своей жизнью, выносят бойца только настоящие друзья. (5)Есть ли у меня такие друзья? (6)Да, они были на войне, есть и в нынешней жизни, и я очень стараюсь за предан¬ность платить преданностью, за любовь — любовью. (7)Каждую свою книгу, каждую строку и каждый поступок свой я просматриваю и прочитываю глазами своих друзей, в особенности фронтовых, чтобы не было стыдно перед ними за плохо, нечестно или неряшливо сделанную работу, за ложь, за непорядочность. 
 (8)Добрых людей на свете было, есть и, надеюсь, будет всегда больше, чем плохих и злых, иначе в мире наступила бы дисгармония, он перекосился бы, как нагруженный балластом или мусором на один борт корабль, и давно бы опрокинулся и затонул... 
 (В. Астафьев)  
 Информация о тексте 
 
"
19,"Текст Астафьева В. 
 (1)Это было давно, лет сорок назад. (2) Ранней осенью я возвращался  с рыбалки по скошенному лугу и у небольшой ямки, поросшей тальником, увидел птицу. (3) Она услышала меня, испугалась и вдруг бросилась бежать, неуклюже заваливаясь набок. 
 (4) От мальчишки, как от гончей собаки, не надо убегать. (5) Непременно бросится он в погоню, разожжется  в нем дикий азарт. (6) Берегись тогда, живая душа. (7) Я и догнал птицу и, слепой от охотничьей страсти, захлестал ее сырым удилищем. 
 (8) Я взял в руку птицу с завядшим, вроде бы бескостным тельцем. (9) Глаза ее были прищемлены мертвыми, бесцветными веками, шейка, будто прихваченный морозом лист, болталась. 
 (10) Я узнал птицу. (11) Это был коростель, дергач по- нашему. (12) Все его друзья дергачи отправились в теплые места зимовать, а этот уйти не смог. (13) У него не было одной лапки – в сенокос он попал под косу. (14) Вот потому – то он и бежал от меня так неуклюже, потому я и догнал его. 
 (15) Худое, почти невесомое тельце птицы вызвало во мне такую жалость, что я стал руками выгребать ямку в борозде и хоронить так просто, сдуру загубленную птицу… 
 (16) Много уже лет я живу и всякого навидался. (17) Был на войне, в людей стрелял, и они в меня стреляли. (18) Но отчего, почему, как заслышу я скрип коростеля за речкой, дрогнет мое сердце и снова навалится на меня одно застарелое мучение: зачем я убил коростеля, зачем?     
				  (По В.П. Астафьеву) 
"
20,"Текст Астафьева В. 
 (1) Рассказать о тех, кто снимает шапки с чужих голов? (2) Кто портит телефоны-автоматы? (3) Кто разрушает автобусные остановки просто так, с тоски и от буйства сил? (4) Кто стонет и визжит во время сеанса в кинотеатре, выражая свое эстетическое чувство? (5) Кто врубает на всю ночь проигрыватели, чтобы повеселить соседей? (6) Кто... 
 (7) Но пакостников по сравнению с порядочными людьми все же не так много. (8) Откуда же такое чувство, что мы порой опутаны ими? (9) Не оттого ли, что мы примирились с ними, опустили руки? (10) Владимир Даль, опять же он, батюшка, давно и во все времена дающий нам точные ответы, называет пакость скверной, мерзостью, гадостью, злоумышлением, да еще дьявольским, и советует: «Всякую пакость к себе примени... На пакость всякого станет...» 
 (11)   Пакость   чаще   всего   творится   скрытно.(12)Если бы ее «засветили», если бы видно сдела¬лось, она, быть может, и прекратилась, ибо пакость, хотя и не всегда любит и часто не приемлет зрителя, все же иногда и при зрителе происходит и для него делается. (13) Если бы пакостить негде было, не рыхлилась бы для нее почва, нечем бы стало ей прикрываться, пришлось бы нам кончать с очень многими дурными наклонностями. 
 (14) Пакость многообразна, границы ее бывают размыты житейским морем или сомкнуты с некими нагромождениями, разломами. (15) Пакость может быть незаметной, но безвредной никогда не была и не будет. 
 (16) Ох, сколько мы слов извели, сколько негодования высказали, сердце изорвали, нервы извели, вывесок больше всех грамотных народов написали, и все с приставкой «не»: «не курить!», «не бросать», «не переходить», «не шуметь», «не распивать». (17) И что же, пакостник унялся? (18) Притормозил? (19) Засовестился? (20) Тут лишь одно средство возможно, оно, это верное средство, мудрым батюшкой Крыловым подсказано более ста лет назад: «Власть употребить!» 
 (21) И силу, добавлю я, всеобщую, народную!   (В. Астафьев) 
"
21,"Текст Астафьева В. 
 (1)На задворках нашего села стояло на сваях длинное помещение из досок. (2)Я первый раз в жизни здесь услышал музыку — скрипку. (3)На ней играл Вася-поляк. (4)О чём же рассказывала мне музыка? (5)О чём-то очень большом, (6)На что же это жаловалась она, на кого гневалась? (7)Тревожно и горько мне, (8)Хочется заплакать, оттого что мне жалко самого себя, жалко тех, что спят непробудным сном на кладбище! 
 (9)Вася, не переставая играть, говорил: «(10)Эту музыку написал человек, которого лишили самого дорогого. (11)Если у человека нет матери, нет отца, но есть родина, он ещё не сирота. (12)Всё проходит: любовь, сожаление о ней, горечь утрат, даже боль от ран, — но никогда не проходит и не гаснет тоска по родине. (13)Эту музыку написал мой земляк Огинский. (14)Написал на границе, прощаясь с родиной. (15)Он посылал ей последний привет. (16)Давно уже нет композитора на свете, но боль его, тоска его, любовь к родной земле, которую никто не может отнять, жива до сих пор». 
 (17)«Спасибо вам, дяденька», — прошептал я. (18)«3а что, мальчик?» -(19)«3а то, что я не сирота». (20)Восторженными слезами благодарил я Васю, этот мир ночной, спящее село, а также спящий за ним лес. (21)В эти минуты не было для меня зла. (22)Мир был добр и одинок так же, как я. (23)Во мне звучала музыка о неистребимой любви к родине. (24)А Енисей, не спящий даже ночью, молчаливое село за моей спиной, кузнечик, из последних сил работающий наперекор осени в крапиве, вроде он один во всём мире, трава, отлитая как будто из металла,— это и была моя родина. 
 (25)...Прошло много лет. (26)И вот однажды в конце войны я стоял возле пушек в разрушенном польском городе. (27)Кругом пахло гарью, пылью. (28)1 вдруг в доме, стоящем через улицу от меня, раздались звуки органа. (29)Эта музыка разбередила воспоминания. (30)Когда-то мне хотелось умереть от непонятной печали и восторга после того, как я послушал полонез Огинского, (31)Но теперь та же музыка, которую я слушал в детстве, преломилась во мне и закаменела, особенно та её часть, от которой я плакал когда-то. (32)Музыка так же, как и в ту далёкую ночь, хватала за горло, но не выжимала слёз, не прорастала жалостью. (33)Она звала куда-то, заставляла что-нибудь делать, чтобы потухли эти пожары, чтобы люди не ютились в горящих развалинах, чтобы небо не подбрасывало взрывами. (34)Музыка властвовала над оцепеневшим от горя городом, та самая музыка, которую, как вздох своей земли, хранил в сердце человек, никогда не видавший родины и всю жизнь тосковавший о ней.  
 (По В. Астафьеву) 
 
"
22,"Текст Астафьева В. 
 Загулял наш конюх. Поехал в райцентр вставлять зубы и по случаю завершения такого важнейшего дела загулял. Рейсовый автобус ушёл, и он остался ночевать у свояка. 
 Кони (их было семеро -- два мерина, две кобылы и трое жеребят) долго бродили по лугу, и когда я шёл от реки с удочками, вскинули головы и долго смотрели мне вслед, думая, что, может, я вернусь и загоню их в стойла конюшни, но не дождавшись никого, сами явились в деревню, ходили от дома к дому, и я решил, что они уснут на лугах или прижавшись к стене конюшни,нагретой солнцем со дня. 
 Поздней ночью я проснулся, пошёл на кухню попить квасу. Что-то остановило меня, заставило глянуть в окно. 
 Густой-прегустой туман окутал деревню, далее которой вовсе ничего не было видно, и в этой туманной пелене темнели недвижные, как бы из камня
вытесанные, силуэты лошадей. Мерины и кобылы стояли, обнявшись шеями, а в серёдке, меж их теплых боков, опустив головёнки, хвосты и жёлтенькие, ещё
коротенькие гривы, стояли и спали тонконогие жеребята. 
 Я тихо приоткрыл окно, в створку хлынула прохлада, за поскотиной, совсем близко, бегал и крякал коростель; в ложку и за рекой Кубеной пели соловьи, и какой-то незнакомый звук, какое-то хрюканье, утробное и мерное, доносилось ещё. Не сразу, но я догадался, что это хрипит у самого старого, надсаженного мерина в сонно распустившемся нутре. 
 Время от времени храп прекращался, мерин приоткрывал чуть смеженные глаза, переступал с ноги на ногу, настороженно вслушиваясь - не разбудил ли
кого, не потревожил ли, - ещё плотнее вдавливал свой бугристо вздутый живот в табунок и, сгрудив жеребяток, успокаивался, по-человечьи протяжно вздыхал и снова погружался в сон. 
 Другие лошади, сколь я ни смотрел на них, ни разу не потревожились, не пробудились и только плотнее и плотнее жались друг к дружке, обнимались
шеями, грели жеребят, зная, что раз в табуне есть старшой, он и возьмет на себя главную заботу -  сторожить их, спать вполусон, следить за порядком.
Коли потребуется, он и разбудит вcex, поведет куда надо. А ведь давно не мужик и не муж этим кобылам старый заезженный мерин, давно его облегчили
люди и как будто избавили от надобностей природы, обрекли на уединенную, бирючью жизнь. Но вот поди ж ты, нет жеребцов в табуне - и старый мерин,
блюдя какой-то там неведомый закон или зов природы, взял на себя семейные и отцовские заботы. 
 Всё гуще и плотнее делался туман. Лошади проступали из него -- которая головой, которая крупом. Домов совсем не видно стало, только кипы дерев в
палисаднике, за травянистой улицей, еще темнели какое-то время, но и они скоро огрузли в серую густую глубь ночи, в гущу туманов, веющих наутренней,
прохладной и промозглой сонной сырью. 
 И чем ближе было утро, чем беспросветной становилось в природе от туманов, тем звонче нащёлкивали соловьи. К Кубене удрал коростель, пытался
перескрипеть заречного соперника, и все так же недвижно и величественно стояли спящие кони под моим окном. Пришли они сюда оттого, что я долго сидел
за столом, горел у меня свет, и лошади надеялись, что оттуда, из светлой избы, непременно вспомнят о них, выйдут, запрут в уютной и покойной конюшне,
да так и не дождались никого, так их тут, возле нашего палисадника, сном и сморило. 
 И думал я, глядя на этот маленький, по недосмотру заготовителей, точнее любовью конюха сохраненный и все еще работающий табунок деревенских лошадок, что, сколько бы машин ни перевидал, сколько бы чудес ни изведал, вот эта древняя картина: лошадь среди спящего села, недвижные леса вокруг, мокро поникшие на лугах цветы бледной купавы, потаенной череды, мохнатого и ядовитого гравилатника, кусты, травы, доцветающие рябины, отбелевшие черёмухи, отяжелённые мокром, -- все это древнее, вечное для меня и во мне нетленно. 
 (В. Астафьев) 
"
23,"Текст Астафьева В. 
 (1)Пушкин всё же человек «легкий». (2)Он, как воздух, которым дышишь, проникает во все сферы русской жизни и является живее всех живых. 
 (3)Будучи однажды в Михайловском ранней весной, во время вешнего разлива, когда цапли, только что прилетевшие в здешний лес, ремонтировали гнезда, я все время ощущал присутствие Пушкина. 
 (4)Мне порой кажется, что я даже слышу его голос – юношески-звонкий, чистый, с убыстряющейся фразой так, что в конце он от нетерпения и напора внутренней энергии сглатывает слова, вечно гонимый мыслью, стихией кипящего внутри его слова и звука, подобного никогда не остывающей, все в нем сжигающей лаве. 
 (5)Я думаю, если бы Пушкина не убили, он все равно прожил бы недолго. (6)Невозможно долго прожить при таком внутреннем напряжении, при такой постоянно высокой температуре, при которой происходило самосожжение поэта. (7)Говорят историки и очевидцы, что он мало спал, мало ел и все торопился. (8)Дар Божий, Великий дар даром не дается. (9)Он требует отдачи, он, переполняя «запасники» поэта, выплескивается «через край», движет им, не давая покоя, заставляя принимать муки человека с удесятеренными муками, восторгаться красотою, захлебываясь восторгом, и с каждым днем подниматься творческим порывом все выше и выше в небеса, все ближе и ближе к пределу, положенному разуму человека. 
 (10)За пределы же никому из людей не дано было подняться, но избранные допускались к Божьему престолу. 
 (11)Пушкин был допущен. (12)За это и муки принял, радости и страдания изведал такие, каковых нам, простым смертным, не дано изведать, не суждено пережить. (13)Чернь не любит того, кто выше него поднимается, сдергивает его с высоты наземь, светоносного посланника небес, пытается сделать себе подобным, хотя бы мертвого, и таким образом сравняться с ним, памятуя, что мертвые у Бога все равны. (14)Но за мертвым гением остается яркий след, и время, и пространство пронизаны тем светом и теплом вспыхнувшей жизни, которая воистину бесконечна оттого, что открытия и откровения, им сделанные, оставшись с нами и в нас, делают человека лучше, чище и лик его высвечивают, и разум его просветляют, и любовью к ближнему награждают. 
 (15)Не вина Пушкина, Лермонтова, Шуберта или Бетховена, что мы не захотели воспользоваться их великим и бескорыстным служением человеку, проложенной ими дорогой к добру. (16)Все-то тянет нас на обочину, в темный лес, в лешачьи болота. 
 (17)От сказки о рыбаке и золотой рыбке, от стихотворения «Буря мглою небо кроет», от колыбельной песни матери, от вешнего цветка, от тихого слова молитвы, от полета мотылька, от всего того, что бытует, дышит и радуется вокруг нас, исходит защита от зла. (18)Слушать бы нам повнимательней и видеть зорче земную доброту, внимать Пушкину, в нас поселившемуся с детства и зовущему к добру и миру, но не вождям и правителям, много веков размахивающим мечом и толкающим людей к битвам и кровопролитию. 
 (19)За Пушкиным путь наш, за ярким факелом сгоревшей жизни, за мученическим и путеводным словом его, за титанами, подобными ему, а не за выродками, стремящимися эту жизнь погасить и сделать землю пустынной и немой. 
 (По Астафьеву В.П.) 
 Виктор Петрович Астафьев (1924-2001 гг.), русский писатель и публицист, участник Великой Отечественной войны, лауреат двух Государственных премий СССР. В творчестве Астафьева в равной мере воплотились две важнейшие темы советской литературы – военная и деревенская. 
"
24,"Текст Астафьева В. 
 (1)Прошлым летом я проплыл по Енисею от Красноярска до Диксона. (2)И светло, и грустно было у меня на душе. (3)Увы, в середине тридцатых годов северные приенисейские земли выглядели более обжито и возбужденно, нежели нынче. (4)А вот горевать об этом или радоваться этому – я не знаю. 
 (5)Глядя на пустынные енисейские берега, украшенные завалившимися скелетами изб, заросших бурьяном, поражался еще раз тому, как умело, можно сказать, роскошно ставились российскими переселенцами села и станки по Сибири. (6)Мало им большой реки, непременно еще и устье речки, а то и двух, шевелящих бурным потоком надменные воды Енисея, отыщут, заселятся обязательно напротив островов с буйными выпасами, набитыми ягодниками, с песчаными и галечными приверхами и осередками для нагула рыбы, а за околицей села – кедрачи и боры, набитые орехом, ягодой, грибами, диким мясом и пушниной. (7)Отчего, почему ушли с этих изобильно-сказочных мест в ад современных городов наши поселяне? 
 (8)Однако ж не бывает худа без добра и добра без худа. (9)Может, хоть таким вот, как всегда у нас, очень хитрым и сложным манером мы сохраним для потомков часть пашенной земли, тайги, тундры, реки, озера? 
 (10)Не скрою, такие мысли приходили ко мне и в пустыне Гоби, роскошно, по-весеннему цветущей в сентябре, и в Эвенкии, простершейся от Енисея до Лены, и вот на родном Енисее, льющем свои воды от Монголии до Диксона. (11)Что делать, если мы сами под себя гадим и скорее убегаем с загаженного места. 
 (12)И грех вроде бы так думать, но все же и хорошо, что ушли с берегов-то, побросали дома – современные насельники лишнее не срубят, окончательно тайгу не допалят, рыбу не доглушат, мелкой сетью не выгребут, зверя не порешат, может, чего и ребятишкам останется. (13)Мы их и без того уж так ограбили, обобрали, что жить им дальше совсем нечем становится. 
 (14) Закоптили мы и запакостили небо, сквозь промышленный дым и душевный мрак ни Божьего лика нам не видать, ни гласа небесного не слыхать. (15)В пустыне живем, в бездуховной, бескормной, безводной, а пустыню ту сами творим… 
 (16)Но чуден, все еще чуден Енисей летней порою! (17)Есть по его течению места, когда сотни километров, словно на фантастической киноленте, сменяются виды один прекраснее другого. (18)Вот версту-другую, забредя в реку по грудь, стоят могучие утесы, быками их здесь зовут. (19)По утесам растут где гривы леса, где отдельная сосенка, и по каждой проточине – ворохи кустарников акации, жимолости, таволожника; по всем утесам – кипень цветов примулы, жарков, лилий, орхидей, среди которых золотыми самородками светятся красодневы. 
 (20)Сразу же за скалами – сосновый бор, прямо и плавно к реке подступающий, либо луг, просторно расцветшими волнами захлестнувший берег. (21)Даже на Севере, в Заполярье, Енисей не утомителен, не однообразен. (22)Он здесь, в северной-то вольности, более тих, добродушен, светел и приветлив, так и зовет он, манит взор заглянуть дальше, дальше, уплыть за край земли, за мерцающую кромку, где синими отводками светятся, но не сходятся берега, уходящие в небо, в просторы уже неземные. 
 (По Астафьеву В.П.) 
 Виктор Петрович Астафьев (1924-2001 гг.), русский писатель и публицист, участник Великой Отечественной войны, лауреат двух Государственных премий СССР. В творчестве Астафьева в равной мере воплотились две важнейшие темы советской литературы – военная и деревенская. 
"
25,"Текст Астафьева В.    
 (1)В клетке зоопарка токовал глухарь. (2)Днем.(3) Прилюдно. (4)Клетка величиной в два-три письменных стола являла собой и тюрьму, и «тайгу» одновременно. 
 (5)Глухарь в неволе иссох до петушиного роста и веса, перо в неволе у него не обновлялось, только выпадало, и в веером раскинутом хвосте не хватало перьев, светилась дыра, шея и загривок птицы были словно в свалявшейся шерсти. (6)И только брови налились красной яростью, горели воинственно, зоревой дугою охватив глаза, то и дело затягивающиеся непроницаемой, слепой пленкой. (7)Перепутав время и место, не обращая внимания на скопище любопытных людей, пленный глухарь исполнял назначенное ему природой — песню любви. (8)Неволя не погасила в нем вешней страсти и не истребила стремления к продлению рода своего. (9)Он неторопливо, с достоинством бойца, мешковато топтался на тряпично-вялой траве меж кочек, задирал голову и, целясь клювом в небесную звезду, взывал к миру и небесам, требовал, чтоб его слышали и слушали. (10) И начавши песню с редких, отчетливых щелчков, все набирающих силу и частоту, он входил в такое страстное упоение, в такую забывчивость, что глаза его снова и снова затягивало пленкой, он замирал на месте, и горло его, раскаленное ещё, продолжало перекатывать, крошить камешки на осколки. 
 (11)В такие мгновения птичий великан глохнет и слепнет, и хитрый человек, зная это, подкрадывается к нему и убивает его. (12) Убивает в момент весеннего пьянящего торжества, не давши закончить песню любви. 
 (13)Глядя на невольника-глухаря, я подумал, что когда-то птицы-великаны жили и пели на свету, но люди загнали их в глушь и темень, сделали отшельниками, теперь вот и в клетку посадили. (14)Оттесняет и оттесняет человек все живое в тайге газонефтепроводами, электротрассами, нахрапистыми вертолетами, беспощадной, бездушной техникой дальше, глубже. (15)Но велика у нас страна, никак до конца не добить природу, хотя и старается человек изо всех сил, да не может свалить под корень все живое и под корень же свести не лучшую ее частицу, стало быть, себя. (16)Обзавелся вот «природой» на дому, приволок её в город — на потеху и для прихоти своей. (17)Зачем ему в тайгу, в холодную ночь, по колено, а где и по пояс в воде переть на ток. (18)Он здесь получит удовольствие, за два гривенника насмотрится на зверей, наслушается рёву, песен и стона.
(19)Обойдя огромный зоопарк, я возвращался в подавленном настроении — звери в неволе были болезненно вялы, полуоблезлы, в свалявшейся шерсти и проплешинах. (20)Самые вольные и грозные звери выглядели совсем жалко. (21)Волки смотрели сквозь решетки отстраненными глазами, в которых была такая бездонная тоска, что и не выразить её человеческими словами… 
 (22)А меня всё что-то тянуло и тянуло к клетке глухаря. (23)Он «оттоковал», сложил свой дырявый хвост, без интереса порылся в кормушке, наполненной хвоей, смесью семян, песком и какой-то скорлупой. (24)Зрители и слушатели, большей частью дети, набросали на пол клетки уличному певцу е и кедровых шишек да орешков, будто в уплату. (25) Глухарь взял в клюв орешек, подержал его и выронил, не раскусив. (26) Посмотрел на людей без осуждения или сквозь них, в пустоту, и поковылял в угол, за искусственно сделанную из коряги засидку… 
 (27)И угадывалось, явно угадывалось — он все еще видел дальним зрением и неугасшей памятью недосягаемую тайну, разгорающееся за лесистым болотом небо, нарядных невест, шатающих меж сосен и кочек, осыпанных прошлогодней клюквой. (28)Клёкнул токовник, огляделся, вспомнил, где он, по-стариковски устало опустился на подогнувшиеся лапы, поправил что-то в крыле и задремал… 
 (По В. П. Астафьеву*) 
 *Виктор Петрович Астафьев (1924-2001)- русский советский писатель, классик отечественной литературы, автор рассказов, повестей романов.  
 Информация о тексте 
 
"
26,"Текст Астафьева В.  
 (1)Шёл май сорок третьего года. (2)На отдыхе нам выдали к обеду один котелок на двоих. (3)Суп был сварен с макаронами, и в мутной глубине котелка невнятно что-то белело.  
 (4)В пару со мной угодил пожилой боец. (5)Мы готовились похлебать горячей еды, которую получали редко. (6)Мой напарник вынул из тощего вещмешка ложку, и сразу я упал духом: большая деревянная ложка была уже выедена по краям, а у меня ложка была обыкновенная, алюминиевая... 
 (7)Я засуетился было, затаскал свою узкорылую ложку туда да обратно, как вдруг заметил, что напарник мой не спешит и своей ложкой не злоупотребляет. (8)Зачерпывать-то он зачерпывал во всю глубину ложки, но потом, как бы ненароком, задевал за котелок, из ложки выплёскивалась половина обратно, и оставалось в ней столько же мутной жижицы, сколько и в моей ложке, может, даже и поменьше. 
 (9)В котелке оказалась одна макаронина. (10)Одна на двоих. (11)Длинная, из довоенного теста, может, и из самой Америки, со «второго фронта». (12)Мутную жижицу мы перелили ложками в себя, и она не утолила, а лишь сильнее возбудила голод. (13)Ах, как хотелось мне сцапать ту макаронину, не ложкой, нет, с ложки она соскользнёт обратно, шлёпнется в котелок, рукою мне хотелось её сцапать — и в рот! 
 (14)Если бы жизнь до войны не научила меня сдерживать свои порывы и вожделения, я бы, может, так и сделал: схватил, заглотил, и чего ты потом со мной сделаешь? (15)Ну, завезёшь по лбу ложкой, ну, может, пнёшь и скажешь: «Шакал!» 
 (16)Я отвернулся и застланными великим напряжением глазами смотрел на окраины древнего городка, ничего перед собой не видя. (17)В моих глазах жило одно лишь трагическое видение — белая макаронина... 
 (18)Раздался тихий звук. (19)Я вздрогнул и обернулся, уверенный, что макаронины давно уж на свете нет... (20)Но она лежала, разваренная, и, казалось мне, сделалась ещё дородней и привлекательней своим царственным телом. 
 (21)Мой напарник первый раз пристально глянул на меня — и в глубине его усталых глаз я заметил какое-то всё-понимание и усталую мудрость, что готова и ко всепрощению, и к снисходительности. (22)Он молча же своей зазубренной ложкой раздвоил макаронину, но не на равные части, и я затрясся внутри от бессилия и гнева: ясное дело, конец макаронины, который подлиньше, он загребёт себе. 
 (23)Но деревянная ложка коротким толчком подсунула к моему краю именно ту часть макаронины, которая была длиньше. 
 (24)Напарник мой безо всякого интереса, почти небрежно забросил в рот макаронину, облизал ложку, сунул её в вещмешок и ушёл куда-то. (25)В спине его серой, в давно небритой, дегтярно чернеющей шее, в кругло и серо обозначенном стриженом затылке чудилось мне всесокрушающее презрение. 
 (26)И никогда, нигде я его более не встретил, но и не забыл случайного напарника по котелку, не забыл на ходу мне преподанного урока, может, самого справедливого, самого нравственного из всех уроков, какие преподала мне жизнь. 
 (По В. Астафьеву) 
  Виктор Петрович Астафьев (1924-2001) — крупный советский и российский писатель, участник Великой Отечественной войны. Важнейшие темы творчества В.П.Астафьева — военно-патриотическая и деревенская. 
 Информация о тексте 
 
"
27,"Текст Астафьева В.  
 (1) Вот уже одиннадцать лет, как я возвратился на родину, купил избу в Овсянке, в родном переулке, против бабушкиного и дедушкиного дома. (2) В первые годы, когда в моём селе было ещё много старожилов и оно не превратилось в придаток пригородных дачных посёлков, я любил поздним вечером, «после телевизора», пройти по спящим улицам, сделать круг, посмотреть, повспоминать, подумать, подвести итоги жизни вот этого села, в котором от былого скоро останется лишь название. 
 (3) Из Овсянки вышли академик, два майора и один полковник, несколько приличных учителей и врачей, два-три инженера, много шофёров, трактористов, мотористов, мастеровых людей и много-много солдат, которые полегли на чужой стороне. 
 (4) Какую же память оставляет за собой моё родное село? (5) Чего и кого оно помнит? 
 (6) В поселковом совете нет ни летописи, ни документов, ни метрик, ни бумаг о том, откуда село взялось, кто и как основал его, почему так назвал. (7) Оставшиеся ещё в живых старые мои односельчане помнят бабушек и дедушек, редко — прадеда и прабабушку. (8) Новые жители не помнят, не знают и знать не хотят никого и ничего; они живут только сегодняшним днём. (9) Думаю, что ничего, кроме наживы, их не интересует. 
 (10) Росла на околице криво саженная и оттого криво сидящая ель, раскинула подол по земле, вольная, пышнотелая. (11) А рядом — редкостной красоты куст саранки. (12) Высокая, со стволом толщиной в руку, была она в средине лета всегда густо увешана серёжками. (13) «Это душа всех погубленных младенцев единым цветком взошла»,— (14) сказала мне уже древняя наша соседка. 
 (15) И я подумал, что две мои маленькие сестры, умершие в доме деда и прадеда, тоже двумя серёжками на пышном стебле отцвели. 
 (16) Хваткий мужик из современных хозяев жизни пришёл с бензопилой и бульдозером, вырвал куст, свалил ель, испилил её на дрова, везде понасажал картошки. 
 (17) Выродились ягоды и нежные цветы; от кислотных дождей, выпадающих с неба, сорок самых распространённых и нежных растений исчезло из леса и с полян только вокруг села. (18) Исчезли наши чудные деревенские и лесные поляны. (19) Леса вокруг села выжжены, обрублены под дачные участки. (20) Российский человек, не вынеся города и его промышленного ада, в панической спешности возвращается к земле, осваивает пятачок свой, лепит избушку из ворованного стройматериала с претензией на заграничную виллу. (21) Вчерашний крестьянин, он становится ничтожным собственником махонького царства, готовым урвать хоть шерсти клок с паршивой овцы, то есть с государства. 
 (22) Воспоминания о прошлой и близкой сердцу жизни тревожат меня, рождают щемящую тоску о чём-то безвозвратно утерянном. (23) Что будет с этим малым, привычным и дорогим мне миром, кто сохранит моё село и память о людях, живших здесь? 
 (По Астафьеву В.) 
  Блок ссылок на примеры сочинений  
 Примеры сочинений 
 
"
28,"Текст Астафьева В. 
 (1)Со стыдом вспоминаю, сколько бесценного уничтожил я, уничтожил безвозвратно. 
 (2)В нынешней квартире моей нет ни одной старой вещи, ничего из того, что когда-то принадлежало родителям, связано было бы с жизнью отца, деда, ничего фамильного, наследованного. (3)Низенькие эти трёхногие столики, да диван-кровать с поролоновой начинкой, да полки, где те же книги, что и у всех, - новые, новёхонькие. (4)Была, правда, старая настольная лампа, купленная в комиссионном, чужая старина, не вызывающая никаких воспоминаний, поэтому ничем не дорогая. (5)Такие вещи стоят столько, сколько они стоят... (6)Из них не составишь цепь времён. 
 (7)Однажды я попал в маленький старинный городок на берегу Онежского озера, и Николай Иванович, учитель истории, показал мне местный музей. (8)Вытянутый одноэтажный деревянный дом, бывшая школа, стоял на окраине в запущенном саду. (9)Музей был создан руками Николая Ивановича. (10)Четверть века он собирал всё, что относилось к истории края. (11)Оружие времён Гражданской войны, красноармейские книжки, фотографии. (12)Но больше всего занимали его предметы быта. (13)Он выпрашивал старые самовары, плакаты, прялки, даже мебель. (14)Из дальней деревни он притащил на себе тяжеленный почтовый ящик александровских времён, фонарь, вывеску земской больницы. (15)Чего тут только не было! (16)Старая деревянная посуда, берестяные игрушки, вплоть до берестяного мячика. (17)Детские грабли, весело разукрашенные, чтобы приохотить ребятишек к работе, жестяные банки из-под монпансье и чая, тетрадки первых лет революции, календари, кованые замки, вышитые рубахи... 
 (18)Из этого складывался быт, который я уже не застал или который застал лишь краешком. (19)Вещи, среди которых вырастали наши родители, были незаметной обыденностью, а ныне они диковинные, даже непонятные: сапожные колодки, ухват, песочница. (20)По ним можно было представить, как они жили, - и бедность, и тяжесть работы, и веселье. 
 (21)Это была не только этнография и не только история, но и та повседневная жизнь, которую так трудно восстановить, которая у каждого поколения своя и которая уходит с ним...  
 (По В. Астафьеву) 
  Блок ссылок на примеры сочинений  
 Примеры сочинений 
 
"
29,"Текст Бакланова Г. 
 (1)В  конце  жизни  Гёте  сказал: (2)«Добрые  люди  не  знают,  как  много  времени  и  труда  необходимо,  чтобы  научиться  читать. (3) Я  затратил на это восемьдесят лет и всё ещё не могу сказать, что достиг  цели».  
 (4)Действительно,  читать —  это  осмысливать  жизнь,  себя  в  этой жизни. (5)Книги  пишут  в  расчёте  на  тех  людей,  которые  способны  сопереживать  и  тем  соучаствовать  в  творчестве. (6)А  тут  многое  нужно, в том числе и мудрость, и опыт жизни... (7)Тогда  словом ли,  фразой ли коснулся чего-то в душе и — «Минувшее проходит предо  мною...». (8)«Нельзя  представить  себе,  как  это  трудно,  хотя  и  кажется,  что  быть  простым  очень  просто, —  говорил  Пушкин. —  (9) Все  те,  которые  обладают  этим  даром,  поэты  с  будущностью,  особенно если эти свойства проявляются в ранней молодости, потому  что вообще молодые поэты редко бывают просты».  
 (10)Впервые  серьёзно  начал  я  читать,  когда  ко  дню  рождения подарили  мне  книгу  Льва  Толстого «Хаджи-Мурат»,  голубую,  с  серебряным тиснением. (11)Эта книга оказалась для меня особенной  на всю дальнейшую мою жизнь. (12)Мне кажется, я не только её вид  помню, но помню запах, хотя это просто запах клея и коленкора...   
 (13)Я  всегда  завидовал  моим  сверстникам,  у  кого  были  и  сохранились  отцовские  библиотеки. (14)Мне же многое приходилось  открывать поздно. (15)Бунина, Хемингуэя, Ремарка я прочёл только  в конце сороковых — середине пятидесятых годов. (16)А потом были  годы,  когда  я  пытался  во  что  бы  то  ни  стало  объять  необъятное  и  перечитал массу книг.  
 (17)В  разные  годы  разные  книги  и  разные  писатели  становятся  интересней,  нужней. (18)Но  богом  для  меня  был  и  остался  Лев  Толстой...  
 (19)Все  великие  книги  созданы  страданием  и  любовью  к  людям. (20) И если книга причинит вам боль,  это боль исцеляющая. (21) Эта  боль  вызвана  состраданием,  сочувствием  к  другому,  а  такое  сочувствие и должна вызывать литература, чтобы в людях не угасло  человеческое. (22)Литература до тех пор жива, пока она рассказывает  о  человеке,  о  человечном  и  бесчеловечном  в  нём,  то  есть  о Добре  и  Зле, творит Добро.  
 (23)Я  сейчас  говорю,  по  сути,  о  традициях  русской  литературы.  (24) Толстой, например, едет на голод, едет с дочерью, дочь ходит по  избам,  где  тиф. (25) Ну ладно  сам, но пустить дочь?! (26) По-другому  совесть  не  позволяла. (27)А  Чехов  разве  не  отправился  спасать  от  холеры,  в  жуткую  эпидемию,  как  будто  не  существовало  угрозы  самому заразиться? (28)Но для него вопрос — лечить или не лечить,  разумеется,  не  возникал. (29)Так  всегда  было. (30)И  не  только  в  России  Толстого  и  Чехова. (31)Какие  традиции  великой  русской  литературы  продолжает в ХХ веке Светлана Алексиевич? (32)То, что  она  сделала,  её «Чернобыльская  молитва», —  это  творческий  и  нравственный   подвиг. (33)Ездила  несколько  лет  в  зону,  зная,  что  неминуемо  схватит радиацию, что малые дозы  тоже  таят опасность,  но  не  остановилась,  написала  книгу,  которая  буквально  переворачивает душу.  
 (34)Цена такого слова всегда велика. (35)А сейчас велика особенно,  потому что в обществе нашем усталость и тусклое равнодушие. (36)И  всё  упорней  пишут  о  том,  что  литература  избавилась,  наконец,  от  несвойственного  ей — быть  совестью,  болью, философией, историей  человеческой  души,  а  ведь  к  писателям  не  только  за  советом  обращались. (37)Исповедовались.   
 (По Г. Бакланову) 
  Примерный круг проблем:   
 1. Проблема отношения к чтению. (Что значит уметь читать? В чём состоит смысл чтения?)   
 Авторская позиция. По мнению великих творцов, вдумчивое чтение книг — это длительный и непрерывный процесс, потому что, читая ту или иную книгу, человек осмысливает окружающую жизнь и себя в этой жизни. Чтобы по-настоящему понять автора книги, нужен опыт чтения и жизненный опыт.  
 2. Проблема выбора книги для чтения.   (Какие книги вызывают наибольший интерес у читателей? Что влияет на выбор той или иной книги?)    
 Авторская позиция.  В разные периоды жизни человеку нужны разные книги, поэтому, меняясь, он ищет ответы на вопросы в книгах, помогающих ему осознать себя на новом жизненном этапе. Наибольшее влияние на душу читателя оказывают книги, проникнутые любовью к жизни и людям. 
 3. Проблема подвижничества русских писателей. (В чём заключаются нравственные традиции русской классической литературы?)   
 Авторская позиция.  Истинно художественные произведения, повествующие о добре и зле, создавались писателями, чья жизнь была примером служения людям.
 


"
30,"Текст Бакланова Г. 
 (1) На хуторе сон и тишина. (2) Мы идём вдоль низкого, белого под луной заборика, по-южному сложенного из плоского дикого камня. (3) Такое чувство, словно и родился я здесь, и прожил здесь жизнь, и теперь возвращаюсь домой. 
 (4) Кулаком бью в раму окна. (5) Нечего спать, раз мы вернулись. (6) И сейчас же распахивается дощатая дверь. (7) Панченко, ординарец мой, сонный, зевающий, босиком стоит на пороге. 
 (8) - Заходите, товарищ лейтенант. 
 (9) Хорошо вот так ночью вернуться с плацдарма домой. (10) Об этом не думаешь там. (11) Это здесь со всей силой чувствуешь. (12) Мне никогда до войны не приходилось возвращаться домой после долгой разлуки. (13) И уезжать надолго не приходилось. (14) Первый раз я уезжал из дома в пионерский лагерь, второй раз - у же на фронт. (15) Но и тот, кто до войны возвращался домой после долгой разлуки, не испытывал тогда того, что испытываем мы сейчас.  (16) Они возвращались соскучившиеся, мы возвращаемся живые... 
 (17) Сидя на подоконниках, разведчики смотрят, как мы двое едим, и глаза у них добрые. (18) А в углу стоит широкая деревенская кровать. (19)Белая наволочка, набитая сеном, белая простыня. (20) Многого не понимали до войны люди. (21) Разве в мирное время понимает человек что такое чистые простыни? (22) 3а всю войну только в госпитале я спал на простынях, но тогда они не радовали. 
 (23) Я ложусь на свою царскую кровать, пахнущую сеном и свежим бельём, и проваливаюсь, как в пух. (24) Но отчего-то никак не могу заснуть. (25) И едва задрёмываю, как, вздрогнув, просыпаюсь опять. (26) Я просыпаюсь от тишины. (27) Даже во сне я привык прислушиваться к разрыву снарядов. (28) И мысли лезут в голову о ребятах, оставшихся на плацдарме. (29) 3ажмурюсь - и опять всё это перед глазами: землянка  связистов, в которую попала бомба, дорога в лесу и чёрные высоты, занятые немцами... 
 (30) Нет, кажется, не усну. (31) Осторожно, чтоб не разбудить ребят, выхожу во двор. (32) Как тихо! (33) Словно и нет войны на земле. (34) Впереди луна садится за глиняную трубу, только краешек её светится над крышей. (35)И что-то такое древнее, бесконечное в этом, которое было до нас и после нас будет. 
 (36) Я сижу на камне и вспоминаю, как в школе сорок пять минут урока были длиннее двух веков. (37) Государства возникали и рушились, и нам казалось, что время до нас бежало с удивительной быстротой и теперь только пошло своим нормальным ходом. (38) Впереди у каждого из нас целая человеческая жизнь, из которой мы прожили по четырнадцать, пятнадцать лет. 
 (39) Я воюю уже третий год. (40) Неужели и прежде годы были такие длинные? 
 (41) Продрогнув, я встаю с камня. (42) Вместе со мной до половины поднимается из-за крыши луна, превратившаяся в оранжевый шар. (43) В доме, в тепле, я укрываюсь с головой и, подрожав под шинелью, засыпаю.   (По Г.Бакланову) 
"
31,"Текст Бакланова Г. 
  (1)Был месяц май, уже шестой день, как кончилась война, а мы стояли в немецкой деревне: четверо разведчиков и я, старший над ними. (2)В деревне этой, непохожей на наши, было двенадцать крепких домов, под домами — аккуратно подметённые подвалы, посыпанные песком, и там — бочки холодного яблочного сидра, во дворах — куры, розовые свиньи, в стойлах тяжко вздыхали голландские коровы, а за домами, на хорошо удобренной земле, рос хлеб. (3)И мирное майское солнце освещало всё это: и хлеб на маленьких полях, и красную черепицу крыш, и розовых свиней, и добродушно раскланивающихся по утрам хозяев. (4)Они как-то сразу, без рассуждений перешли к состоянию мира, настолько просто, словно для этого всего только и требовалось снять сапоги и надеть домашние войлочные туфли, те самые домашние туфли, которые шесть лет назад они сняли, чтобы надеть сапоги. (5)0 войне они говорить не любили, только осуждающе качали головами и называли Гитлера: это он виноват во всём, пусть он за всё и отвечает. (6)А они сняли с себя сапоги. (7)На второй день мира за деревней, в хлебах, мы поймали немецкого ефрейтора. 
 (8)Рослый, в чёрном блестящем офицерском плаще с бархатным воротником, он стоял среди нас, и мы, взяв немца, впервые не знали, что с ним делать. (9)Глядя на него, сутуло поднявшего под плащом прямые плечи, я вдруг почувствовал условность многих человеческих понятий: позавчера он был враг, а сейчас уже не враг и даже не пленный, и в то же время было ещё непривычно его отпустить. 
 (10)Помню июль сорок первого года. (11)Мы отступали, и многих не было уже, но, взяв в плен немца, видя, что у него большие рабочие руки, мы хлопали его по спине, что-то пытались объяснить, как бы сочувствовали, что вот он, рабочий, и что же Гитлер сделал с ним, заставив воевать против нас. (12)И кормили его из своего котелка. (13)Так было в начале войны. (14)И вот она кончилась, перед нами стоял немецкий ефрейтор, вспугнутый в хлебах, и никто из нас не мог ободряюще похлопать его по спине. (15)Не могли мы сейчас сказать друг другу, как, наверное, говорили солдаты после прошлых войн: (16)«Ты — солдат, и я — солдат, и виноваты не мы, а те, кто заставил нас стрелять друг в друга. (17)Пусть они отвечают за все». (18)Иное лежало между нами, иной мерой после этой войны измерялась вина и ответственность каждого. 
 (По Г. Бакланову) 
"
32,"Текст Бакланова Г.    
 За год службы в батарее Долговушин переменил множество должностей, нигде не проявив способностей. Вначале его определили к Богачёву во взвод управления катушечным телефонистом. За Днестром, под Яссами, Богачёв всего один раз взял его с собой на передовой наблюдательный пункт, где все простреливалось из пулемётов и где не то что днём, но и ночью-то головы не поднять. Тут Долговушин по глупости постирал с себя все и остался в одной шинели, а под ней — в чем мать родила. Так он и сидел у телефона, запахнувшись, а напарник и бегал и ползал с катушкой по линии, пока его не ранило. На следующий день Богачёв выгнал Долговушина, к себе во взвод он подбирал людей, на которых мог положиться в бою, как на себя. И Долговушин попал к огневикам. Безропотный, молчаливо-старательный, все бы хорошо, только уж больно бестолков оказался. 
 Когда выпадало опасное задание, о нем говорили: «Этот не справится». А раз не справится, зачем посылать? И посылали другого. Так Долговушин откочевал в повозочные. Он не просил, его перевели. Может быть, теперь, к концу войны, за неспособностью воевал бы он уже где-нибудь на складе ПФС, но в повозочных суждено было ему попасть под начало старшины Пономарёва. Этот не верил в бестолковость и сразу объяснил свои установки: 
 — В армии так: не знаешь — научат, не хочешь — заставят. — И ещё сказал: — Отсюда тебе путь один: в пехоту. Так и запомни. 
 — Что ж пехота? И в пехоте люди живут, — уныло отвечал Долговушин, больше всего на свете боявшийся снова попасть в пехоту. С тем старшина и начал его воспитывать. Долговушину не стало житья. Вот и сейчас он тащился на НП, под самый обстрел, все ради того же воспитания. 
 Едва Пономарёв и Долговушин покинули НП, как попали под обстрел. Они перележали его в неглубокой воронке. 
 Неширокая полоса кукурузы кончилась, и они шли наизволок, отдыхая на ходу: здесь было безопасно. 
 До кукурузы оставалось метров пятьдесят, когда на гребень окопа вспрыгнул человек в каске. Расставив короткие ноги, чётко видный на фоне неба, он поднял над головой винтовку, потряс ею и что-то крикнул. 
 — Немцы! — обмер Долговушин. 
 — Я те дам «немцы»! — прикрикнул старшина и погрозил пальцем. Он всю дорогу не столько за противником наблюдал, как за Долговушиным, которого твёрдо решил перевоспитать. И когда тот закричал «немцы», старшина, относившийся к нему подозрительно, не только усмотрел в этом трусость, но ещё и неверие в порядок и разумность, существующие в армии. Однако Долговушин, обычно робевший начальства, на этот раз, не обращая внимания, кинулся бежать назад и влево. 
 — Я те побегу! — кричал ему вслед Пономарёв и пытался расстегнуть кобуру нагана. Долговушин упал, быстро-быстро загребая руками, мелькая подошвами сапог, пополз с термосом на спине. Пули уже вскидывали снег около него. Ничего не понимая, старшина смотрел на эти вскипавшие снежные фонтанчики. Внезапно за Долговушиным, в открывшейся под скатом низине, он увидел санный обоз. На ровном, как замёрзшая река, снежном поле около саней стояли лошади. Другие лошади валялись тут же. От саней веером расходились следы ног и глубокие борозды, оставленные ползшими людьми. Они обрывались внезапно, и в конце каждой из них, где догнала его пуля, лежал ездовой. Только один, уйдя уже далеко, продолжал ползти с кнутом в руке, а по нему сверху безостановочно бил пулемёт. «Немцы в тылу!» — понял Пономарёв. Теперь, если надавят с фронта и пехота начнёт отходить, отсюда, из тыла, из укрытия, немцы встретят её пулемётным огнём. На ровном месте это — уничтожение. 
 — Правей, правей ползи! — закричал он Долговушину. Но тут старшину толкнуло в плечо, он упал и уже не видел, что произошло с повозочным. Только каблуки Долговушина мелькали впереди, удаляясь. Пономарёв тяжело полз за ним следом и, подымая голову от снега, кричал: — Правей бери, правей! Там скат! 
 Каблуки вильнули влево. «Услышал!» — радостно подумал Пономарёв. Ему наконец удалось вытащить наган. Он обернулся и, целясь, давая Долговушину уйти, выпустил в немцев все семь патронов. Но в раненой руке не было упора. Потом он опять пополз. Метров шесть ему осталось до кукурузы, не больше, и он уже подумал про себя: «Теперь — жив». Тут кто-то палкой ударил его по голове, по кости. Пономарёв дрогнул, ткнулся лицом в снег, и свет померк. А Долговушин тем временем благополучно спустился под скат. Здесь пули шли поверху. Долговушин отдышался, вынул из-за отворота ушанки «бычок» и, согнувшись, искурил его. Он глотал дым, давясь и обжигаясь, и озирался по сторонам. Наверху уже не стреляли. Там все было кончено. «Правей ползи», — вспомнил Долговушин и усмехнулся с превосходством живого над мёртвым. 
 — Вот те и вышло правей… Он высвободил плечи от лямок, и термос упал в снег. Долговушин отпихнул его ногой. Где ползком, где сгибаясь и перебежками, выбрался он из-под огня, и тот, кто считал, что Долговушин «богом ушибленный», поразился бы сейчас, как толково, применяясь к местности, действует он. Вечером Долговушин пришёл на огневые позиции. Он рассказал, как они отстреливались, как старшину убило на его глазах и он пытался тащить, его мёртвого. Он показал пустой диск автомата. Сидя на земле рядом с кухней, он жадно ел, а повар ложкой вылавливал из черпака мясо и подкладывал ему в котелок. И все сочувственно смотрели на Долговушина. «Вот как нельзя с первого взгляда составлять мнение о людях, — подумал Назаров, которому Долговушин не понравился. — Я его считал человеком себе на уме, а он вот какой, оказывается. Просто я ещё не умею разбираться в людях…» И поскольку в этот день ранило каптёра, Назаров, чувствуя себя виноватым перед Долговушиным, позвонил командиру батареи, и Долговушин занял тихую, хлебную должность каптёра. 
 (По Г. Бакланову) 
"
33,"Текст Бакланова Г. 
 (1)Весь в пару, надвинулся к перрону поезд. (2)Обындевелые крыши вагонов, натёки льда с крыш, белые слепые окна. (3)И словно это поезд нанёс
с собой ветер: помело с крыши вокзала, закружило. (4)В снежном вихре, в пару отчаянно метались люди от дверей к дверям, из последних сил бежали вдоль состава. 
 (5)Каждый раз вот так бегают с вещами, с детишками, а везде всё закрыто, ни в один вагон не пускают. 
 (6)Санитар, стоявший рядом, тоже смотрел. 
 – (7)Вот бы Гитлера сюда этого! (8)Сам-то он в тепле сидит. (9)А народу такие мучения принимать... (10)Да с детишками... 
 (11)И зябко ёжился, будто уже совсем замёрз. 
 
 (15)И сам от своего командирского голоса распрямился под халатом. (16)Санитар враз поскучнел, безликим сделался. 
 – (17)Не я ж захотел, – бормотал он себе под нос, переходя к другому окну. – (18)Или мне моя нога лишней оказалась? 
 (19)Третьяков посмотрел ему вслед, на один его сапог и на деревяшку. (20)Что ему объяснишь? (21)Не приставишь оторванную ногу и не объяснишь. (22)А самое главное, что и себе не всё объяснишь. 
 (23)В школе со слов учителей он знал, как и почему возникают войны, и успешно отвечал на отметку. (24)И их неизбежность при определённых условиях тоже была объяснима и проста. (25)Но тому, что он повидал за эти годы, не было лёгких объяснений. (26)Ведь сколько раз бывало уже: кончались войны, и те самые народы, которые только что истребляли друг друга с такой яростью, как будто вместе им нет жизни на земле, эти самые народы жили потом мирно и ненависти никакой не чувствовали друг к другу. 
 (27)Так что же, способа нет иного прийти к этому, как только убив миллионы людей? (28)Какая надобность не для кого-то, а для самой жизни в том, чтобы люди, батальонами, полками, ротами погруженные в эшелоны, спешили, мчались, терпя в дороге голод и многие лишения, шли скорым пешим маршем, а потом эти же люди валялись по всему полю, порезанные пулемётами, размётанные взрывами, и даже ни убрать их нельзя, ни похоронить? 
 (29)Трава родится и с неизбежностью отмирает, и на удобренной ею земле гуще растёт трава. (30)Но ведь не для того живёт человек на свете, чтобы удобрить собою землю. (31)И какая надобность жизни в том, чтобы столько искалеченных людей мучилось по госпиталям? 
 (32)Ещё до войны прочёл он поразившую его вещь: оказывается, нашествие Чингисхана предварял целый ряд особо благоприятных лет. (33)Шли в срок дожди, небывало росли травы, плодились несметные табуны, и всё вместе это тоже дало силу нашествию. (34)Быть может, разразись над этим краем многолетняя засуха, а не сойдись всё так благоприятно, и не обрушилось бы страшное бедствие на народы в других краях. (35)И история многих народов пошла бы по-другому. 
 (36)На фронте воюет солдат, и ни на что другое не остаётся сил. (37)Но здесь, в госпитале, одна и та же мысль не давала покоя: неужели когда-нибудь окажется, что этой войны могло не быть? (38)Что в силах людей было предотвратить это? (39)И миллионы остались бы живы... (40)Двигать историю по её пути – тут нужны усилия всех, и многое должно сойтись. (41)Но, чтобы скатить колесо истории с его колеи, может быть, не так много и надо, может быть, достаточно камешек подложить? 
 (По Г. Я. Бакланову*) 
 * Григорий Яковлевич Бакланов – (1923–2009) – русский советский писатель и сценарист. 
"
34,"Текст Бардышева И. 
 (1)О Бородинском сражении написаны сотни книг, каждая минута этого драматического события изучена вдоль и поперёк в мельчайших деталях. (2)Но есть один момент, таинственный, почти мистический, который требует глубокого осмысления. 
 (3)Представим, что вы играете в шахматы с уважаемым гроссмейстером. (4)Ваше положение – аховое, столпившиеся зрители уже обречённо махнули рукой, предлагают вам не тянуть понапрасну время и выбросить белый флаг. (5)Что сделает в такой ситуации любой человек, знакомый с правилами игры? (6)Он проанализирует позицию на доске и, осознав бесперспективность своего сопротивления, смиренно капитулирует. 
 (7)Естественно, пример с шахматной партией лишь отчасти поясняет то положение, в котором оказался Кутузов во время Бородинского сражения. (8)На карту поставлена судьба отчизны. (9)Картина сражения меняется чуть ли не каждую минуту. (10)Грохот пушек, свист пуль, крики атакующих… (11)Ежесекундно  шлют донесения, которые порою противоречат друг другу. (12)Прилетает ординарец от Барклая де Толли, бывшего командующего русской армией. (13)Барклай передаёт: держаться более невозможно, нужно отступать… (14)Тяжело ранен Багратион, враг теснит измотанных русских солдат. (15)Положение почти безнадёжное! (18)На неуступчивой злобе? (19)На отчаянии? (20)Или просто воля парализована страхом и полководец попросту бессилен принять какое-либо решение? (21)Нет! 
 (22)Почему шахматист не сдаётся опытному противнику?  (23)Возможно, он видит выигрышный ход, которого остальные, загипнотизированные авторитетом его соперника, не замечают. (24)Кутузов видел не только общёю картину боя: она явным образом складывалась не в нашу пользу! (25)Он, в отличие от других, видел глаза солдат. (26)Мудрому, опытному Барклаю, трезво оценившему ситуацию, казалось бессмысленным сражаться с более сильным противником, и эта шахматная логика имеет свой резон. (27)Но она не учитывает одного: люди – это не бездушные фигурки, подчинённые фатальной воле гроссмейстера. (28)Солдат может бросить оружие и поднять руки, а может стоять насмерть. (29)Кутузов ясно видел: бойцы сражаются и не собираются уступать противнику. (30)Нельзя же в такой момент подойти к артиллеристу или гренадеру и сказать: «Всё, мужики, прекращаем бойню! (31)Мы проиграли!» (32)На поле боя властвовала не логика военной тактики, а личные качества: воля, решимость, упорство. (33)Это в шахматах пешка, подчиняясь правилам, обречена уступить мощи ферзя. (34)В реальном бою другая система измерений, и о самоотверженность и отвагу простого солдата может разбиться хитроумный план увенчанного лаврами полководца. (35)Кутузов понимал это лучше остальных. 
 (36) «Любую другую армию мы бы разгромили ещё до полудня!»  – говорил один из французских полководцев, и в этих словах отчётливо звучала растерянность, вызванная тем, что привычные расчёты, соотношения, меры, закономерности вдруг перестали действовать, потому что вместо пешек с врагом сражались воины. 
 (37)История – это поистине учебник жизни, просто не всегда её нравственный урок укладывается в ясную и чёткую формулу. (38)Но главное, что выясняется, когда знакомишься с прошлым и пытаешься осмыслить причины былых побед и поражений, расцветов и упадков, – это огромное значение тех будто бы малозаметных, порою невидимых элементов, из которых складывается человеческая сущность. (39)Трусость и бесстрашие, честолюбие и благородство, алчность и бескорыстие, эгоизм и самопожертвование, коварство и преданность – силовой энергией этих свойств определяется развитие человечества, и осознание нравственного смысла минувшего делает нас не сторонними наблюдателями, а деятельными участниками истории. 
 (По И.Бардышеву*) 
 *Бардышев Игорь Тимофеевич – современный прозаик, автор многочисленных публицистических статей. 
 Информация о тексте 
"
35,"Текст Батыгиной Н.   
 (1)Прокопия Ивановича привезли в больницу глубокой ночью. (2)Его провожала жена. (3)Ввалившиеся глаза больного взывали к участию. 
 (4)Сухие с синевой губы еле могли шевелиться. 
 – (5)Прасковьюшка, умру я, наверное. (6)Чего не так – прости... 
 (7)Маленькая седовласая женщина с лицом, испещрённым морщинками, коснулась рукой его лица. 
 – (8)Что ты, Пронюшка, – заплакала женщина. 
 (9)Потом, когда затих шум лифта, увозящего Прокопия Ивановича в палату, она вытерла глаза и ушла из больницы, тихо закрыв за собой дверь, будто боясь разбудить тех, с кем теперь её муж. (10)Хирург, осмотрев больного, нашёл его состояние безнадёжным. 
 – (11)Катастрофа в животе. (12)Лёгочно-сердечная недостаточность. (13)Вряд ли старик доживёт до утра, – сказал он сестре. – (14)Поставьте капельницу с глюкозой, сердечными, витаминами. (15)Дайте кислород. (16)До утра больной дожил, и хирург принял решение оперировать Прокопия Ивановича, хотя отчётливо понимал, какому огромному риску подвергал его жизнь. (17)Но другого выхода не было. 
 (18)Операция шла долго. (19)Хирургу не раз вытирали потный лоб. (20)Больной лежал в забытьи под действием наркоза. (21)В вену его руки медленно, капля за каплей, вливалась живительная жидкость. (22)А Прасковья Андреевна, измученная бессонной ночью и плохими мыслями, уже сидела в вестибюле больницы. 
 
 – (25)Ладно... – только и промолвила Прасковья Андреевна. 
  (26)В палате Прокопий Иванович лежал неподвижно, с закрытыми глазами, ни на что не реагировал. (27)Лицо его было бледным, дыхание еле заметным. 
 – (28)Пронюшка, как ты? 
 – (29)Это ты, Прасковьюшка? – и опять сделался ко всему безучастным. 
 (30)Несколько дней подряд, с утра и до позднего вечера, была она с ним. (31)Ложечку водички даст, чтобы во рту не сохло, чёлочку причешет, чтобы на глаза не спускалась, умоет, подушку другой, холодной стороной повернёт. 
 – (32)Вот так... (33)Хорошо-то как будет! 
 
 – (39)Немец... 
 – (40)Наверное, награды есть? 
 – (41)А как же: от воротника до пояса! 
 – (42)А что-то сегодня жены не видно. (43)Не придёт? 
 – (44)Придёт... (45)Пусть-ка не придёт! – и стукнул кулаком по краю кровати. 
 (46)Радость охватила хирурга от этих слов и жеста больного. (47)Он увидел в них знамение выздоровления Прокопия Ивановича: мужчина, только чувствуя силу, может показать другому, какую власть он имеет над своей женой. 
 (48)Вечером хирург снова зашёл в палату. (49)Прокопий Иванович улыбался. (50)Его рука опять покоилась в руке Прасковьи Андреевны. (51)Старый врач знал о великом целительном свойстве любви: как цветок наливается соком от солнца, так больной человек оживает от любви. (52)Недаром для борьбы за жизнь Прокопия Ивановича он взял себе в союзницы маленькую седовласую женщину. (53)Любовь её он заметил ещё в ту ночь, когда принимал больного, показавшегося ему безнадёжным. 
 (По Н.И. Батыгиной*) 
 * Надежда Ивановна Батыгина (1919-1990) – хирург, кандидат медицинских наук, писатель. 
 
"
36,"Текст Батыгиной Н.   
 (1)На фотографии Иван Михайлович кажется серьезным, даже суровым. (2)Она нередко обращает мою память к Ивану Михайловичу. 
 (3)В пятиместной палате койка его стояла напротив другой, несколько дней пустовавшей. (4)И если кто-либо обращал внимание на нее, Иван Михайлович неизменно повторял: «(5)Так слава Богу, как говорится, одним больным на свете и поменьше...» (6)Сам он после операции, мог лежать в постели три-четыре дня. (7)Остальные проводил в заботах о соседях. (8)Особенно много внимания он уделял Алеше — парнишке в большой гипсовой повязке. (9)Ухаживал за ним, как нянечка. (10)И всем другим в палате помогал: умоет тех, кто пока сам не может этого сделать, чаем свежезаваренным напоит, грелку нальет, кому понадобится, одеяло поправит, у кого сползет. (11)Благодаря Ивану Михайловичу Алеша прямо-таки переродился. (12)Войду в палату — он теперь улыбается, приветливо говорит «доброе утро», «спасибо». (13)Раньше такой общительности за ним не замечалось. 
 (14)Все же пришёл тот день, когда долго не занятая в палате койка понадобилась. (15)На нее положили молодого мужчину — моряка, накануне вернувшегося из длительного плавания. (16)Он куда-то торопился, вскочил на ходу в вагон, сорвался с подножки и ногой попал под колесо.  
 (17)Раздробленную голень пришлось ампутировать. (18)Иван Михаилович весь остаток ночи провел без сна и во многом помог сестре. 
 —(19)У нас пополнение... (20)Вот Володя поступил, несчастье-то какое произошло... — нарушил тишину Иван Михайлович. (21)Повязка на лице Ивана Михайловича сбилась, глаза выражали усталость. (22)Остальные лежали молча, уткнувшись головой в подушку. (23)Алеша забыл поприветствовать меня. (24)А Володя словно застыл. (25)Он смотрел в одну точку и вряд ли что видел или слышал. (26)Остывший завтрак стоял на тумбочке нетронутым.  
 (27)Я говорила слова утешения, призывала его собрать все силы, чтобы пережить горе. (28)Называла имена известных людей, перенесших подобную трагедию, но сумевших подняться над ней, рассказывала о солдатах с тяжелыми ранениями, полученными на фронтах Великой Отечественной войны, изувеченных, но определивших для себя место в жизни. (29)Повернул ко мне лицо Володя: высокий лоб, большие глаза. (30)Еле слышно ответил: «(31)Что делать, на протезе ходить буду...» 
 (32)Теперь уже не могу вспомнить точно, когда в палате появились первые приметы восстановленного покоя. (33)Алеша снова начал произносить «доброе утро», и все обитатели палаты вторили ему. (34)Однажды утром, войдя к ним, сразу обратила внимание на стол. (35)Иван Михайлович расставил на нем какие-то вкусные припасы. (36)Глаза его с лукавой хитринкой будто говорили: «(37)Смотри и любуйся». (38)Я смотрела и любовалась. (39)Готовился завтрак в честь окончательного появления у Володи радости жить. 
 (40)Опираясь ладонями на край накрытого стола, на котором лежали и бумажные салфетки с зеленой каемочкой (трогательный намек на домашний уют), Иван Михаилович произнес слова, простые и мудрые: 
 —(41)Что я Володе-то говорю. (42)Живой остался, вот и ладно. (43)Парень молодой, собой пригожий, специальность есть и морская, и земная. (44)Протезы ноне делают, паря, — от здоровой ноги не отличишь. (45)Летом приедешь к нам в Устюг Великий. (46)Отдохнуть у нас можно. (47)А невесты-то у нас до того хороши, что нигде таких, паря, нету... 
 —(48)Иван Михаилович все верно говорит. (49)Он так много сделал для меня в эти тяжелые дни... (50)А жениться к Вам в город приеду, Иван Михаилович,— приподнявшись на локти и весело улыбаясь, добавил Володя. (51)Чтобы вот так улыбнулся он, сколько было всего переговорено в пятиместной палате за долгие дни. (52)Он поверил в себя снова. (53)Как повезло ему, что имел он возможность в беде своей оказаться рядом с Иваном Михайловичем. 
 (По Н.И. Батыгиной) 
 Батыгина Надежда Ивановна (1919 – 1990) – хирург, кандидат медицинский наук, заведовала хирургическим отделением, автор более 28 научных работ. 



(


 
  
 

 
  "
37,"Текст Белова В. 
 (1)Давайте  поговорим  о  том,  как  важна  элементарная  грамотность.  (2) Каково  к  ней  наше  общее  отношение? (3)Конечно же,  далеко  не  все  могут быть идеальными знатоками пунктуации и орфографии. (4)В этом  смысле  грамотность –  понятие  вполне  относительное. (5) Русский  язык  можно учить всю жизнь, да так до конца и не выучить. (6)Это стихия, и  она, как любая другая стихия, необъятна.   
 (7)Но  разве  подобное  обстоятельство  освобождает  нас  от  обязанности  знать  падежные  окончания? (8)Или  правописание  частиц «не»  и «ни»?  (9) Существуют  вполне  определенные  грамматические  правила,  соблюдать  которые  обязан  каждый,  считающий  себя  грамотным  и  культурным. (10) Водитель,  не  знающий  правил  движения,  лишается  водительских прав. (11)Любое ведомство всегда найдет повод избавиться  от услуг юриста, не знающего законодательства. (12)А вот докладчика, не умеющего склонять сложные числительные, зачастую не только слушают,  но  и  аплодируют  ему. (13)Хорошо,  если  аудитория  не  очень  большая.  (14) А  если  она  многомиллионная,  как  это  бывает  в  кино,  на  радио  и  телевидении?   
 (15)Низкая  речевая  культура  вкупе  с  техническими  средствами  массовой  информации  безжалостно  обнажает  общую  грамотность  выступающего. (16)И  если  на  письме можно  еще  исправить  ошибку,  на  худой конец переписать все заново, то записанное на магнитную пленку  или  запечатленное  на  звуковой  дорожке  кинопленки  уже  вовек  не  исправить...   
 (17)Да, склонение требует определенной грамотности, а точнее... шести  классов  средней школы. (18)Чтобы подтвердить  свою принадлежность  к  образованным  людям,  совсем  не  обязательно  пускать  в  ход  электронно-вычислительную  машину. (19)Достаточно  просто  просклонять  любое  пятизначное  число. (20)Да  что  пятизначное,  хотя  бы  трёхзначное!  (21) Ведь  как  часто  слово...  ну  хотя  бы  двести –  произносят  в  именительном падеже, тогда как надо...   
 (22)Впрочем,  пусть  читатель  сам  мысленно  просклоняет  это  простейшее  числительное,  ему  сразу  станет  ясно,  почему  некоторые  докладчики  избегают  пользоваться  именами  числительными  в  предложном,  дательном  и  даже  в  родительном  падеже. (23)Где  писать  частицу «не»  слитно,  а  где  раздельно,  тоже,  извините,  мы  обязаны  хорошо знать, если не можем чувствовать этого инстинктивно. (24) Иначе  претендовать  на  звание  людей  грамотных  просто  смешно. (25) Больше того,  мы  должны  знать,  где  пишется  и  говорится «не»,  а  где «ни»,  где  ставится  запятая,  а  где  никакой  запятой  не  требуется. (26) От  этой,  так  сказать,  обязанности  никуда  нам  не  деться. (27)Это  такая  же  необходимость,  как,  например,  необходимость  каждое  утро  умываться  и  чистить зубы, ждать зелёного света, если едешь в автомобиле и прочее.   
 (28)Способов  узаконить  малограмотность  на  сегодняшний  день  накопилось  достаточно. (29)Нередко  под  предлогом  необходимости упорядочить  школьные  программы  по  языку  эти  программы  вообще  свертываются. (30)Работники  просвещения,  иногда  весьма  высоких  рангов,  прикрываясь  трудностями  изучения,  иной  раз  и  нарочно  преувеличивая  эти  трудности,  оправдывают  и  даже  узаконивают снижение  требований  к  учителям,  к  учащимся  и  абитуриентам. (31) Но  как же так? (32)Ведь если б язык не был трудным, то зачем его было бы и  учить? (33)Никому  не  приходит  в  голову  устранить  из  математического  курса инженерного вуза  сопромат либо интегральное исчисление на  том  основании, что это трудно и отнимает много времени.   
 (34)С языком же нередко поступают именно так.    (В. Белов) 
"
38,"Текст Белова В. 
 (1)Вот уже две недели живу я в родной деревне, где не был много лет. (2)Всё уже узнано за это время, всё обойдено, переговорено почти со всеми. (3)И только на свой родной дом я стараюсь не глядеть и обхожу его стороной. (4)Я думаю: зачем бередить прошлое? (5)Для чего вспоминать то, что забыто даже моими земляками? (6)Всё ушло навсегда: хорошее и плохое; плохого не жалко, а хорошего не вернёшь. (7)Я вытравлю из сердца это прошлое, никогда больше не вернусь к нему. 
 (8)Надо быть современным. 
 (9)Надо быть безжалостным к прошлому. 
 (10)Довольно ходить по пепелищам родной Тимонихи, сидеть на опечках. (11)Надо помнить о том, что день и ночь на земле - как говорил поэт Хикмет - работают реакторы и фазотроны. (12)Что счётная машина действует быстрее миллиона деревенских счетоводов, что... 
 (13)В общем, не надо глядеть на родной дом, не надо заходить туда, ничего не надо. 
 (14)Уходят дожди, плывут облачные флотилии. (15)Каждое утро над Тимонихой гудит турбовинтовой самолёт. (16)Каждое утро грохочет гусеничный трактор, от этого сотрясаются углы и дребезжат, как от грозы, оконные стёкла. (17)Очень хорошо, что из-за дома бывшего соседа Василия Дворцова ни утром, ни вечером не видно отцовского дома. 
 (18)Очень хорошо. 
 (19)Но однажды я комкаю в кулаке свою писанину и бросаю в угол. (20)Бегу по лестнице. (21)В заулке озираюсь по сторонам. (22)Никого. (23)Мама ушла за морошкой, все на покосе. 
 (24)Дом выдался из посада вниз, к реке. (25)Словно во сне подхожу к нашей берёзе. (26)3дравствуй! (27)Не узнала меня? (28)Высокая стала. (29)Кора лопнула во многих местах. (30)Муравьи бегают по стволу. (31)Нижние ветки обрублены, чтобы не заслонять окошки зимней избы. (32)Вершина стала выше трубы. (33)Не бели, пожалуйста, пиджак. (34)Когда я тебя искал с братом Юркой, ты была хилая, тоненькая. (35)Помню, была весна, и твои листочки уже проклюнулись. (36)Их можно было сосчитать, так мала ты тогда была. (37)Мы с братом нашли тебя на пастбище, на вахрунинской горе. (38)Помню, кукушка куковала. (39)Оборвали мы у тебя два больших корня. (40)Несли через овраги, а брат говорил, что ты засохнешь, не приживёшься под зимним окном. (41)Посадили, вылили два ведра воды. (42)Правда ведь, ты еле выжила, два лета листочки были мелкие, бледные. (43)Брата уже не было дома, когда ты окрепла и набрала силу. (44)И где ты взяла эту силу под зимним окном? (45)Надо же так вымахать! (46)Уже выше отцовского дома. 
 (47)Надо быть современным. (48)И я отталкиваюсь от берёзы, как от ядовитого дерева. 
 (По В. Белову*) 
 *Белов Василий Иванович (1932-2012) - русский писатель, представитель так называемой «деревенской прозы». 
 Информация о тексте. 
 Основные проблемы: 
"
39,"Текст Белова В. 
 (1) Не бывает абсолютно одинаковых и совсем бездарных людей! (2) Каждый рождается с печатью какого-либо таланта. (3) Потребность творчества так же естественна, как потребность пить или есть; она теплится в каждом из нас даже в самых невероятно тяжких условиях. (4) Каждая личность по-своему талантлива, своеобразна. (5) Людей, абсолютно плохих внутренне и внешне, к счастью, не существует. 
 (6) То, что потребность творчества свойственна каждому, видно хотя бы из того, что в детстве, даже в младенчестве, у ребёнка есть потребность в игре. (7) Каждый ребёнок хочет играть, то есть жить творчески. (8) Почему же с годами творчество понемногу исчезает из нашей жизни, почему творческое начало сохраняется и развивается не в каждом из нас? (9) Грубо говоря, потому, что мы либо занялись не своим делом (не нашли себя, своего лица, своего таланта), либо не научились жить и трудиться (не развили таланта). (10) второе нередко зависит от первого, но и первое от второго не всегда бывает свободно. (11) Если не научишься трудиться, так и не узнаешь, чем наградила тебя природа. 
 (12) Если же духовный потенциал слаб, то личность стирается, нивелируется, быстро теряет индивидуальные, присущие ей одной черты. (13) Стройному восхождению, творческому раскрепощению личности может помешать любой душевный, семейный, общественный или мировой разлад, любая неурядица, которые, кстати сказать, бывают разные. (14) Например, одно дело, когда нет обуви для того, чтобы ходить в школу (а то и самой школы), и совсем другое, когда тебя силой заставляют постигать музыкальную грамоту. (15) Конечно, второй случай предпочтительнее, но разлад есть разлад. (16) Поэтому мы видим, что общественная ориентация отнюдь не всегда безошибочна и что мода вообще вредна в таком деле, как дело нахождения себя. 
 (17) Почему, собственно, считается творческой только жизнь артиста или художника? (18) ведь артистом и художником можно быть в любом деле. (19) Это должно быть нормой. (20) Ореол исключительности той или иной профессии, деление труда по таким принципам, как «почётно-непочётно», «интересно-неинтересно», как раз и поощряет мысль о недоступности творчества для всех и для каждого. (21) Но это вполне устраивает сторонников нивелирования личности, которые выделяют безликую толпу бездарных людей и противопоставляют ей людей талантливых. (22) Но разве это правильно? 
 (По В. Белову*) 
 * Василий Иванович Белов (родился в 1932 году), один из выдающихся русских писателей современности. Основные произведения посвящены русской деревне. Центральная тема творчества — интерес к жизни современного человека, к его духовному миру. 
"
40,"Текст Белова В. 
 (1)Константин Батюшков полтора века тому назад, предвосхищая мои сегодняшние чувства, писал: 
 О память сердца, ты сильней 
 Рассудка памяти печальной... 
 (2)Рядом с куполами и башнями Прилуцкого монастыря, за стенами которого лежит прах поэта, расположена взлётная полоса Вологодского аэропорта. (3)Странное чувство испытываешь при  виде взлетающих в небо «ЯКов» на фоне монастырских стен... 
 (4)Могучие крылья сегодня доставят тебя в любой район области. (5)Старинные русские города встретят гостя по-здешнему хлебосольно: древний Великий Устюг, уроженцы которого осваивали сибирские, дальневосточные и североамериканские берега, тихая Тотьма, окружённый реками Никольск, Белозерск, озёрная Вытегра, Устюжна... (6)Дохнёт на тебя свежестью великих северных рек. 
 (7)Пространства стали доступней, дороги сократились во времени. (8)Но становится ли от этого доступней человеческий мир? (9)Однажды в течение одного дня мне пришлось побывать в столицах трёх европейских государств, а вечером я ещё успел поглазеть на публику в Марсельском порту. (10)Но за весь день из-за утомления и спешки почти ничего не осталось в моей памяти... 
 (11)Поглощение пространства, «охота к перемене, мест» стали нынче модой.  (12)Многим кажется, что чем больше человек изъездит, тем культурней он будет и тем шире станет его кругозор. (13)3ачастую мы стремимся вдаль, не желая замечать того, что рядом. (14)Считаем достойным внимания только то, что не своё. (15)Но ведь доступность того, чужого, часто только мнимая, иллюзорная, подлинного узнавания не получается. (16)«Ездил в Суздаль», «Был в Ферапонтове», «Собираюсь в Париж». (17)Вот также многие люди считают, что познали Льва Толстого и Фёдора Достоевского, посмотрев несколько кинофильмов, поставленных по произведениям величайших в мире писателей.  
 (По В. Белову) 
"
41,"Текст Белова В.  
  (1)Ушла, изморилась вконец апрелем поверженная зима.  (2)Вот в тревожной темени родилось и двинулось всесветное, уже не слоистое, а тугое, плотное тепло, превращая себя в мощный и ровный ветер.  (3)Дрогнули готовые распуститься дерева, сшиблись широкими лбам темнеющие в небесах облака.  (4)Неяркая вешняя молния упала в лесную тёплую мглу, и смело прокатился первый трескучий гром.  
  (5)Странная тишина томится в лесу после этого грохота. (6) Ветер не дует, а давит сплошь, всё замирает.  
  (7)Дождь прошипел в ночи обильно и коротко.  (8)Везде в снующей, исчезающей темени сопит пахнущая корнями земля: это зашевелились в несметном числе травяные ростки, поднимая и распахивая прошлогодние листья, хвоинки и сгнивающие сучки.  
  (9)Утром золотые столбы испарений поднимаются в лесных прогалинах; словно добрые призраки, они безмолвно и быстро меняют свои исполинские контуры.  (10)На берёзах еле слышно оживают ветки, от лопающихся почек они тоже меняются.  (11)Солнце выходит очень быстро.  (12)Яростно-новое, с неопределенными очертаниями, оно греет ещё бледную, но густеющую с каждой минутой зелень березняка. (13)Птицы поют взахлеб, земля продолжает сопеть и попискивать, все поминутно меняет свой образ. (14)Везде в мире жизнь и свобода, и сердце сопереживает чувство освобождения. (15)Да не будет конца свободе и радости!..  
 (В.  Белов) 
"
42,"Текст Белята М. 
  (1)Отбряцал доспехами День защитника Отечества, отбабахало пробочными салютами шампанско-цветочное 8 марта. (2)Отговорили мы тосты, отдарили подарки, отсмеялись, отрадовались. (3)Всё.   (4)Праздники кончились. (5)Теперь до мая будет тянуться слякотное и серое окончание зимы. (6)По её кончине робкой девушкой войдёт в промозглую, талую нашу горницу весна; холодным ещё, стылым покрывалом накроет чёрные голые ветви деревьев, пепельную прошлогоднюю траву, сор и грязь раскисших парков и скверов. (7)Грустно и уныло будет кругом. 
 (8)Не очень весёлые недели предстоят нам. (9)Тем более, по прогнозам синоптиков, весна в этом году будет поздняя и не тёплая. (10)Можно смириться и принять —так, дескать, было всегда: делу время, потехе —час, на то они и праздники, чтобы быстро заканчиваться.(11)А смирившись и приняв невесёлую эту реальность, опять нырнуть в повседневность, отложить радость и ощущение полноты жизни до следующих официальных праздников. (12)На этот раз — майских. (13) Многие так живут. (14)Да почти все. (15)Особенно сейчас, когда не то что жить, просто выживать становится всё труднее. (16)А многие и этих, официальных, уже не замечают — не до них, не до веселья. (17)«Хлеб наш насущный даждь нам днесь...» 
 (18)Впрочем, всё это о празднествах календарных, заявленных. (19)И, повторюсь, с внутренними, в душе располагающимися, они не всегда совпадают. (20)Хемингуэй писал о Париже: «Праздник, который всегда с тобой». (21)Носимый в сердце, дарящий радость, счастье, довольство. (22)Но разве обязателен для таких ощущений Париж?  
 (23)Был у меня приятель. (24)Он свой праздник носил в душе постоянно. (25)Всегда приветлив, улыбчив, доброжелателен, радостен. (26)Даже, бывало, когда белый свет не мил.    (27) Даже после сумасшедшего редакционного дня, когда еле ноги домой волочишь. (28)Светлый  был парень, искрящийся весь, словно мёд на просвет против солнца. (29)3анимала меня в нём эта черта, необъяснимой казалась. (30)Однажды не выдержал, спросил. 
 (31)— А у меня, — говорит, — напротив балкона три сосны растут. (32)Утром их жёлтые стволы заря розовым светом пропитывает, насыщает так, что они прозрачными кажутся. (33)Ну будто спелый ананас — вот-вот сок брызнет. (34)И тёмная зелень кроны, и небо, уже не окрашенное зарёй, а чистое, голубое, высокое... (35)Красотища — дух захватывает, плакать хочется, как красиво. (З6)Вот я с утра пару минут полюбуюсь и на целый день заряд оптимизма получаю... 
 (37) —А если пасмурно или в темноте встать придётся? — спрашиваю. 
 (38) —Глаза закрою и увижу. (39)Главное — захотеть. (40)Когда в командировке окажусь или на отдыхе, обязательно ищу, на что с утра полюбоваться. (41)Красота повсюду вокруг нас разлита. (42)Захочешь — увидишь. (43)Захотеть главное. 
  (44)С тех пор мне часто доводилось прибегать к этому совету. (45)И каждый раз получалось. (46)Начинался праздник и в душе, и в сердце. (47)И жизнь светлей и радостней казалась, несмотря на слякоть и серость в природе. (48)Попробуйте и вы, читатель, вдруг и вам совет этот поможет дожить с хорошим настроением до следующих официальных праздников. (49)Всего-то и нужно, не забыть посмотреть вокруг.      (По М. Беляту) 
  Блок ссылок на примеры сочинений  
 Примеры сочинений 
 
"
43,"Текст Бердниковой А. 
 (1)У великого словесника Владимира Даля значатся несколько определений этого действительно ёмкого слова «труд». (2)Да, это работа, занятие, упражнение, дело, требующее усилий, стараний и заботы, напряжения телесных и умственных сил. (3)Но это ещё и утомление, а по церковному определению — болезнь, боль, хвороба, немогота, скорбь, хилина. (4)Труждать, поясняет далее автор толкового словаря великорусского языка, налагать труд, работу, заставлять что-то делать. «Возстанут рабы труждающие...» (5)Труженик, трудник — обречённый или сам обрёкший на тяжкие труды, а ещё сподвижник, мученик, трудящийся неутомимо. (6)Трудовой же рубль по Далю, значит заработанный честными трудами, нажитой. 
 (7)Наверное, нелишне иной раз заглянуть и в словарь, и в свою память, которая возвращает нас ко времени, когда всякий труд, как мы любили повторять, был в почёте. (8)Однако при выборе профессии в дворники, ассенизаторы, могильщики и даже доярки мы не торопились. Грезили большими стройками, романтикой дальних дорог, рвались в институты, мечтали посвятить себя целиком и полностью интересам Родины. 
 (9)Все мы вышли из трудолюбивых семей, с раннего детства были приучены к сельской работе, почти все заботы по дому, хозяйству с дошкольного возраста исполнялись тоже нами, и никто не смел возразить, что не по силёнкам пилка дров, уборка навоза, прополка огорода в двадцать соток, заготовка топки для дома и корма для скота. (10)Недавно моя ровесница с большой обидой высказалась о своей матери, мол, лишила нас с сестрой детства, заставляла работать до седьмого пота, а если не выполняли задание, то наказывала. 
 (11)А кого не наказывали за неисполнение, непослушание измотанные тяжкой работой наши матери, пропадавшие целыми днями в поле, на ферме, на сенокосе, в лесу на заготовке дров? (12)Мне до слез, до боли всегда было жалко нашу маму, за её усталость, надорванность сил. (13)Но вместе с тем, как же мы гордились нашей мамочкой, когда ей на собрании вручали грамоту или скромный подарок за ударный труд. (14)Именно она научила нас ценить плоды труда своего, научила выполнять работу быстро и качественно, с лёгким и добрым настроением, всегда откликаться на просьбу одинокой соседки, родственников помочь в чём-то. 
 (15)В 50-60-е годы деревня умела работать коллективно, и не только на колхозных нивах, току, сенокосных угодьях, но и на своих огородах, делянках. (16)Большая и срочная работа объединяла всех — от старого до малого. (17)А какие помочи устраивали у нас, когда надо было поднять венцы нового дома, оштукатурить его, с любовью и желанием все стремились приблизить новоселье односельчанину. 
 (18)С грустной улыбкой вспоминаешь эти годы и, оглядываясь в день сегодняшний, с болью думаешь, как же много мы утратили, растеряли, уединившись по своим хаткам, квартиркам, углам, где порой и некому руку подать, и бескорыстную помощь предложить. 
 (По А. Бердниковой) 
"
44,"Текст Бим-Бада Б. 
 (1)Житейские, бытовые наблюдения показывают, а научная психология подтверждает, что наиболее опасные, агрессивные, разрушительные люди — люди «комплексующие». (2)Слабаки. (З)Именно они, постоянно нуждаясь в компенсации своей недостаточности, плетут интриги, строят козни, исподтишка наносят удары. 
 (4)Большая сила, напротив, великодушна. (5)Я знал сверхсилача, который за всю свою долгую богатырскую жизнь никого не тронул пальцем, никому не желая зла. (6)Душевная сила и благородство идут рука об руку, и это объясняет, почему в наше время благородство стало снова востребованным, ценимым и настолько широко практикуемым, что подчас превращается чуть ли не в массовую профессию. 
 (7)В армиях спасения умный риск и истинное благородство неразделимы. (8)Ремесло спасения естественным образом фильтрует людей по их душевным качествам. (9)В результате долго в спасателях задерживаются только сильные люди, способные защитить слабого, попавшего в беду. (10)Так, желающим попасть на работу в отряд «Центроспас» недостаточно иметь за плечами безукоризненное военное или спортивное прошлое и владеть необходимым набором специальностей. (11)«Добро» медкомиссии ещё не является залогом успеха. (12)Почти тысяча правильно выбранных ответов психологического тестирования тоже не гарантирует кандидату места в штате элитного подразделения. (13)Новичку необходимо доказать будущим коллегам в процессе стажировки, что на него в любой ситуации можно положиться, что он проявляет доброту и терпимость, необходимые в их ежедневных миссиях. 
 (14)Чтобы справляться со своими обязанностями, человек должен обладать благородной душой, полной лучших качеств. (15)Но почему, даже обладая добродетельными качествами, человек совершает безнравственные поступки? (16)На подобный вопрос Конфуций ответил: «Все люди близки друг другу по своей природе, а расходятся между собой в ходе воспитания. (17)Человек может утрачивать благородные качества под влиянием дурного общения. (18)Поэтому, чтобы все члены общества выполняли свои гражданские обязанности и человеческие нормы, необходимо воспитывать человека в духе добродетели». 
 (19)Воспитание культуры, избавление от дурных манер и наклонностей нацелено против надменности, высокомерия, своеволия, злобы, зависти, чувства собственной неполноценности, недисциплинированности, излишней подозрительности, вероломства, лицемерия, двуличия, коварства, подлости и корысти. (20)Только избавившись от дурных манер и наклонностей, очистив собственную душу, изгнав из нее всё плохое, можно рассчитывать на быстрый прогресс и достижение совершенства в мастерстве. (21)Никому из людей недалёких, корыстолюбивых, жестоких, хитрых и скрытных в силу душевной ущербности никогда ещё не удавалось добиться сколь-нибудь значительных успехов, а если и удавалось, то торжество их длилось недолго. (22)В конце концов всё кончалось плачевно как для них самих, так и для окружающих. 
 (23)Благородный человек погибнет в окружении конкуренции и злобы? (24)Нет! (25)Именно он и победит. (26)Поскольку благородство зиждется на силе духа. (27)Чтобы побеждать в жизни, побеждать красиво и долговечно, прочно, основательно, надобно иметь высокую душу. (28)Хороший характер. 
 (29)Самое надёжное в нашем мире — это благородство духа. (30)Не по рождению, не по крови, а по уму и чести. 
 (По Б. Бим-Баду*) 
 *Борис Михайлович Бим-Бад (род. в 1941 г.) — академик РАО. 
"
45,"Текст Бим-Бада Б. 
 (1)Позвольте напомнить известное изречение: «Где наша мудрость, потерянная в знаниях? Где наше знание, потерянное в информации?» 
 (2)Высшее, чего может достичь человек, — это мудрость. (3)Ей бы полагалось стать школьным предметом, мудрости надо учить. (4)Точнее, к мудрости надобно приучать — как к осторожности суждений, воздержанию от недостаточно обоснованных утверждений, умению принимать во внимание множество факторов, опираясь на то, что рождено разнообразием исторического опыта. (5)Это больше, чем знания. (6)Это ещё и интуиция, и отвращение к самообману. (7)Мудрый человек никогда не самонадеян: он не считает конечными полученные им результаты раздумий, он допускает их ошибочность, сопоставляя их с прямо противоположными утверждениями и находя пробелы в том, что казалось бесспорным. 
 (8)Мудрость нуждается в знаниях, но не сводится к ним. 
 (9)Кто-то может знать, допустим, все разновидности бабочек и ничего не смыслить в проблемах экологии. (10)Даже не интересоваться ими. (11)В таком случае человек упускает из вида связь отдельно взятой бабочки с устройством мира. 
 (12)3нания отвечают на вопрос «Почему?», а информация — только на вопросы «Что? Где? Когда? Как?». (13)3нание состоит из «пониманий» и является достоянием науки. (14)3нание нуждается в информации, но не сводится к ней — оно выше, поскольку знает, как проверять достоверность информации. 
 (15)3нание в европейской, а теперь и в общемировой научной традиции всегда противостояло мнению. (16)Мнение — это всего лишь некоторое отношение к чему-либо, а знание — это, повторю, понимание закономерности. (17)Важно не столько отстаивать непременно своё мнение, сколько думать о том, чтобы оно было доказано, хотя бы стремилось стать знанием. (18)Стремление всячески поощрять безосновательные мнения как самоцель очень опасно для растущего человека. (19)Недостаточно мыслить самостоятельно — надо ещё мыслить правильно. 
 (20)Вкусу к свободе, к полёту мысли надо долго учиться. (21) Вспомните: мысли у Буратино были коротенькие-коротенькие. (22) А совсем молодой Пушкин в послании другу написал такие слова: «Учусь удерживать вниманье долгих дум...» 
 (23)Оказывается, своя мысль требует долгого и мучительного спора с собой, внутреннего жёсткого требования проверок и перепроверок, выстраивания длинных цепочек рассуждений. (24)Их надо все удержать в круге своего напряжённого внимания — это серьёзная работа. (25)Вот что значит «удерживать вниманье долгих дум». 
 (26)И для некоторых людей это — удовольствие. (27)Сократ, как передаёт легенда, однажды так увлёкся размышлением, что простоял неподвижно на одном месте почти сутки, не замечая ничего вокруг. 
 (28)Людей, очевидно, можно разделить на две категории: способных «удерживать внимание долгих дум» и тех, кто предпочитает короткие, простенькие мысли, что не мешает их самодовольству и самовлюблённости. (29)Когда поощряют необоснованные мнения, то поддерживают в человеке вот эту самовлюблённость и склонность к самообману. 
 (30)Потому сегодня так важно уйти от одобрения, от поощрения коротеньких, как у Буратино, мыслей и учиться у Пушкина с его предпочтеньем «долгих дум». 
 (По Б. Бим-Баду*)  
 *Борис Михайлович Бим-Бад (род. в 1941 г.) — академик РАО. 
"
46,"Текст Бим-Бада  
 (1)Выбирать или не выбирать? (2)Встречал я людей, которые не желают тратить на разрешение бытийных загадок ни времени, ни сил. «(3)Мы живём, чтобы жить. (4)И жить, не омрачая череду наших дней трудными размышлениями. (5)Будем жить, как живётся, как все живут, как получится...» (6)Такие люди не хотят тратить приятно длящегося своего существования ни на что, выходящее за круг усилий по его поддержанию! 
 (7)Известный психотерапевт Михаил Папуш замечает: «Из тех, кто учится играть на фортепиано, лишь немногие хотят научиться играть хорошо. (8)Гораздо больше тех, кто, по тем или иным причинам, хочет играть «хоть как-нибудь». (9)Это не только про фортепиано. (10)Это про жизнь. (11)Или жизнь проще игры на фортепиано? (12)Есть немало людей, разнообразие жизненного репертуара которых сводится к чередованию «Чижика-пыжика» и «Собачьего вальса», оставляя «Танец маленьких лебедей» в области недосягаемой мечты о «высоком». (13)Многие ли хотят хорошо жить, если отличать желание хорошо жить от желания, чтобы хорошо жилось?» 
 (14)Но наряду с такими «существователями» есть и те, кто напряжённо ищет истину. (15)Как педагогу, мне довелось встречать молодых людей, жаждущих ясного и чёткого ответа на вопрос о высших ценностях жизни. (16)О ценностях, позволяющих отличать добро от зла и выбирать лучшее и достойнейшее. 
 (17)Мы не можем не выбирать. (18)В самой сердцевине культуры лежит установление различий между знанием, ошибкой и заблуждением, между истиной и ложью. 
 (19)Как показывают эксперименты современных психологов, группа делает более решительный выбор, чем выбор любого члена группы, опрашиваемого по отдельности. (20)Причина этого в том, что принятие решений всегда основано на принятии некой ответственности. 
 (21)Высказывая мнение от своего имени, человек взвешивает последствия, принимает на себя ответственность. (22)А когда принимает решение группа, происходит рассредоточение, растекание ответственности. (23)Никто не возражал бы против свободы выбора, если бы не ответственность. (24)Страх ошибиться — страх ответственности за решение. 
 (25)Ошибка — неотъемлемый атрибут действия и бездействия. (26)Эффективность действий зависит от способности человека предупреждать, находить и исправлять ошибки. (27)Обучение и воспитание во многом предстает как профилактика и исправление ошибок. 
 (28)Умный человек знает, как легко ошибиться. (29)Поэтому он заботится о подтверждении своих мыслей и прислушивается к доводам других. (30)Неразумный же человек, напротив, исходит из весьма простого принципа, что ему одному известна истина. (31)Из этого ему нетрудно заключить, что все, кто не разделяет его мнений, ошибаются. 
 (32)Люди умные и рассудительные, обсуждая какой-либо спорный вопрос, должны воздерживаться от суждений, пока не подтвердят правоту дела, которое они защищают. (33)Необходимо защищать истину подобающим ей оружием, которым не сумеет воспользоваться ложь: это оружие — ясные и основательные доводы. 
 (34)Итак, чтобы происходил осознанный выбор самостоятельного человека, нужно научить его не бояться выбирать, думать и пробовать, делать и наблюдать за результатами. 
 (36)Давайте скажем себе: «Раз уж нам довелось жить, сделаем жизнь достойной. (36)А достойна жизнь ответственная. (37)Не бойтесь выбирать, не страшитесь самостоятельной мысли!» 
 (По Б. Бим-Баду *) 
 * Борис Михайлович Бим-Бад (род. в 1941 г.) — российский педагог, действительный член (академик) Российской академии образования. Доктор педагогических наук, профессор. 
 
"
47,"Текст Битова А. 
 (1)Впервые в жизни я поймал себя на том, что мне радостно слышать чужую речь. (2)Не понимая языка, я слышал то, чего никогда не слышал в русской, понятной мне речи, а именно: как люди говорят... (3)Как они замолкают и как ждут своей очереди, как вставляют слово и как отказываются от намерения вставить его, как кто-нибудь говорит что-то смешное и — поразительно! — как люди не сразу смеются, как они смеются потом и как сказавший смешное выдерживает некую паузу для чужого смеха. (4)Как ждут ответа на вопрос и как ищут ответ, в какой момент говорят о тебе, ничего не понимающем. 
 (5)Интересно, что, когда они говорят со мной, то есть говорят по-русски, они никогда не смеются. (6)Стоит им перейти на армянский — сразу смех. (7)Словно смеются над тобой, непонимающим. (8)Так вполне может показаться, пока не поймёшь, что смеяться возможно лишь на родном языке. (9)Мне не с кем было посмеяться в Армении. 
 (10)Отсмеявшись, они спохватывались. (11)Улыбка смеха таяла и сменялась улыбкой вежливости. (12)Их лица приобретали чрезвычайно умное и углублённое выражение, как бывает в разговоре с иностранцами на плохом языке, когда чем глупее разговор, тем значительнее интонация, а киваний и поддакиваний не сдержать никакими силами... 
 (13)После таких разговоров ноют мускулы лица и шеи от непривычной, неестественной работы. 
 (14)Только на родном языке можно петь, писать стихи, признаваться в любви... (15)На чужом языке, даже при отличном его знании, можно лишь преподавать язык, разговаривать о политике и заказывать котлету. (16)Чуть ли не так, что чем тоньше и талантливей поэтическое и живое знание родного языка, тем безнадёжней знание чужого, и разрыв невосполним. 
 (17)Мне не с кем было посмеяться в Армении. (18)И я был счастлив, когда обо мне забывали. (19)Был счастлив журчанием и похрустыванием армянской речи, потому что у меня было полное доверие к говорящим. (20)Антипатия к чужой речи в твоём присутствии — от боязни, что говорят о тебе, и говорят плохо. (21)Откуда эта боязнь — другой вопрос. (22)Переговариваться на незнакомом собеседнику языке считается бестактным прежде всего среди людей, не доверяющих друг другу. (23)Среди дипломатов, допустим. 
 (24)Мы же доверяли друг другу. (25)Более того, мои друзья были настолько тактичны, что при мне договаривались насчёт меня именно на своём, непонятном мне языке, чтобы я не подозревал о всех тяготах организации моего быта: поселения, сопровождения и маршрутов. 
 (26)Я слушал чужую речь и пленялся ею. (27)Действительно, — что за соединение жёсткого, сухого, прокатистого и удивительно мягкого, и, как сказал бы армянин, «нежьного». (28)«Джур» — вода журчит в камнях, «шог» — жара над этими камнями, «чандж» — муха звенит в этой жаре. (29)И вдруг среди всего этого «лолик» — помидор. — (30)Андрей, что лучше: «журавль» или «крунк»? (31)И действительно, что лучше? (32)Подумать только, «журавль»! (33)И не подозревал, что это красиво. (34)Или — «крунк»... (35)До чего хорошо! (36)Я влюблялся в слова: в армянские благодаря русским и в русские благодаря армянским... 
 (По А. Битову) 
"
48,"Текст Бобневой М. 
 (1)Я стою в вестибюле редакции центральной газеты и терпеливо жду, когда дежурная закончит телефонный разговор с приятельницей. (2)Дежурная висит на телефоне, обстоятельно объясняя адрес какой-то своей подруги. (3)Наконец её далёкая собеседница, а заодно и я досконально разобрались в правых и левых поворотах, заборах, котлованах и трубах. (4)Телефон даёт отбой, дежурная откидывается на спинку стула, минуты две вспоминает, очевидно, своих друзей и потом, не взглянув на меня, погружается в книгу посетителей. (5)Тут я, естественно, не выдерживаю. (6)Следует бурная сцена, меня клеймят «нечутким», «невежливым», «дотошным человеком», летят слова, которые хочется сразу забыть. (7)Лишь через пятнадцать минут, после изрядного потрясения, я смогла пройти в отдел писем, где меня ждал редактор. 
 (8)Поверх кипы конвертов и разнокалиберных бумаг, которыми завален стол, два листка с пометками редактора. (9)Это для меня. (10)Одно письмо с Урала, Другое из Ростовской области. (11)Одно от молодого специалиста, другое от ветерана. (12)А содержание почти одно и то же. (13)Описывается, в частности, как, войдя в кабинет чиновника, нужно несколько минут постоять перед сидящим в кресле, занятым своими делами боссом, дабы «всяк сверчок знал свой шесток». 
 (14)Естественно, после только что разыгравшейся сцены у проходной у меня сразу возникает безмолвный вопрос к авторам писем: почему они ведут разговор лишь о руководителях? (15)А вахтёр что же - хуже? (1б)Или вахтёры не обладают на своём рабочем месте абсолютной властью? (17)Или они проходят предварительный отбор на должность с выявлением их способностей к чуткому (а значит - деловому) отношению к посетителю? (18)А продавцы? (19)Приёмщицы? (20)Медсёстры? (21)Водители автобусов? 
 (22)Я молча сгребаю пачки писем. (23)Это источник социологической информации о нормах, регулирующих отношения людей. 
 (24)Что такое «нормы»? (25)Это правила, которым необходимо следовать для достижения какой-то цели. (26)Поведение людей всегда подчиняется каким-то правилам, нормам. (27)Этические нормы определяют формы и характер взаимодействия людей в обществе. (28)Они незримо присутствуют в нашем сознании. (29)Эти нормы — неписаные законы - кажутся нам неуловимыми. (30)Можно ли, и если можно, то как сформулировать взгляд, улыбку, пожатие плеч, интонации голоса? (31)А ведь именно эти «мелочи» определяют собой то, что называют учёные неформальным общением. 
 (32)Когда человек наносит явный ущерб чьей-либо собственности, здоровью, его привлекают к суду, к уголовной или административной ответственности. (33)Здесь вступают в действие правовые нормы, которые устанавливаются законодательным путём. (34)Они отражаются в нормативных актах, входят в своды законов. (35)Но никакие кодексы не могут предусмотреть строгих стандартов взаимоотношений людей, даже непосредственно на производстве. (36)Невежливость или стремление унизить сослуживца, клиента, пассажира, подчинённого, одноклассника не считается нарушением правовых норм. (37)Неформальное общение — область нравственности. (38)Поведение здесь должно регулироваться иначе. (39)Как? 

(По М. Бобневой)

 


 
"
49,"Текст Богата Е. 
 (1)В чём смысл нашего общения с искусством, литературой? 
 (2)Во-первых, в том, что мы начинаем наслаждаться богатством собственной личности, которая нам вдруг открывается. (3)Это бесконечно далеко от эгоизма, от погружения в себя. (4)Это постижение в себе того нового, высокого, что раньше было как бы «зашторено»... 
 (5)Но это не всё: смысл общения с литературой, искусством и в том, что мы делаемся богаче ещё на одну жизнь, на жизнь художника, который это создал. (6)Я написал сейчас «ещё на одну жизнь». (7)Но нет! (8)Не на одну, а на миллион жизней, потому что художник выразил, высказал то, что волновало миллионы его современников. (9)В его симфонии, картине, романе надежда, тоска, боль, радость миллионов людей. (10)Поэтому и становимся мы богаче на миллион жизней. (11)Наши сердце и ум наполняются духовным опытом веков и поколений... 
 (12)Хороший читатель – соавтор писателя. (13)Его духовная жизнь, соприкасаясь с миром Пушкина, Стендаля или Толстого, окрыляется, и он видит то, чего не видел раньше. (14)А ведь ради этого и работает писатель. (15)Чтобы научить видеть. 
 (16)Я написал сейчас «духовная жизнь». (17)А доступна ли она любому человеку?.. 
 (18)Формы духовной жизни, как и формы творчества, бесконечно разнообразны. (19)Духовная жизнь – это общение с людьми, искусством, осенним лесом и с самим собой. (20)Мы духовны, когда беседуем о чём-то дорогом с товарищем, доверяя его уму и сердцу. (21)Мы духовны, когда улыбаемся человеку, чувствуя, что он одинок, и когда наслаждаемся тишиной вечерних полей. (22)Мы высоко духовны, когда чувствуем бесценность жизни и хотим оставить в мире скромный отпечаток собственной личности... (23)И мы духовны, когда, перечитывая любимый том, понимаем его по-новому.  
 (По Е. Богату) 
"
50,"Текст Бондарева Ю. 
 (1)Когда Сафонов вошёл в родной городок, окраины встретили его длинными, через всю дорогу, тенями от старых тополей; кое-где в садах подымался синеватый самоварный дымок, ветви обогретых солнцем яблонь свешивались через заборы. 
 (2)С волнением и любопытством посмотрев на тёмное здание школы, вдруг заметил он справа, в сырой темноте парка под густыми акациями, красный огонёк, пробивающийся меж ветвей. (З)Неужели Мария Петровна?.. (4)3десь жила Мария Петровна, его учительница по математике, как же он сразу о ней не подумал, не вспомнил! (5)Всегда он был её любимцем, она пророчила ему блестящее математическое будущее... 
 (б)Сафонов зашагал по аллее в глубину парка, а когда близко увидел маленький домик под деревьями, тусклый свет в окне, задёрнутом красной занавеской, он даже задыхался. (7)Сколько лет они не виделись! (8)3десь ли она теперь? (9)Живали? (10)Что с ней? 
 (11)— Мария Петровна, — тихо и зовуще сказал Павел Георгиевич, — вы меня узнаёте? 
 (12)— Входите, — сказала она тем вежливым, строгим голосом, каким, очевидно, обращалась к родителям своих учеников, когда те приходили «поговорить». 
 (13)Она несколько секунд всматривалась в него снизу вверх, он видел её болезненно-бледное, состарившееся, будто источенное лицо, и в эту минуту, сдерживая жалость, отметил про себя, как сильно она изменилась, стала ещё более тонкой, хрупкой, только седые волосы были коротко и знакомо подстрижены. 
 (14)— Паша Сафонов... (15)Паша? — проговорила она почти испуганно, и Павлу Георгиевичу показалось, что лицо её задрожало. — (16)Садись, пожалуйста, вот сюда, к столу, Паша... (17)Ты приехал? 
 (18)— Да, да, я сейчас, я сейчас! — обрадованно заговорил Сафонов, с неловкостью вешая плащ, шляпу на вешалку, где виднелось одинокое пальто Марии Петровны. — (19)Мария Петровна, а кто заходил к вам, кого вы встречали ещё из нашего класса? (20)Гришу Самойлова видели? (21)Артист. (22)Помните, он корчил рожи, а вы ему сказали, что у него способности? (23)Неужели не приезжал? 
 (24)Мария Петровна не ответила, она, наклонив голову, мешала ложечкой в чашечке, и он увидел на её пальце неотмывшееся чернильное пятно, перевёл взгляд на её источенное лицо и с какой-то внезапной жалостью, с любовью увидел морщины вокруг её губ, её тонкую, слабую шею, коротко подстриженные, сплошь белые волосы, и что-то больно, тоскливо сжалось у Павла Георгиевича в груди. (25)Он подумал, что, если бы она умерла, он не знал бы этого. (26)И не знали бы другие... 
 (27)— Мария Петровна, а интересно, кто-нибудь пишет вам? 
 (28)— Нет, Паша, — сказала она. 
 ...(29)Сафонов хорошо помнил, как они прощались: он как-то стыдливо снял свой роскошный плащ, который висел рядом с потёртым пальто старой учительницы, и с непроходящим ощущением вины поклонился. 
 (30)Всю дорогу до Москвы Сафонов не мог успокоиться, переживал чувство жгучего, невыносимого стыда. (31)Он думал о Витьке Снегирёве, о Шехтере, о Самойлове — о всех, с кем долгие годы учился когда-то, и хотелось ему достать их адреса, написать им гневные, уничтожающие письма. (32)Но он не знал их адресов. (33)Потом он хотел написать Марии Петровне длинное извинительное письмо, но с ужасом и отчаянием подумал, что не знает номера её дома. 
 (34)На большой станции Сафонов, хмурый, взволнованный, вышел из вагона. (35)Он зашёл на почту и, поколебавшись, дал телеграмму на адрес школы, на имя Марии Петровны. (36)В телеграмме этой было два слова: (37)«Простите нас».  
 (По Ю. Бондареву*) 
 ***Бондарев Юрий Васильевич (род. в 1924 г.), русский советский писатель. Участник Великой Отечественной войны (с августа 1942). Первый сборник рассказов «На большой реке» вышел в 1953. Автор рассказов, повестей «Юность командиров», «Батальоны просят огня», «Последние залпы», романов «Горячий снег», «Тишина», «Берег» и др. Автор сценария фильма, снятого по роману «Горячий снег». Один из соавторов сценария киноэпопеи «Освобождение». 
"
51,"Текст Бондарева Ю. 
 (1)Я видел это на пригородной танцплощадке. (2)Весёлый, горбоносый, гибкий, с фиолетовым отливом чёрных глаз, он пригласил её танцевать с таким зверским, жадным видом, что она испугалась даже, глянув на него жалким, растерянным взглядом некрасивой девушки, которая не ожидала к себе внимания. 
 (3)- Что вы,  что вы! 
 (4) - Раз-решите? - повторил он настойчиво и показал крупные белые зубы деланной улыбкой. (5) - Мне будет оч-чень приятно. 
 (6)Она оглянулась по сторонам, будто в поиске помощи, быстро вытерла платочком пальцы, сказала с запинкой: 
 (7) - Наверно, у нас ничего не получится. (8)Я плохо... 
 (9)-Ничего. (10)Прошу. (11)Как-нибудь. 
 (12)Красавец танцевал бесстрастно, щегольски и, полный холодного высокомерия, не глядел на неё, она же топталась неумело, мотая юбкой, нацелив напряжённые глаза ему в галстук, и вдруг толчком вскинула голову - вокруг перестали танцевать, выходили из круга, послышался свист; за ними наблюдали, видимо, его приятели и делали замечания с едкой насмешливостью, передразнивали её движения, трясясь и корчась от смеха. 
 (13)Её партнёр каменно изображал городского кавалера, а она всё поняла, всю его непростительную низость, но не оттолкнула, не выбежала из круга, только сняла руку с его плеча и, ало краснея, постучала пальцем ему в грудь, как обычно стучат в дверь. (14)Он, удивлённый, склонился к ней, поднял брови, она снизу вверх медленно посмотрела ему в зрачки с непроницаемо-презрительным выражением опытной красивой женщины, уверенной в своей неотразимости, и ничего не сказала. (15)Нельзя позабыть, как он переменился в лице, потом он отпустил её и в замешательстве как-то чересчур вызывающе повёл к колонне, где стояли её подруги. 
 (16)У неё были толстые губы, серые и очень большие, словно погружённые в тень, диковатые глаза. (17)Она была бы некрасивой, если бы не тёмные длинные ресницы, почти жёлтые ржаные волосы и тот взгляд снизу вверх, преобразивший её в красавицу и навсегда оставшийся в моей памяти.    (По Ю. Бондареву) 
 * Юрий Васильевич Бондарев (род. в 1924 г.) — русский писатель, сценарист, автор многочисленных произведений о Великой Отечественной войне. 
 Информация о тексте 
"
52,"Текст Бондарева Ю. 
 (1)Нам было тогда по двадцать лет и по сорок одновременно. 
 (2)Мы мечтали вернуться в тот довоенный мир, где солнце казалось нам праздничным солнцем, встающим на земле каждый день по своей закономерности; трава была травой, предназначенной для того, чтобы расти, быть зелёной; фонари – для того, чтобы освещать сухой апрельский тротуар, вечернюю толпу гуляющих, в которой идешь и ты, восемнадцатилетний, загорелый, сильный… 
 (3)За долгие четыре года войны, чувствуя у своего плеча огненное дыхание смерти, молча проходя мимо свежих бугорков с надписями химическим карандашом на дощечках, мы не утратили в себе прежний мир юности, но мы повзрослели на двадцать лет и, казалось, прожили их так подробно, так насыщенно, что этих лет хватило бы на жизнь двум поколениям. 
 (4)Мы узнали, что мир и прочен, и зыбок. (5)Мы узнали, что солнце может не взойти утром, потому что его блеск, его тепло способна уничтожить бомбёжка, когда горизонт тонет в чёрно-багровой завесе дыма. (6)Порой мы ненавидели солнце – оно обещало лётную погоду и, значит, косяки пикирующих на траншею “юнкерсов”. (7)Солнце могло беспощадно обнажать своим светом недавнюю картину боя: развороченные прямым попаданием орудия, тела убитых, которых ты минуту назад называл по имени. 
 (8)Кто мог представить, что когда-нибудь увидит в белых ромашках, этих символах любви, капли крови своего друга, убитого автоматной очередью? 
 (9)Война была жестокой и грубой школой. (10)Мы сидели не за партами, а в мёрзлых окопах, и перед нами были не конспекты, а бронебойные снаряды и пулемётные гашетки. 
 (11)Война уже стала историей. (12)Но так ли это? 
 (13)Для меня ясно одно: главные участники истории – это Люди и Время. (14)Не забывать Время – это значит не забывать Людей, не забывать Людей – это значит не забывать Время. (15)Количество дивизий, участвовавших в том или ином сражении, со скрупулёзной точностью подсчитают историки. (16)Но они не смогут подслушать разговор в окопе перед танковой атакой, увидеть страдание и слёзы в глазах восемнадцатилетней девушки-санинструктора, умирающей в полутьме полуразрушенного блиндажа, вокруг которого гудят прорвавшиеся немецкие танки, ощутить треск пулемётной очереди, убивающей жизнь. 
 (17)В нашей крови пульсируют потоки тех людей, что жили в Истории. 
 (18)Наша память – это душевный и жизненный опыт, оплаченный дорогой ценой."
53,"Текст Бондарева Ю. 
 (1)Что же такое категория красоты в литературе? (2)Тут возникает миллион вопросов, миллион сомнений. 
 (3)Красота в отдельных разительных словах? (4)Сравнениях? (5)Метафорах? (6)В ритме? 
 (7)Или единственная красота - это правда действительности, а литература-лишь вторичное, бледный слепок окружающего мира? 
 (8)И всё-таки литература - это вторая жизнь, сконцентрированная во времени. (9)Эта увиденная художником глубина истины и есть эстетическая красота в искусстве. (10)Та красота, которая заставляет нас испытывать и чувство восторга, и чувство ненависти. (11)Правда и красота - это познанная сущность характера, явлений, вещей, в которую проник художник сквозь внешнюю их форму. 
 (12)Каковы же средства познания мира? (13)Главное орудие художника - зрение и слух, реализованные в слове, в мысли. г(14)Мысль посредством слова. (15)И слово как выражение мысли. (16)Это нерасторжимо. 
 (17)Но само по себе слово не может нести всю красоту или некрасоту, не может быть прекрасным или дурным, затёртым или незатёртым только потому, что оно выражает то или иное понятие. 
 (18)Настоящий художник использует слова, сочетания слов как необходимость, как инструмент, без которого невозможно совершить чудо познания.  
 (19)И дело не в так называемых гладких словах, не в гладкописании фраз. (20)Серьёзная проза не может ставить себе цель быть образцово-показательной, рационально построенной, так что глазу не за что зацепиться. (21)Это ложноклассическое совершенство (во имя ложно понятой красоты) вызывает у нас серую скуку, глаза равнодушно скользят по фразам, ни на чём не задерживаясь, - мы не испытываем волнения. 
 (22)Слово обретает силу только в том случае, если оно отражает действительность. (23)Слово имеет цвет, звук, запах, которые, в свою очередь, обладают энергией, эмоциональностью. (24)Эта же энергия возникает при точной расстановке слов, при точном эпитете, точном глаголе, точно найденном ритме, ярком сюжете самой фразы, ибо каждая фраза аккумулирует сюжет, мысли, чувства, заряд добра и зла, чёрного и белого, отрицания и утверждения, стыдливой иронии или же парадоксальности. 
 (25)Слово - это собственное «я» художника, реализация его восприятия. (26)Но словами как первоэлементом человеческого общения оперируют все люди, независимо от того, насколько наделены они чувством гармонии, глубины и красоты. (27)Художник же одарён от природы особой способностью изображать на бумаге словами не плоскостной слепок человека, окружающего мира, отдельного предмета, а глубину его, ощутимую, направленную форму, высекающую чувства и мысль, открывающую в человеке все замочки души. 
 (По Ю. Бондареву*) 
 *Бондарев Юрий Васильевич (р. 1924) - русский писатель, сценарист, автор многочисленных произведений о Великой Отечественной войне. 
"
54,"Текст Бондарева Ю. 
 (1)Убыстрённый темп современного мира, материальные богатства, накопленные в нём, машины, сумасшедшие скорости, перенаселённые города с их новой архитектурой, непрерывное движение, наконец, власть телевизора и кинематографа - всё это порой создаёт ощущение подмены истинной красоты, замены сущности прекрасного и в реальном мире, и в человеке. (2)Порой нам кажется, что мы познали всё, что нас ничем не удивишь. (3)Закат в пролёте улицы едва ли заставит нас остановиться на мгновение. (4)3вёздное небо уже не кажется нам тайной тайн. 
 (5)В буднях повседневных забот, в учащённом жизненном ритме, в шуме, суете мы скользим мимо прекрасного. (6)Мы уверены: истины на нашей ладони, они вроде бы так отчётливо видны, так привычны, что мы устали от них. (7)И в итоге обманываем самих себя. (8)Как бы ни господствовала на земле точная наука, мир и человек в нём ещё тайна, к которой мы только прикоснулись. (9)Но если бы некто всезнающий появился на земле и раскрыл вдруг все загадки Вселенной, это бы людям мало что дало. (10)Ибо каждому суждено пройти долгий путь познания, и роль человеческой памяти на этом пути огромна. 
 (11)Ведь человеческая память, как известно, связана с комплексом ассоциаций. (12)Маленький толчок извне - и в нашем возбуждённом сознании возникают целые исторические картины, характеры, явления. (13)Память может что-то объяснить, она может быть даже орудием исследования. (14)Одним людям память дана как наказание, другим – как ответственность. (15)Человек не может заставить себя не думать, не вспоминать, не обобщать. (16)Процесс познания начинается с прошлого, он не может быть отъединён от настоящего и локализован. (17)И я думаю, что такой памятью-ответственностью и памятью познания были наделены и Шолохов, и Леонов, и Алексей Толстой, и Николай Островский, когда в тридцатых годах писали свои знаменитейшие романы. (18)Это было глубочайшее проникновение в прошлое, а следовательно, никогда не терявшее своей новизны открытие. (19)Двадцатые, а также тридцатые годы, таким образом, всеобъёмно исследовались советской литературой. (20)Думаю, сейчас в нашем искусстве наступила пора тщательного исследования сороковых и пятидесятых годов. (21)Накоплен колоссальный жизненный и душевный опыт, связанный с этой эпохой. (22)Это исследование героического и трагического, исследование мужества народа и его характера. (23)Всё, что касается морали, - предмет искусства, а всё, что связано с моралью, лежит в социальной сфере. (24)Литература не может быть не социальной! 
 (По Ю. Бондареву*) 
 * Бондарев Юрий Васильевич (р. 1924) - русский писатель, сценарист, автор многочисленных произведений о Великой Отечественной войне. 
"
55,"Текст Бондарева Ю. 
 (1)Когда-то, очень давно, на фронте, я любил рассматривать трофейное оружие. 
 (2)Гладко отшлифованный металл офицерских «парабеллумов» отливал вороненой чернотой, рубчатая рукоятка как бы сама просилась в объятия ладони. (3)Спусковая скоба, тоже до щекоткой скользкости отполированная, требовала погладить ее, просунуть указательный палец к твердой упругости спускового крючка. (^Предохранительная кнопка легко сдвигалась, освобождая золотистые патроны к действию. (5)Во всем готовом к убийству механизме была чужая томящая красота, какая-то тупая сила призыва к власти над другим человеком, к угрозе и подавлению. 
 (6)«Браунинги» и маленькие «вальтеры» поражали своей игрушечной миниатюрностью, никелем ствольных коробок, пленительным перламутром рукояток, изящными мушками над круглыми дульными выходами. (7)В этих пистолетах все было, удобно, аккуратно выточено, все сияло женственной нежностью, и была ласковая смертельная красота в легких и прохладных крошечных пульках. 
 (8)И как гармонично сконструирован был немецкий «шмайссер», почти невесомый, совершенный по своей форме автомат. (9)Сколько человеческого таланта было вложено в его эстетическую стройность прямых линий и металлических изгибов, манящих покорностью и словно бы ждущих прикосновения к себе. 
 (10)Тогда, более тридцати лет назад, я многого не понимал и думал: наше оружие грубее немецкого, и лишь подсознательно чувствовал некую противоестественность в утонченной красоте орудия смерти, оформленного как дорогая игрушка руками самих людей, смертных, недолговечных. 
 (11)Теперь же, проходя по залам музеев, увешанных оружием всех времен — пищалями, саблями, кортиками, кинжалами, секирами, пистолетами, видя роскошную инкрустацию оружейных лож, бриллианты, вправленные в эфесы, золото, сверкающее в рукоятках мечей, я с тошнотным чувством сопротивления мучаю себя. (12)Почему люди, подверженные, как и все на Земле, ранней или поздней смерти, делали и делают оружие красивым, даже изящным, подобным предмету искусства? (13)Есть ли какой-нибудь смысл в том, что железная красота убивает самую высшую красоту творения — человеческую жизнь? 
 (По Ю. Бондареву) 
"
56,"Текст Бондарева Ю. 
 (1)Для меня ясно одно: главные участники истории — это Люди и Время. (2)Не забывать Время — это значит не забывать Людей, не забывать Людей — это значит не забывать Время. 
 (3)Количество дивизий, участвовавших в том или ином сражении, со скрупулёзной точностью подсчитывают историки. (4)Однако они не смогут подслушать разговор в окопе перед танковой атакой, увидеть страдание и слёзы в глазах восемнадцатилетней девушки-санинструктора, умирающей в полутьме полуразрушенного блиндажа, вокруг которого гудят прорвавшиеся немецкие танки, ощутить треск пулемётной очереди, убивающей жизнь. 
 (5)Нам было тогда по двадцать лет. (6)Мы мечтали вернуться в тот солнечный довоенный мир, где солнце казалось нам праздничным солнцем, встающим над землёй изо дня в день по своей непреложной закономерности; трава была травой, предназначенной для того, чтобы расти; фонари — для того, чтобы освещать сухой апрельский тротуар, вечернюю толпу гуляющих, в которой идёшь и ты, восемнадцатилетний, загорелый, сильный. (7)Все ливни весело проходили над твоей головой, и ты был озорно рад блеску молний и пушечным раскатам грома; все улыбки в том времени предназначались тебе, все смерти и слёзы были чужими... (8)Весь мир, прозрачно-лучезарный, лежал у твоих ног ранним голубым апрелем, обогревая добротой, радостью, ожиданием любви. (9)Там, позади, не было ожесточённой непримиримости, везде была разлита зеленовато-светлая акварель в воздухе; и не было жёстких чёрных красок. (10)3а долгие четыре года войны, чувствуя близ своего плеча огненное дыхание смерти, молча проходя мимо свежих бугорков с надписями химическим карандашом на дощечках, мы не утратили в себе прежний мир юности, но мы повзрослели на двадцать лет и, мнилось, прожили их так подробно, так насыщенно, что этих лет хватило бы на жизнь двум поколениям. 
 (11)Мы узнали, что мир и прочен, и зыбок. (12)Мы узнали, что солнце может не взойти утром, потому что его блеск, его тепло способна уничтожить бомбёжка, когда горизонт тонет в черно-багровой завесе дыма. (13)Порой мы ненавидели солнце — оно обещало лётную погоду и, значит, косяки пикирующих на траншеи «юнкерсов». (14)Мы узнали, что солнце может ласково согревать не только летом, но и в жесточайшие январские морозы, вместе с тем равнодушно и беспощадно обнажать своим светом во всех деталях недавнюю картину боя, развороченные прямыми попаданиями орудия, тела убитых, которых ты минуту назад называл по имени. (15)Мы узнавали мир вместе с человеческим мужеством и страданиями. 
 (16)Время уже тронуло память: потускнели детали, полузабыты лица погибших, не так остро ощутимы в воспоминаниях запахи развороченных снарядами окопов, ты не пригибаешься инстинктивно на улице при отдалённом звуке отбойного молотка, напоминающем бой крупнокалиберного пулемета. (17)При вспышках праздничных ракет над крышами домов не рвётся из горла невольный крик: «Ложись!» (18)Уже привычно не выискиваешь взглядом место на углу, возле аптеки или универмага (место для огневой позиции с широким сектором обстрела), а случайно услышанный в сумерках крик ребенка не вызывает в памяти чёрные контуры разбитых деревень, печную гарь дымящихся развалин, обугленные сады, плач в темноте. 
 (19)Долгожданный мир (мы шли к нему четыре года) прочно вошёл в сознание — мир с блеском утреннего солнца на мостовых, с шелестом переполненных по вечерам троллейбусов и уютной на рассвете вознёй голубей на карнизах. 
 (По Ю. Бондареву*) 
 *Юрий Васильевич Бондарев (род. в 1924 г.) — русский писатель, прозаик, автор романов, повестей и рассказов. Участник Великой Отечественной войны.  
"
57,"Текст Бондарева Ю.  
 (1)Я проснулся глубокой ночью от неистового бега, грохота колёс, от скрипа полок, от дребезжания полуоткрытой двери купе — над головой ходили пронзительные сквознячки.  
 (2)В коридоре и купе было темно: я долго лежал с открытыми глазами, угадывая в потёмках чёрный квадрат окна, за которым всё было непроницаемо, по-ночному глухо, и невозможно было понять, степь или леса шли в этой бесконечной, тайной, непостижимой, как мрак, Вселенной.  
 (3)Потом в заоконной бездне неба вспыхнула запредельным огнём, замерцала синяя одинокая звезда.  
  (4)Поезд по-прежнему мчался, не сбавляя набранной скорости, затерянный в тёмных осенних пространствах, без земных огней, невидимый с немыслимой высоты этой звезды, горевшей среди ледяных космических пустынь, отъединённых от Земли многомиллионными расстояниями.  
 (5)В высокомерной своей недосягаемости звезда плыла рядом с вагоном, ярко, космато шевелила щупальцами лучей во мраке мироздания, проникая сквозь его холод, и я неотрывно смотрел на неё с чувством восторга и страха перед неразгаданностью каких-то существующих вне разума законов, которые для чего-то беспощадно уплотняли вечность в миг и миг растягивали в вечность. (6)«3начит, вечность — это жизнь, миг — это разрушение?..»  
 (7)Представьте, мне стало страшно оттого, что все бессильно перед этими законами: жизнь, любовь, искусство, сама Землю, этот обжитой уютный островок в беспредельном угрожающем океане неизвестности…  
 (8)И я представил нашу Землю, какой она может видеться с высоты этой равнодушной осенней звезды, маленькую, голубоватую пылинку, этот воздушный кораблик, мчащийся сквозь толщи фиолетового холода, звёздного света, сквозь метеоритные, сверкающие туманы, представил его хрупкость, его слабость, его ограниченные запасы воды и продовольствия — и ужаснулся при мысли о беспомощности его во Вселенной. 
  (9)Если бы каждый из команды на этом кораблике осознал, что впереди смертельный риф и в столкновении с ним бесследно исчезнет, рассыплется в ничто прекрасная его плоть, состоящая из лесов, рек, океанов, дождей, закатов, зелени травы, красивейших городов, памятников, соборов, машин, книг, полотен живописцев, всё то, что создано гениями человеческой мысли и человеческими руками, если бы каждый хотя на минуту задумался о скоротечном веке Земли, люди не расшатывали бы свой корабль с борта на борт, не пробивали бы дыры в его днище дьявольскими силами расщеплённой природы, не полосовали бы ножами злобы и ненависти с одержимостью самоубийц надутые паруса. 
  (10)Неужели никогда люди не поймут, что Земля должна быть их чистым, светлым белопарусным кораблём, путь которого, к сожалению, не бесконечен? (11)Не задумываясь об этом, люди порой утрачивают главное – смысл неповторимости жизни, и тут наступает безжалостное Земли и человека. (12)Тогда наша крошечная планета становится лишь средством для достижения современных удобств и удовольствий.  
 (13)Да, человек не только мучает, терзает и ранит плоть Земли разрывами снарядов и многотонных бомб с той поры, как начались войны, но он превращает свой дом в мусорный ящик, в грязную свалку использованных и уже ненужных предметов, в кладбище машин, транзисторов, бутылок, консервных банок. (14) Человек душит, отравляет Землю химическими отбросами, как будто в неистовости алчного обогащения торопится убить и её и себя.  
 (15)Ведь Земля — это живое тело со своим ритмом, дыханием, пульсом кровообращения, и естественный ток крови в ней остановить — смертельно. (16)Несомненно, люди понимают, вернее, чувствуют надвигающуюся опасность и в то же время уповают на туманное «потом», в котором может ничего и не случиться с прекраснейшим из миров. 
  (17)Но всё имеет начала и концы. 
  (По Ю. Бондареву *) 
 * Юрий Васильевич Бондарев (род. в 1924 г.) — русский советский писатель и публицист. 
 
"
58,"Текст Бондарева Ю. 
 (1)Утром, бреясь перед зеркалом, с неожиданной неприязнью я увидел бледность на лице, морщины под глазами, которые словно улыбались кому-то
чересчур доброжелательно, и, кривясь, вспомнил, как вчера встретился в дверях лаборатории с молодым удачливым профессором, делающим необъяснимо
быструю карьеру в науке. (2)Его карьера не была определена особым умом или выдающимся талантом, однако он стремительно шёл в гору, защитил
кандидатскую, уже писал докторскую, поражая коллег-сверстников бойким продвижением и умением нравиться начальству. 
 (3)Мы не любили друг друга, едва здоровались издали, наша нелюбовь была и в тот момент, когда мы столкнулись в дверях, но, увидев меня, он молниеносно заулыбался счастливой улыбкой, излучая энергию радости, горячего восхищения этой внезапностью встречи, и стиснул мне руку со словами: 
 (4)–Очень, очень рад вас видеть, коллега! (5)Только на днях прочитал вашу первоклассную статью об Антарктике и очень пожалел, что не работаем вместе над одной проблемой! 
 (6)Я знал, что он лгал, ибо никакого дела ему не было до моей работы, и хотелось сухо ответить принятыми словами вежливости «спасибо», «благодарю», но я тоже заулыбался обрадованной улыбкой, затряс его руку, и показалось: его испуганные пальцы в какой-то миг попытались вывинтиться из моих пальцев, а я, тряся ему руку, говорил совсем осчастливленно: 
 (7)–Я слышал, начали докторскую? (8)Что ж, это великолепно, не упускаете время, мне весьма нравится ваша серьёзность, профессор! 
 (9)Я не знал, что со мной происходит, я говорил приятно-льстивые фразы, как будто под диктовку, и чувствовал, что улыбаюсь сахарнейшей улыбкой,
ощущаемой даже лицевыми мускулами. (10)И это ощущение собачьей улыбки, долгое трясение его руки и звук своего голоса преследовали меня целый день – о, как потом я морщился, скрипел зубами, ругал всеми словами некоего второго человека внутри себя, который в определённых обстоятельствах бывал сильнее разума и воли. 
 (11)Что это было? (12)Самозащита? (13)Благоразумие? (14)Инстинкт раба? (15)Молодой профессор не был талантливее, не был умнее меня, кроме того, занимал положение в институте, зависимое от исследований моей лаборатории, а она нисколько не зависела от его работы. (16)Но почему с таким сладострастным упоением я тряс руку этому карьеристу и говорил приятные фальшивые слова?  
 (17)Утром, во время бритья разглядывая своё лицо, я вдруг испытал приступ бешенства против этого близкого и ненавистного человека в зеркале, способного притворяться, льстить, малодушничать, как будто надеялся прожить две жизни и у всех проходных дверей обезопасить весь срок земной.  
 (По Ю. Бондареву) 
 *Юрий Васильевич Бондарев (родился в 1924 г.) – прозаик, публицист, участник Великой Отечественной войны. 
 
"
59,"Текст Бондарева Ю. 
  (1)Кружила январская метелица, скрипели мёрзлые тополя в переулке, верховой ветер гремел железом, то и дело срывал снежную пыль с карнизов, нёс её вдоль побелённых заборов, над свежими сугробами, а оно, это единственное в ночи окно, светилось зелёным уютным пятном и, всегда одинаково яркое, тёплое, занавешенное, притягивало к себе, вызывало приятное ощущение неразгаданной тайны. 
  (2)Неизменно каждый вечер меня встречал в переулке этот домашний маячок в деревянном домике, загороженный занавеской огонёк настольной лампы, — и я представлял натопленную комнату, стеллажи, заставленные книгами по всем стенам, потёртый коврик на полу перед диваном, письменный стол, стеклянный абажур лампы, распространяющий оранжевый круг в полумраке, и кого-то, мило сутуловатого, в старческих добрых морщинах, кто одиноко жил там, окружённый благословенным раем книг, листал их ласкающими пальцами, ходил по комнате шаркающей походкой, думал, работал до глубокой ночи за письменным столом, ничего не требуя от мира, от суетных его удовольствий. (3)Но кто же он был — учёный, писатель? (4)Кто? 
  (5)Раз прошлой весной (в набухшей сыростью мартовской ночи всюду капало, тоненько звенели расколотые сосульки, фиолетовыми стёклышками отливали под месяцем незамёрзшие лужицы на мостовой) я глядел на знакомое окно, на ту же зеленовато-тёплую, освещённую изнутри занавеску, испытывая необоримое чувство. (6)Мне хотелось подойти, постучать в стекло, увидеть колыхание отодвинутой занавески и его знакомое в моём воображении лицо, иссечённое сеточкой морщин вокруг прищуренных глаз, увидеть стол, заваленный листами бумаги, внутренность комнатки, заполненной книгами, коврик на полу... (7)Мне хотелось сказать, что я, наверное, ошибся номером дома, никак не найду нужную мне квартиру — примитивно солгать, чтобы хоть мельком заглянуть в пленительный этот воздух чистоплотного его жилья и работы в окружении книг — казалось, единственных его друзей. 
  (8)Но я не решился, не постучал. (9)И позднее не мог простить себе этого. 
  (10)Нет, спустя два месяца ничего не изменилось, всё было по-прежнему, а в тихоньком переулке была весна, майский вечер медленно темнел в глубине замоскворецких двориков; среди свежей молодой зелени зажигались фонари над заборами, майский жук с гудением потянул из дворика, ударился о стекло фонарного колпака, упал на тротуар, замер, потом задвигал ошеломлённо лапками, пытаясь перевернуться. (11)Тогда я помог ему, сказав зачем-то: «Что ж ты?..» (12)Он пополз по тротуару к стене дома, к водосточной трубе (она была в трёх шагах от окна), а я почувствовал какое-то внезапное неудобство, глянувшее на меня из майских сумерек. 
  (13)Окно в домике не горело. (14)Оно было как провал... 
  (15) Что случилось? 
  (16) Я дошёл до конца переулка, постоял на углу, вернулся, надеясь увидеть знакомый свет в окне. (17)Но окно сумрачно отблёскивало стёклами, занавеска висела неподвижно, не теплилось на ней преоранжевое зарево, как бывало по вечерам, и в один миг всё стало неприютным, и показалось, что там, в невидимой этой комнатке, произошло несчастье. 
  (18)С беспокойством я опять дошёл до угла и, уже подсознательно торопясь, вернулся в переулок. (19)Я внушал себе, что сейчас вспыхнет зелёный свет на занавеске и всё в переулке станет обыденным, умиротворённым... 
  (20) Свет в окне не зажёгся. 
  (21) А на следующий день я почти бегом завернул по дороге домой в соседний переулок, и здесь неожиданное открытие поразило меня. (22)Окно было распахнуто, занавеска отдёрнута, выказывая нутро комнаты, книжные полки, какую-то карту на стене, — всё это впервые увидел я, не раз представляя моего неизвестного друга за вечерней работой. 
  (23) Пожилая женщина с мужским лицом и мужской причёской стояла у письменного стола и смотрела в пространство отсутствующими глазами. 
  (24) Тотчас она заметила меня, рывком задёрнула занавеску — и шершавый холодок вполз в мою душу. (25)И дом, и переулок, и окно представились мне ложными, незнакомыми. 
  (26)И я понял, что случилось несчастье, что мой воображаемый друг, тот седенький старичок с шаркающей походкой, к которому так тянуло меня душевно, был нужен мне как близкий друг. 
 (По Ю. Бондареву*) 
 * Юрий Васильевич Бондарев (1924-2020) — русский писатель, прозаик, автор романов, повестей и рассказов. Участник Великой Отечественной войны.  
"
60,"Текст Ботова И. 
 (1) Образованные нам не нужны. (2)Только лишь образованные. (3)Если начинать с вывески, то в ней должна быть отображена иная, более верная суть становления человека. (4)Не министерство образования, а министерство воспитания здоровой, гармоничной личности. 
 (5)Наобразовывали уже мы чиновников, строителей финансовых пирамид, нечистоплотных политиков, преступников, пора уже и понимать, что во главу угла нужно поставить нравственность. (6)Так как ненравственный человек - это не совсем человек, ибо живёт, разрушая общество, то есть вовсе не человек. (7)3ачем он нам такой нужен? (8)И зачем нам сама эта система, что воспитывает обществу преступников? 
 (9)О воспитании, термине, которым лично для себя раз и навсегда заменяю термин «образование», говорить очень тяжело. (10)Велика ответственность перед этой, самой главной, темой, самым главным делом в жизни и деятельности людей. 
(11)Если учитель не вложит в душу ученика всё лучшее, что выработало человечество, человека не будет. (12)И какое ныне отношение к этому, самому важному для нашего будущего, делу? 
 (13)По расходам из бюджета страны на одного учащегося средней школы в процентах к ВВП мы занимаем аж второе место в мире. (14)Не радуйтесь. (15)Второе место наше - это место от конца. (16)3а нами только африканская страна Зимбабве. (17)Как изменился мир в ответ на такую «заботу»? (18)Ныне 800 000 детей школьного возраста безграмотны, более 3 миллионов не посещают школу... 
 (19)Остальным же стандартное среднее, усреднённое образование сваливается в душу кучей ненужных, обременяющих знаний. (20)Не культивируют каждого индивидуально, как куст, лелея сильные стороны личности, устраняя мягко недостатки, а стригут все кусты одинаково -прямоугольником. (21)Самая лучшая пора года - каникулы, самое лучшее время в школе - перемена, самая большая радость в школе - ура, учительница заболела. (22)Или - меня сегодня не спросили. (23)Отчего? (24)Оттого что душа отворачивается от знаний, потому что не подогревается ни интересом индивидуальным от сродства души с изучаемым предметом, ни видимой очевидной пригодностью этих знаний в будущем. (25)Чувство тошноты появляется по отношению к этим бесконечно впихиваемым в голову серым, усреднённым знаниям. (26)Чувство протеста. (27)Иногда протест проскальзывает в поведении. (28)Объединяет учеников, противопоставляя их педагогам. (29)Убивается любознательность, присущая детям в начале учёбы. (30)Знание тяготит, ибо не обогащает. (31)3атем подрастающему недорослю (душевному, имею в виду, ростом-то он под два метра) попадаются сигареты, пиво, затем иные быстрые способы получения удовольствия, он скатывается до порочных, неправильных привычек, и они ведут по жизни уже до конца. (32)Для познания этот человек уже потерян. (33)Знания его уже не интересуют. (34)Они тяготят - вбила в него школа. (35)Он не стремится к расширению знаний, своего кругозора; выпить, покурить, секс, танцы -только эти источники получения удовольствия, удовлетворения от проживаемой им жизни у него и остаются. (36)Навсегда. 
 (37)Тридцать лет назад услышал, как ведущий передачи «Очевидное- невероятное» сказал: «(38)Большая часть знаний, что даёт нам школа, не нужна нам в институте. (39) Большая часть знаний, что даёт институт, не нужна нам в жизни». (40)Вот так, проблему вроде бы понимаем, но с тех лет ничего не изменилось. (41 )Но это не означает, что и дальше не нужно ничего менять. (42)Нужно срочно начинать создавать светлый мир будущего уже сегодня.    (По И. Ботову) 
"
61,"Текст Бочарова Г. 
 (1)Однажды зимой с телевизионных экранов Омска прозвучало обращение врачей к зрителям: пострадавшему человеку срочно требовалась донорская кровь. 
 (2)Люди сидели в тёплых уютных квартирах, никто не знал о делах друг друга, никто не собирался, да и не мог контролировать человеческие поступки. (3)Любой человек мог потом сказать: я не смотрел телевизор, я обращения не слышал. (4)Но контролёр всё же у большинства был. (5)Высший нравственный контролёр - совесть. (6)Но ведь и только! (7)Да, и только. (8)Но это «только», эта единственная избирательность и оказывалась главной в последующие минуты, когда человек начинал действовать. (9)На трамваях, на автобусах, на такси (!) люди добирались до больницы. (10)Дежурные медсестры выходили их встречать. (11)3а 30 минут в больницу приехало 320 человек. (12)Пострадавший был спасён. 
 (13)Я захотел встретиться хотя бы с некоторыми из этих людей. (14)Я заходил в их дома, разговаривал, выясняя мотивы поступка, мучительно подыскивал слова и ощущал, как не хватает этих слов не только мне, но и самим донорам... (15)Я до сих пор чувствую неловкость тех бесед, выяснений. (16)Главное ведь было в ином. (17)Главное заключалось и заключается в том, что люди эти действовали, исходя из своих привычных представлений о нравственном долге. (18)У них не было других мотивов. (19)Нравственный  долг — их главный, их основной мотив. (20)Поступок этих людей - не яркая вспышка, а норма поведения, и выпытывать мотив действия, направленного на помощь человеку, попавшему в беду, было воистину нелепо. 
 (21)На самом деле исследовать нужно в первую очередь нравственную атмосферу, обстановку, позволяющую воспитывать в людях подобное понимание чувства долга, подобную отзывчивость. (22)Это действительно необходимо, ибо важно, чтобы проявление гуманных свойств человеческой души стало для каждого естественной потребностью. (23)Для каждого! 
 (24)С особой ясностью я помню лица моих давних собеседников в моменты, когда их поступок многими журналистами характеризовался как подвиг. (25)Нет, эти люди хорошо знали, что подвиг - одно, а выполнение нравственного долга - другое. (26)Журналисту это следовало знать тоже. (27)Как и то, что каждый из этих людей, вообще каждый человек, способный преступить личное благополучие ради помощи другому человеку, способен и на гораздо большее. (28)Именно такой человек не допустит столкновения, конфликта между личным интересом и интересом общественным. 
 (29)Одно берёт начало в другом. (30)Большое - в малом, великое - в большом.   (По Г.Н. Бочарову) 
"
62,"Текст Бражина И. 
 (1)Старая поговорка гласит: «При громе оружия музы молчат». (2)Плохая поговорка.  
 (3)И плохи музы, которые в дни великих народных бедствий могут молчать, не помышляя о помощи борющемуся народу.  
 (4)По счастью, не все музы таковы. (5)Мне ведомы и иные. (6)Они сами являлись на мобилизационные пункты, получали назначения и потом в солдатских шинелях и кирзовых сапогах спешили на передовую. (7)Их часто видели в окопах и землянках; они делили хлеб и судьбу, труды и опасности с теми, кто грудью стоял за свою землю.  
 (8)И так было всегда. (9)Нет никаких сомнений, что «Слово о полку Игореве» - не только вдохновенная поэма, но и военный очерк очевидца, созданный свидетелем описываемых событий. (10)Нет никаких сомнений в том, что автор «Слова» проделал вместе с дружиной Игоря весь поход от начала до конца. (11)В противном случае «Слово» не было бы столь достоверным и столь зримым в деталях , увидеть и запомнить которые мог только участник похода. (12)Сама тональность «Слова» не могла бы быть столь пронизанной живейшим участием к бедам и испытаниям, какие выпали на долю Игоревых полков, не могла бы быть такой, если бы сам певец не делил ратных трудов и судеб с дружинниками.  
 (13)То же было и позже, в годины народных бед и военных гроз. (14)«Певец во стане русских воинов» появился в дни Отечественной войны тысяча восемьсот двенадцатого года в военном лагере под Тарутином, где находился вступивший с началом войны в ополчение В. Жуковский.  
 (15)В разгар войны поэт Денис Давыдов стал во главе партизанского движения и бил врага и днём и ночью, в лесах и в открытом поле, в зимнюю стужу и в осеннюю распутицу.  
 (16)Этим славным традициям певцов-воинов следовали поэты и прозаики в Отечественной войне тысяча девятьсот сорок первого - сорок пятого годов. (17)Они отдавали кровному делу родной земли свое перо, а часто и саму жизнь. (18)Смертью храбрых пали Гайдар, Уткин, Гудзенко… многие-многие другие - вечная им память и вечная слава. 
  (По И. Бражину*) 
 *Бражин Игорь Константинович — современный публицист. 
 Информация о тексте 
 
"
63,"Текст Брусковой Е. 
 (1)У Галины Улановой была вселенская слава. (2)И уникальность её личности в художественной культуре ХХ столетия с годами становится всё очевиднее. 
 (3)Уланова принадлежит к тем редким артистам, которые открывают новые возможности в своем искусстве. (4)Она, не побоимся сказать, демократизировала искусство балета. (5)Средствами танца, пластики она передавала сложнейшие переживания своих героинь, передавала мысль «с ясностью дневного света». (6)В условнейший жанр балета великая балерина принесла невиданную жизненную подлинность. (7)Станцевать Шекспира, и так, чтобы об этом говорили, что это действительно шекспировский образ, что такой Джульетты не было даже в драме, – значит открыть новую страницу балетного искусства.  
 (8)Ей нет равной в «поэзии танца», в искусстве танцевальной выразительности. (9)Она создала не просто незабываемые образы, а сотворила свой художественный мир – царство человеческой духовности» – и приобщила к нему зрителей, дала им «новый дар чувствования и миропонимания», как заметил пианист С. Рихтер. 
 (10)Всё это, конечно, было бы невозможно без совершенного владения техникой танца. (11)Исполнительская школа у неё была безупречной, но не это было главным. (12)Танец Улановой являл собою средоточие одухотворенности и мастерства, в нём была уравновешенность и гармония всех элементов. (13)Чтобы достигнуть этого, помимо артистического дарования, нужна была ещё и великая преданность труду, одержимость трудом. (14)Взыскательная и требовательная к себе, она всю свою жизнь посвятила служению искусству. 
 (15)Сколько раздумий, откровений, удивительных слов и пронзительных мыслей вызывало её искусство у самых разных людей! (16)Любая роль балерины становилась предметом исследований критиков и восторга зрителей. (17)Загадку, тайну её искусства пытались постичь многие. (18)«Она гений русского балета, его неуловимая душа, его вдохновенная поэзия», – сказал о ней её великий современник, композитор Сергей Прокофьев. (19)И действительно, что бы ни танцевала Уланова, она всегда была русской: в ней именно русское очарование, русская застенчивость, русская духовная сила, «русская меланхолия». (20)Глядя на её Джульетту, Одетту, Аврору, почему-то всегда думаешь о красоте России, её берёзах, полях, северных белых ночах. (21)Наверное, поэтому она и есть наша национальная гордость. 
 (22)В 1956 году Большой театр впервые выехал на гастроли в Европу. (23)Легенда о великой Улановой опередила её выход на сцену, её выступления с нетерпением ждали требовательные знатоки и искушённые зрители. (24)Легенды опасны. (24)Но сорокашестилетняя актриса показала себя на уровне этой легенды, она добилась большего, чем от неё ждали. (25)Она заставила зрителей почувствовать себя облагороженными, заставила их испытать эмоциональное и художественное потрясение. 
 (26)В Лондоне Галина Уланова узнала величайший триумф, который когда-либо имела танцовщица. (27)Газеты вышли с восторженными отзывами: «Не описать словами!», «Видели чудо? – Это Уланова!» (28)Известный английский балетный критик Айрис Морли писала: «Чистота, правда и грация исходят от неё, как свет далёкой звезды, как знак другой, более высокой цивилизации». 
 (30)Уланова ушла, а свет звезды остался и помогает нам верить в прекрасное и надеяться.  
  (По Е. Брусковой)  
"
64,"Текст Бубновского С. 
  (1)Я делал очередной обход пациентов первого корпуса, в котором размещался женский дом для престарелых. (2)Хорошо приживались здесь, как правило, только те, кто давно жил в одиночестве. (3)Если же в эту компанию попадали женщины из семьи, сдавшей свою больную маму под присмотр врачей на время, оправдываясь своей занятостью или командировками, такие жильцы обычно умирали в первые шесть месяцев, не в силах выдержать жизнь вне дома. (4)Дети периодически навещали своих мам и иногда даже забирали домой – на время, на воскресенье. (5)Затем их опять сдавали, как багаж в камеру хранения. 
 (6)В 12-й комнате я увидел женщину интеллигентной внешности, опрятно одетую, со следами былой красоты. (7)Она, маленькая и хрупкая, сидела на краю кровати и тихо плакала. (8)Её руки, украшенные рисунком из вздувшихся на запястье вен, как-то смиренно лежали на коленях. (9)На полу – костыли, до которых, как выяснилось, она не могла дотянуться: её позвоночник был словно несгибаемая палка. 
 (10)Мария Сергеевна – так звали мою пациентку – сравнительно недавно стала жительницей нашего учреждения, всего четыре месяца. (11)Но край уже был виден…(12)Дети сначала посещали её раз в неделю. (13)Затем – раз в месяц. (14)На этот раз она ждала их уже два месяца. (15)Они сказали ей, что уехали в длительную командировку и навестят её, как только вернутся в Россию. 
 (16)Всю жизнь Мария Сергеевна работала в школе, так что привыкла быть в центре внимания, ощущая свою востребованность. (17)Выйдя на пенсию, она первое время помогала детям, ухаживала за внуками. (18)Но старые проблемы с суставами в конце концов выключили её из активной жизни. (19)Мария Сергеевна стала в тягость домашним. (20)Её сдали в интернат, лишив тем самым дома, хотя обещали регулярно забирать. (21)Аргументировали тем, что мама нуждалась в постоянной медицинской помощи, а они (дети) часто и надолго уезжали. (22)Увы, это обычная версия уставших от больных родителей детей. 
 – (23)Домой хотите, Мария Сергеевна? (24)Насовсем? – спросил я, когда завершил довольно болезненную диагностику её позвоночника. (25)Она подняла голову, посмотрела на меня, и из её глаз буквально хлынули слёзы. 
 – (26)А это возможно? – спросила она, всхлипывая. 
 – (27)Да, но придётся потерпеть. (28)Будет больно. 
 – (29)Я согласна. 
 (30)Так начались сеансы нашей терапии: ежедневные упражнения, подкреплённые желанием Марии Сергеевны вернуться домой. (31)Мы работали два месяца почти ежедневно. (32)Всё это время новостей от детей не было. (33)Может быть, ждали истечения шестого месяца? 
 (34)Приближался Новый год. (35)Всех жителей интерната посещали родственники. (36)Пришли навестить и Марию Сергеевну. (37)Она стояла в холле, напротив входной двери, нарядно одетая, с тростью в руке – и никаких костылей. (38) «Мама! – услышал я удивлённый женский голос, даже крик. – (39)Кто тебя привёл сюда?» – (40) «Я сама», – спокойно и даже как-то гордо ответила моя пациентка. (41)Они вышли из корпуса интерната, причём Мария Сергеевна шла достаточно легко, опираясь на свою трость. 
 (42)Больше я не видел её в интернате. (43)Мария Сергеевна осталась дома, и я был за неё спокоен. (44)Ей шёл всего лишь 76 год. (45)Ведь старость – это не возраст, а прежде всего состояние физической сохранности. (46)Если есть желание жить, быть нужным и полезным, находиться дома, с семьёй, болезнь и старость можно победить. (47)Надо лишь постараться. 
 (По С.М. Бубновскому) 
 *Сергей Михайлович Бубновский (род в 1955 г.) – доктор медицинских наук, профессор, автор безоперационных методов лечения позвоночников и суставов.  
"
65,"Текст Бунина И. 
 (1)Сегодня долго читал - и вдруг возмутило. (2)Опять с раннего утра читаю, опять с книгой в руках! (3)И так изо дня в день, с самого детства! (4)Полжизни прожил в каком-то несуществующем мире, среди людей никогда не бывших, выдуманных, волнуясь их судьбами, их радостями и печалями, как своими собственными. (5)И как теперь разобраться среди действительных и вымышленных спутников моего земного существования? (6)Как разделить их, как определить степени их влияния на меня? 
 (7)Я читал, жил чужими выдумками, а поле, усадьба, деревня, мужики, лошади, мухи, шмели, птицы, облака - всё жило своей собственной, ... жизнью. (8)И я внезапно почувствовал это и очнулся от книжного наваждения, отбросил книгу в солому и с удивлением и с радостью, какими-то новыми глазами смотрю на эту жизнь, остро вижу, слышу, обоняю - главное, чувствую что-то необыкновенно простое и в то же время необыкновенно сложное, то глубокое, чудесное, невыразимое, что есть в жизни и во мне самом и о чём никогда не пишут как следует в книгах. 
 (9)Пока я читал, в природе шли изменения. (10)Было солнечно, празднично - теперь всё померкло, многоголосый мир замолчал. (11)В небе понемногу собирались облака и тучки, кое-где ещё светлые, красивые, а к западу, за деревней, за её лозинами, дождевые, синеватые, скучные. (12)Мягко пахнет далёким полевым дождем. (13)В саду поёт одна иволга. 
 (14)По сухой фиолетовой дороге, пролегающей между гумном и садом, возвращался  с погоста  мужик.  (15)На плече - белая  железная лопата с прилипшим   к   ней   синим   чернозёмом.   (16)Лицо   помолодевшее,   ясное. (17)Шапка сдвинута с потного лба. 
 - (18)Своей девочке куст жасмину посадил! - бодро сказал он. -(19)Доброго здоровья. (20)Всё читаете, всё книжки выдумываете? 
 (21)Он счастлив. (22)Чем? (23)Только тем, что живёт на свете, то есть совершает нечто самое непостижимое в мире. 
 (24)В саду поёт иволга. (25)Всё прочее стихло, смолкло, даже петухов не слышно. (26)Одна она поёт - не спеша выводит игривые трели. (27)3ачем, для кого? (28)Для себя ли, для той ли жизни, которой сто лет живёт сад, усадьба? (29)А может быть, это усадьба живёт для её флейтового пения? 
 (30)«Своей девочке куст жасмину посадил». (31)А разве девочка об этом знает? (32)Мужику кажется, что знает, и, может быть, он прав. (33)Мужик к вечеру забудет об этом кусте, - для кого же он будет цвести? (34)А ведь будет цвести, и будет казаться, что не даром, а для кого-то и для чего-то. 
 (35)«Всё читаете, всё книжки выдумываете». (36)Зачем выдумывать? (37)3ачем герои и героини? (38)3ачем роман, повесть, с завязкой и развязкой? (39)Вечная боязнь показаться недостаточно книжным, недостаточно похожим на тех, что прославлены! (40)И вечная мука - вечно молчать, не говорить как раз о том, что есть истинно твоё и единственно настоящее, наиболее законно требующее выражения, то есть следа, воплощения и сохранения хотя бы в слове! 
 (По И. Бунину*) 
 *Бунин Иван Алексеевич (1870-1953) - русский прозаик, поэт, публицист, переводчик, один из авторов первой волны русской эмиграции, лауреат Нобелевской премии по литературе 1933 г. 
"
66,"Текст Бунина И. 
 (1)В час ночи, зимней, деревенской, до кабинета доносится из дальних комнат жалобный детский плач. (2)Дом, усадьба, село – всё давно спит. (3)Не спит только Хрущёв, он сидит читает, порою останавливает усталые глаза на огнях свечей: 
 – (4)Как всё прекрасно! (5)Даже этот голубой стеарин! 
 (6)Огни, их золотисто-блестящие острия с прозрачными ярко-синими основаниями, слегка дрожат, – и слепит глянцевитый лист большой фран- цузской книги. (7)Хрущёв подносит к свече руку – становятся прозрачными пальцы, розовеют края ладони. (8)Он, как в детстве, засматривается на нежную, ярко-алую жидкость, которой светится и сквозит против огня его собственная жизнь. 
 (9)Плач раздаётся громче – жалобный, умоляющий. 
 (10)Хрущёв встаёт и идёт в детскую. (11)Он проходит тёмную гостиную, – чуть мерцают в ней подвески люстры, зеркало, – проходит тёмную диванную, тёмную залу, видит за окнами лунную ночь, ели палисадника и бледно-белые пласты, тяжело лежащие на их чёрно-зелёных мохнатых лапах. (12)Дверь в детскую отворена, лунный свет стоит там тончайшим дымом. (13)В широкое окно без занавесок просто, мирно глядит снежный озарённый двор. (14)Голубовато белеют детские постели. (15)В одной спит Арсик. (16)Спят на полу деревянные кони, спит на спине, закатив свои круглые стеклянные глаза, беловолосая кукла, спят коробки, которые так заботливо собирает Коля. (17)Он тоже спит, но во сне поднялся в своей постельке, сел и заплакал горько, беспомощно – маленький, худенький, большеголовый... 
 – (18)В чём дело, дорогой мой? – шепчет Хрущёв, садясь на край постельки, вытирая платком личико ребёнка и обнимая его. 
 (19)Ребёнок прижимается к нему, дёргается от всхлипываний, понемногу затихает... (20)Что это будит его вот уже третью ночь? 
 (21)Луна заходит за лёгкую белую зыбь, лунный свет, бледнея, тает, меркнет – и через мгновение опять растёт, ширится. (22)Опять загораются подоконники, косые золотые квадраты на полу. (23)Хрущёв переводит взгляд с пола, с подоконника на раму, видит светлый двор – и вспоминает: вот оно что, опять забыли сломать это белое чудище, что дети сбили из снега, поставили среди двора, против окна своей комнаты! (24)Днём Коля боязливо радуется на него (это человекоподобный обрубок с бычьей рогатой головой и короткими растопыренными руками); ночью, чувствуя сквозь сон его страшное присутствие, вдруг, даже не проснувшись, заливается горькими слезами. (25)Да, снегур и впрямь страшен ночью, особенно если глядеть на него издали, сквозь стёкла: рога поблёскивают, от головы, от растопыренных рук падает на яркий снег чёрная тень. (26)Но попробуй-ка сломать его! (27)Дети будут реветь с утра до вечера, хотя он всё равно уже тает понемногу: скоро весна, мокнут и дымятся в полдень соломенные крыши... 
 (28)Хрущёв осторожно кладёт ребёнка на подушку и осторожно выходит. (29)В прихожей он надевает оленью шапку, оленью куртку, застёгивается, поднимая чёрную узкую бороду. (30)Потом отворяет тяжёлую дверь в сени, идёт по скрипучей тропинке за угол дома. (31)Луна, невысоко стоящая над редким садом, что сквозит на белых сугробах, ясна, но по- мартовски бледна. (32)Раковинки лёгкой облачной зыби тянутся кое-где по небосклону. (33)Тихо мерцают в глубокой прозрачной синеве между ними редкие голубые звёзды. (34)Молодой снежок чуть запорошил крепкий, старый. (35)От бани в саду, стеклянно блещущей крышей, бежит гончая Заливка. «(36)Здравствуй, – говорит ей Хрущёв. – (37)Мы одни с тобой не спим. (38)Жалко спать, коротка жизнь, поздно начинаешь понимать, как хороша она...» 
 (39)Он подходит к снегуру и медлит минуту. (40)Потом решительно, с удовольствием ударяет в него ногою. (41)Летят рога, рассыпается белыми комьями бычья голова... (42)Ещё один удар – и остаётся только куча снега. (43)Озарённый луной, Хрущёв стоит над нею и, засунув руки в карманы куртки, глядит на блещущую крышу. (44)Он наклоняет к плечу своё бледное лицо с чёрной бородой, свою оленью шапку, стараясь уловить и запомнить оттенок блеска. (45)Потом поворачивается и медленно идёт по тропинке от дома к скотному двору. (46)Двигается у ног его, по снегу, косая тень. (47)Дойдя до сугробов, он пробирается между ними к воротам. (48)Он заглядывает в щель, откуда резко тянет северным ветром. (49)Он с нежностью думает о Коле, думает о том, что в жизни всё трогательно, всё полно смысла, всё значительно. (50)И глядит во двор. (51)Холодно, но уютно там. (52)Под навесами сумрак. (53)Сереют передки телег, засыпанные снегом. (54)Над двором – синее, в редких крупных звёздах небо. (55)Половина двора в тени, половина озарена. (56)И косматые белые лошади, дремлющие в этом свете, кажутся зелёными. 
 (По И.А. Бунину*) 
 * Иван Алексеевич Бунин (1870–1953) – русский писатель, поэт и переводчик, лауреат Нобелевской премии по литературе. 
 
"
67,"Текст Быкова В. 
 (1)Меня как человека, пишущего о войне, главным образом интересовали  два нравственных момента, которые упрощённо можно определить так: что  такое человек перед сокрушающей силой бесчеловечных обстоятельств и на   что он готов пойти, когда возможности с честью отстоять свою жизнь  исчерпаны им до конца и предотвратить смерть невозможно? (2)Ведь никому не хотелось лишаться своей единственной и такой дорогой  ему жизни, и только необходимость до конца оставаться честным человеком  заставляла идти на смерть. (3)В то же время находились люди, которые  пытались совместить несовместимое. (4)Они надеялись сохранить жизнь и не погрешить против совести, что в определённых, трагических обстоятельствах  оказывалось невероятно трудным, если не совсем безнадёжным. (5)Много лет в моей памяти жил один случай, настойчиво будораживший  мое сознание. (6)Это произошло в августе сорок четвёртого года, когда наши войска успешно прорвали оборону противника, окружили кишинёвскую  группировку гитлеровцев, взяли большое количество пленных.  (7)В большом дворе стояли, сидели и лежали на истоптанной траве сотни  румын и немцев. (8)Проезжая мимо, замечаю вдруг небритое лицо одного из тех, кто безучастно сидит у самой изгороди. (9)В следующее мгновение я узнал прежнего моего сослуживца, который с осени сорок третьего считался погибшим. (10)Более того, за стойкость, проявленную в тяжёлом бою на Днепровском плацдарме, за умелое командование окружённым батальоном этот человек «посмертно» был удостоен высокой награды. (11)О нём рассказывали новому пополнению, о его подвиге проводились беседы, а он вот сидел теперь передо мной в пропотевшем немецком кителе, оборванный и понурый. (12)Я смотрел на него, а он, видно, поняв, что молчанием не обойтись, сказал после тяжёлого вздоха:  
 (13)– Вот так оно получается!  
 (14)– Как же это случилось?  
 (15)В его тусклых печальных глазах не было ни злобы, ни отчаяния, была только тихая покорность судьбе, на которую он не замедлил сослаться. 
 (16)– Что делать! (17)Такова судьба.  
 (18)Этот человек рассказал мне, что в том памятном бою на плацдарме он не был убит, а был только ранен и попал в плен. (19)В лагере, где он потом оказался, сотнями умирали от голода, а он хотел жить и, вознамерившись обвести немцев вокруг пальца, записался во власовскую армию с надеждой перебежать к своим. (20)Но, как назло, удобного момента  всё  не  было, так  как  фронт  находился в обороне, а за власовцами  зорко следили гитлеровцы.  
 (21)Ему пришлось принять участие в боях против своих, хотя, разумеется, он стрелял вверх. (22)В конце концов оказался в плену, конечно же, сдался сам...  
 (23)Я верил ему: он говорил правду. (24)Безусловно, он не был из числа тех, которые жаждали служить врагу. (25)Просто, оказавшись в плену, он превыше чести поставил собственную жизнь и решил обхитрить фашистов. (26)И вот плачевный результат этой хитрости...  
 (По В. Быкову*.) 
 * Быков Василь (Василий) Владимирович (1924 – 2003) – советский белорусский писатель, публицист и общественный деятель, участник  Великой Отечественной войны, один из наиболее ярких представителей  военной прозы второй половины XX века.  
"
68,"Текст Быкова В. 
 (1)Он упал на заборонованную мякоть огородной земли, не добежав всего каких-нибудь десяти шагов до иссечённого осколками белого домика с разрушенной черепичной крышей — вчерашнего «ориентира три». 
(2)Перед тем он, разорвав гимнастёрку, пробрался сквозь чащу живой изгороди, в которой с самого начала этого погожего апрельского утра гудели, летали пчёлы, и, окинув быстрым взглядом редкую цепочку людей, бежавших к окраинным домикам, замахал руками и сквозь выстрелы крикнул:
— Принять влево, на кирху*! 
 (3)Потом пригнулся, боднул воздух головой и, выронив пистолет, уткнулся лицом в тёплую мякоть земли. 
 (4)Сержант Лемешенко в это время, размахивая автоматом, устало трусил вдоль колючей, аккуратно постриженной зелёной стены ограды и едва не наскочил на своего распростёртого взводного. (5)Сперва он удивился, что тот так некстати споткнулся, потом ему всё стало ясно. (б)Лейтенант навсегда застыл, прильнув русоволосой головой к рыхлой земле, поджав под себя левую ногу, вытянув правую, и несколько потревоженных пчёл суетились над его неподвижной пропотевшей спиной... 
 (7)Лемешенко вбежал в довольно широкий заасфальтированный двор, на котором разместилось какое-то низкое строение, видно гараж. (8)Вслед за сержантом вбежали сюда его подчинённые: Ахметов, Натужный, Тарасов, последним трусил Бабич. 
 — (9)Лейтенанта убило! — крикнул им сержант, высматривая проход. 
 (10)В это время откуда-то сверху и близко прогрохотала очередь, и пули оставили на асфальте россыпь свежих следов. 
 (11)Пулемёты били по стене, по шиферной крыше гаража, бойцы распластались под деревьями на травке и отвечали короткими очередями. (12)Натужный выпустил с полдиска и утих: стрелять было некуда, немцы спрятались возле церкви, и их огонь с каждой минутой усиливался. 
 (13)Ахметов, лёжа рядом, только сопел, зло раздувая тонкие ноздри и поглядывая на сержанта. (14)«Ну а что дальше?» — спрашивал этот взгляд, и Лемешенко знал, что и другие тоже поглядывали на него, ждали команды, но скомандовать что-либо было не так-то просто. 
 — (15)А Бабич где? 
 (16)Сержант хотел было приказать кому-нибудь посмотреть, что случилось с этим увальнем, но в это время слева замелькали фигуры автоматчиков их взвода: они высыпали откуда-то довольно густо и дружно ударили из автоматов по площади. (17)Лемешенко не подумал даже, а скорее почувствовал, что время двигаться дальше, в сторону церкви, и, махнув рукой, чтобы обратить внимание на тех, кто был слева, рванулся вперёд. (18)Через несколько шагов он упал под вязом, дал две короткие очереди, кто-то глухо шмякнулся рядом, сержант не увидел кто, но почувствовал, что это Натужный.  
 (19)Слева не утихали очереди — это продвигались в глубь парка его автоматчики. 
 (20)«Быстрее, быстрее», — в такт сердцу стучала в голове мысль. (21)Не дать опомниться, нажать, иначе, если немцы успеют осмотреться и увидят, что автоматчиков мало, тогда будет плохо, тогда они здесь завязнут... 
 (22)Пробежав ещё несколько шагов, он упал на старательно подметённую, пропахшую сыростью землю; вязы уже остались сзади, рядом скромно желтели первые весенние цветы. (23)Парк окончился, дальше, за зелёной проволочной сеткой, раскинулась блестящая от солнца площадь, вымощенная мелкими квадратами сизой брусчатки. 
 (24)В конце площади, возле церкви, суетились несколько немцев в касках. 
 (25)«Где же Бабич?» — почему-то назойливо сверлила мысль, хотя теперь его охватило ещё большее беспокойство: надо было как-то атаковать церковь, пробежав через площадь, а это дело казалось ему нелёгким. 
 (26)Автоматчики, не очень слаженно стреляя, выбегали из-за деревьев и залегали под оградой. (27)Дальше бежать было невозможно, и сержанта очень беспокоило, как выбраться из этого опутанного проволокой парка. (28)Наконец его будто осенило, он выхватил из кармана гранату и повернулся, чтобы крикнуть остальным. (29)Но что кричать в этом грохоте! (30)Единственно возможной командой тут был собственный пример — надёжный командирский приказ: делай как я. (31)Лемешенко вырвал из запала чеку и бросил гранату под сетку ограды. 
 (32)Дыра получилась небольшая и неровная. (33)Разорвав на плече гимнастёрку, сержант протиснулся сквозь сетку, оглянулся — следом, пригнувшись, бежал Ахметов, вскакивал с пулемётом Натужный, рядом прогремели ещё разрывы гранат. (34)Тогда он, уже не останавливаясь, изо всех сил рванулся вперёд, отчаянно стуча резиновыми подошвами по скользкой брусчатке площади. 
 (35)И вдруг случилось что-то непонятное. (36)Площадь покачнулась, одним краем вздыбилась куда-то вверх и больно ударила его в бок и лицо. (37)Он почувствовал, как коротко и звонко брякнули о твёрдые камни его медали, близко, возле самого лица брызнули и застыли в пыли капли чьей-то крови. 
 (38)Потом он повернулся на бок, всем телом чувствуя неподатливую жёсткость камней, откуда-то из синего неба взглянули в его лицо испуганные глаза Ахметова, но сразу же исчезли. (39)Ещё какое-то время сквозь гул стрельбы он чувствовал рядом сдавленное дыхание, гулкий топот ног, а потом всё это поплыло дальше, к церкви, где, не утихая, гремели выстрелы. 
 (40)«Где Бабич?» — снова вспыхнула забытая мысль, и беспокойство за судьбу взвода заставило его напрячься, пошевелиться. (41)Он понимал, что с ним самим случилось что-то плохое, но боли не чувствовал, только усталость сковала тело да туман застлал глаза, не давая видеть, удалась ли атака, вырвался ли из парка взвод. 
 (42)После короткого провала в сознании он снова пришёл в себя и увидел небо, которое почему-то лежало внизу, словно отражалось в огромном озере, а сверху на его спину навалилась площадь с редкими телами прилипших к ней бойцов. 
 (43)Он повернулся, пытаясь увидеть кого-нибудь живого, — площадь и небо качались, а когда остановились, он узнал церковь, недавно атакованную без него. (44)Теперь там уже не было слышно выстрелов, но из ворот почему-то выбегали автоматчики и бежали за угол. (45)3акинув голову, сержант всматривался, стараясь увидеть Натужного или Ахметова, но их не было. (46)3ато он увидел увальня Бабича и бежавшего впереди всех новичка Тарасова. (47)Пригнувшись, этот молодой боец ловко перебегал улицу, затем остановился, решительно замахал кому-то и исчез, маленький и тщедушный рядом с высоченным зданием кирки. (48)3а ним побежали бойцы, и площадь опустела. 
 (49)Сержант облегчённо вздохнул и как-то сразу успокоился и затих. (50)К победе пошли другие... 
 *Кирха - лютеранская церковь.  
 (По В. В. Быкову**) 
 ** Василь Владимирович Быков (1924-2003) — белорусский советский писатель, общественный деятель, участник Великой Отечественной войны. 
  Примерный круг проблем: 
 
"
69,"Текст Быкова В. 
 (1)Жизнь и смерть — вечная тема искусства, потому очевидно, что человеческая судьба заключена именно между двумя моментами — рождением и смертью. (2)Независимо от того, как человек к ним относится, они определяют его судьбу, его самоценность среди других ему подобных на этой земле. (З)Когда-то в годы войны мы, молодые тогда люди, познавшие жизнь именно в форме жестокой войны, привыкнув к ней, даже не замечали её постоянно и незримо давящего на сознание пресса, мы сжились с ним и просто не могли себя ощущать иначе. (4)И только 9 мая 1945 года, когда этот пресс вдруг исчез, мы не столько поняли, сколько неожиданно для себя почувствовали, от чего избавились. (5)Прежде всего от неопределённости нашей судьбы. (6)Впервые за годы войны жизнь обрела для нас смысл и избавилась от власти случайного. (7)Но ведь многие не дожили до этого дня, не дошли до Победы и так и не узнали об окончании этой войны. (8)Погибли в неведении. (9)И никогда не узнают о, может быть, самом важном из всего, что в течение ряда лет занимало на земле умы миллионов людей. 
 (10)Понятно и в общем объяснимо нередко высказываемое читательское желание счастливых финалов в произведениях. (11)Но вот что касается прозы о войне, то я, например, каждый раз теряюсь, сталкиваясь с выражением подобных желаний. (12)В таких случаях сам по себе возникает вопрос: что же такое литература? (13)И что такое искусство вообще? 
 (14)Говорят, что культура — это память человечества. (15)Это правильно. (16)Всё дело, однако, в том, что следует помнить, ведь человеческая память избирательна, а искусство уже в силу своей природы избирательно тем более. (17)Например, что касается войны, то один из её участников из всего пережитого наиболее ярко запомнил, как его догоняли, хотели убить, но промахнулись, и он до сих пор вскакивает по ночам в холодном поту. (18)Другой — как его награждали орденом, и он спустя годы не перестаёт переживать радостные волнения по этому поводу. (19)Третьему не даёт покоя случай, когда рассерженное начальство назвало его «дураком», но теперь это популярное слово в устах не очень разборчивого на слова начальства звучит для него как «молодец» и заставляет каждый раз умиляться. (20)Это я говорю о ветеранах, но то же можно сказать и об авторах военных романов. 
 (21)Теперь нередко можно услышать от наших читателей, в том числе и ветеранов, суждения вроде: «Ну сколько можно перелопачивать одно трудное да кровавое, ведь были же на войне и весёлые моменты, и шутка, и смех». (22)То есть на первый план выходит желание развлечься. (23)Но ведь во все времена жаждущие развлечений шли на торжища, в скоморошный ряд, но никогда — во храм. (24)Боюсь, что смешение жанров и особенно забвение высоких задач литературы грозят уравнять торжище с храмом, сделать искусство товаром ширпотреба, средством, стоящим в ряду с продукцией мебельщиков — не более. 
 (25)Я думаю также, что, хотя мы, допустим, и не гениальные писатели, но уж, во всяком случае, квалифицированные читатели. (26)То есть относительно хорошо знаем жизнь, чтобы разбираться в её запутанных эмпиреях*, и кое-что смыслим в литературе. (27)И тут возникает любопытный парадокс: почему мы, люди, в силу своего воспитания и образа жизни зачастую далёкие от крестьянских низов, от жизни «неперспективных» деревень, быта древних стариков и старух, мало или вовсе неграмотных отшельников в зачастую никогда не виданной нами дремучей тайге с их размеренным, однообразным и часто примитивным укладом, почему мы частенько с куда большим интересом и участием читаем об их делах и заботах, нежели о блестящих научных или служебных успехах тех, кто гораздо ближе нам по опыту жизни, мировоззрению, мироощущению — высокообразованных жрецов науки, искусства, руководителей, генералов, начальников главков? (28)Почему безграмотный дед на колхозной бахче** куда интереснее изъездившего мир дипломата, определяющего судьбы народов, в то время как наш дед не может удовлетворительно определить судьбу единственной своей бурёнки, оставшейся на зиму без сена. (29)О том печаль его, и она нас трогает больше, чем драматические переживания упомянутого дипломата перед уходом на вполне заслуженный отдых с солидной пенсией и статусом пенсионера союзного значения. (30)Почему солдат в окопе для меня как читателя во многих (если не во всех) отношениях предпочтительнее своей судьбой удачливому маршалу в блеске его снаряжения, штаба и его маршальского глубокоумия? (31)Почему так? — хочу я задать вопрос уважаемым коллегам, хотя и предвижу их скорый ответ: всё дело в таланте автора. (32)Да, но не совсем. (33)Истинность таланта великолепно проявляется уже в выборе героя, который и внушает нам вышеизложенные чувства. (34)Исчерпывающий же ответ на этот вопрос мне, однако, неведом. 
  *Эмпирей - самая высокая часть неба, наполненная огнем и светом, где пребывают небожители, святые. Витать в эмпиреях (пребывать в мечтательном состоянии, в отрыве от действительности). 
  **Бахча - поле, на котором выращивают бахчевые культуры: арбузы, дыни, тыквы. 
 (По В. В. Быкову***) 
 *** Василь Владимирович Быков (1924-2003) — советский писатель, общественный деятель, участник Великой Отечественной войны. 
  Примерный круг проблем:  

1. Когда для сражавшихся в годы войны людей жизнь обрела смысл? 
2. В чем проявляется избирательность искусства? 
3. Допустимы ли в произведениях о войне развлекательные моменты? 
4. В чем проявляется истинность таланта писателя?


 
 
"
70,"Текст Быкова В. 
 (1)Обычно он появлялся тут на закате солнца, когда спадала дневная жара и от реки по ее овражистым, поросшим мелколесьем берегам начинало густо тянуть прохладой. (2)Петрович выходил к реке из травянистого лесного овражка со стороны недалекой приречной деревушки и одиноко усаживался на краю каменистого, подступавшего к самой воде обрыва. (3)Некоторое время спустя из-за бетонных опор моста, плавно обходя перекат, выскакивала резвая голубая «казанка». (4)В «казанке» сидели двое — Юра Бартош, парень из соседней деревни, работавший в городе и наезжавший в знакомые места на рыбалку, и его городской друг Коломиец. 
 (5)— Как с сушнячком сегодня, Петрович?  
 (6)Старик не сразу оторвал от противоположного берега свои блеклые, слезящиеся глаза. 
 (7)— Мало хвороста. (8)Подобрали… (9)Вот вязаночку маленькую принес…  
 (10)— Да, маловато.  
 (11)— Я так думаю, с вечера жечь не надо, — медленно, с усилием взбираясь за ним на обрыв, тихо заговорил старик. — (12)Под утро лучше. (13)С вечера люди всюду, помогут… (14)А как под утро поснут, кто поможет?  
 (15)— Оно можно и под утро, — согласился Юра. — (16)Но в ночь бы надежнее. (17)Может, я тоже подскочу, пошарю чего в овраге?  
 (18)— В ночь бы, конечно, лучше… (19)А то как признают? (20)Раньше вон хутор был. (21)А теперь нет. (22)И этот мост новый… (23)Незнакомый.  
 (24)— Вот именно.  
 (25)Юра торопливо полез по камням вверх к зарослям ольшаника в широком овраге.  
 (26)— Ты вот что, дед! — резким голосом сказал Коломиец, стоя под обрывом. — (27)Брось юродствовать! (28)Комедию играть! (29)Никто к тебе оттуда не придёт. (30)Понял? 
 (31)Петрович на обрыве легонько вздрогнул, будто от холода, пальцы его замерли на груди, и вся его худая, костлявая фигура под кителем съежилась, сжалась. (32)Но взгляд его по-прежнему был устремлен к заречному берегу, на этом, казалось, он не замечал ничего и вроде бы даже и не слышал неласковых слов Коломийца. (33)Коломиец тем временем с привычной сноровкой забросил в воду ещё две или три донки, укрепил в камнях короткие, с малюсенькими звоночками удильца. 
 (34)— Они все тебя, дурня, за нос водят, поддакивают. (35)А ты и веришь. (36)Придут! (37)Кто придет, когда уже война вон когда кончилась! (38)Подумай своей башкой.  
 (39)— Так это младший, Толик… (40)На глаза заболел. (41)Как стемнеет, ничего не видит. (42)Старший, тот видел хорошо. (43)А если со старшим что?..  
 (44)— Что со старшим, то же и с младшим, — грубо оборвал его Коломиец. — (45)Война, она ни с кем не считалась. (46)Тем более в блокаду.  
 (47)— Ну! — просто согласился старик. — (48)Аккурат блокада была. (49)Толик с глазами неделю только дома и пробыл, аж прибегает Алесь, говорит: обложили со всех сторон, а сил мало. (50)Ну и пошли. (51)Младшему шестнадцать лет было. (52)Остаться просил — ни в какую. (53)Как немцы уйдут, сказали костерок разложить…  
 (54)— От голова! — удивился Коломиец и даже привстал от своих донок. — (55)Сказали — разложить!.. (56)Когда это было?!  
 (57)— Да на Петровку. (58)Аккурат на Петровку, да…  
 (59)— На Петровку! (60)А сколько тому лет прошло, ты соображаешь?  
 (61)— Лет?  
 (62)Старик, похоже, крайне удивился и, кажется, впервые за вечер оторвал свой страдальческий взгляд от едва брезжившей в сутеми лесной линии берега.  
 (63)- Да, лет? (64)Ведь двадцать пять лет прошло, голова еловая!  
 (65)Гримаса глубокой внутренней боли исказила старческое лицо Петровича. (66)Губы его совсем по-младенчески обиженно задрожали, глаза быстро-быстро заморгали, и взгляд разом потух. (67)Видно, только теперь до его помраченного сознания стал медленно доходить весь страшный смысл его многолетнего заблуждения. 
 (68)- Так это… (69)Так это как же?..  
 (70)Внутренне весь напрягшись в каком-то усилии, он, наверно, хотел и не мог выразить какую-то оправдательную для себя мысль, и от этого непосильного напряжения взгляд его сделался неподвижным, обессмыслел и сошел с того берега. (71)Старик на глазах сник, помрачнел ещё больше, ушел весь в себя. (72)Наверно, внутри у него было что-то такое, что надолго сковало его неподвижностью и немотой. (73)Петрович на обрыве трудно поднялся, пошатнулся и, сгорбившись, молча побрел куда-то прочь от этого берега. (74)Наверно, в темноте старик где-то разошелся с Юрой, который вскоре появился на обрыве и, крякнув, бросил к ногам трескучую охапку валежника - большую охапку рядом с маленькой вязанкой Петровича.  
 (75)- А где дед?  
 (76)- Петрович? (77)А кто его… (78)Пошёл, наверно. (79)Я сказал ему…  
 (80)- Как? - остолбенел на обрыве Юра. - (81)Что ты сказал?  
 (82)- Всё сказал. (83)А то водят полоумного за нос. (84)Поддакивают…  
 (85)- Что ты наделал? (86)Ты же его убил!  
 (87)- Так уж и убил! (88)Жив будет!  
 (89)Такая правда его доконает. (90)Ведь они погибли оба в блокаду. (91)А перед тем он их сам вон туда на лодке отвозил. (92)И ждёт.  
 (93)- Чего уж ждать?  
 (94)- Что ж, лучше ничего не ждать? (95)Здоровому и то порою невмочь, а ему? (96)Эх, ты!  
  (97)Близко и далеко зажигались рыбачьи костры. (98)Среди них в этот вечер не загорелся только один - на обрыве у лесного перевоза, где до утра было необычно пустынно и глухо. (99)Не загорелся он и в следующую ночь. (100)И, наверное, не загорится уже никогда… 
   (По В. Быкову*) 

* Быков Василь (Василий) Владимирович (1924 – 2003) – советский белорусский писатель, публицист и общественный деятель, участник Великой Отечественной войны, один из наиболее ярких представителей военной прозы второй половины XX века.

 "
71,"Текст Быкова Д. 
 (1)Главная претензия к пьесе Грибоедова «Горе от ума», высказываемая в разное время независимо друг от друга Пушкиным и Белинским, заключается в психологической несообразности конфликта. «(2)Всё, что говорит он, очень умно. (3)Но кому говорит он всё это? (4)Фамусову? (5)Скалозубу? (6)На бале московским бабушкам? (7)Молчалину? (8)Это непростительно. (9)Первый признак умного человека – с первого взгляду знать, с кем имеешь дело, и не метать бисера перед Репетиловыми», – пишет Пушкин, сам всю жизнь глубоко страдавший от непонимания людей, цену которым знал отлично. 
 (10)В.Г. Белинского смущает сама пружина действия: в Софью влюблён, надо же! (11)Какой после этого ум?! (12)«И что он нашёл в Софье? (13)Меркою достоинства женщины может быть мужчина, которого она любит, а Софья любит ограниченного человека без души, без сердца, без всяких человеческих потребностей, мерзавца, низкопоклонника, ползающую тварь, одним словом, Молчалина». 
 (14)Грибоедов попал в нерв: черта умного человека – изначально и неизбежно присущая уму, –увы, именно в этом. (15)Высказываться перед теми, кто не может тебя понять; домогаться уважения тех, кого сам ты не можешь уважать ни при какой погоде; любить ту, которая способна полюбить кого угодно, кроме тебя, и в сущности мизинца твоего не стоит. (16)Может ли быть иначе? (17)Вряд ли. (18)Потому что иное положение дел  свидетельствовало бы о высокомерии, а оно весьма редко уживается с настоящим-то умом. (19)Снобизм – иное дело, но редкий сноб умён в истинном смысле слова. (20)Чаще он демонстрирует репетиловские черты: нахватался фраз да и позиционирует себя, не особо слыша, что ему отвечают. 
 (21)Горькая и странная, эта пьеса – именно о том, как ум взыскивает диалога. (22)Он не живёт в вакууме, по-щенячьи горячо набрасывается на собеседника, надеясь разагитировать, перевербовать его, хоть что-то доказать. (23)Пушкина и Белинского смущает, что Чацкий не разобрался в Софье. (24)Скажите на милость, естественно ли для умного человека разбираться в предмете страсти? (25)Это признак совсем другой души – расчётливой, опытной, пусть даже и тонкой, но Грибоедова интересует ум философский, чаадаевский, самоцельный, занятый вечными вопросами. (26)Такому мудрецу и правда не понять, что у него под носом делается. 
 (27)Грибоедов точно подметил ахиллесову пяту всякого большого ума: необходимость отклика, а в особенности потребность в любви. (28)Не даётся ум холодным и самодостаточным существам. (29)И это – один из фундаментальнейших законов, на котором держится мир: если бы злодеи были умны, о, в какой ад они превратили бы захваченный ими мир! 
 (30)Но злодеи недалёки, как правило: способности к пониманию и здравому анализу съедены тщеславием, мнительностью, заботой об имидже, карьере. (31)А ум даётся таким, как Чацкий: лирическим, пылким, рассеянным, инфантильным, небрежно одетым. (32)Высчитывать, кому и что можно сказать, – молчалинская черта. (33)Это Молчалин у нас знает, в какое время открывать рот, а в какое тебя всё равно неправильно поймут. 
 (34)Горе ума – в том, что он не может априори признать людей идиотами. (35)В нём нет холодного презрения к тем, кто много ниже, и температура его мира не около ноля, а много выше. (36)Горе ума – в вечном и обречённом поиске понимания, в искреннем неумении и нежелании вести себя так, чтобы «блаженствовать на свете». (37)Горе ума – в любви к Софье, потому что трезво оценивать возлюбленную – прерогатива буфетчика Петруши. (38)Горе ума, наконец, – в трезвом осознании того, что представляет собой общество. (39)Но ничего не поделаешь: все эти бессмыслицы – непременная черта умного человека, этой немногочисленной, но, к счастью, неистребимой породы людей. 
 (По Д. Л. Быкову*) 
 * Дмитрий Львович Быков (род. в 1967 г.) –  современный российский писатель, журналист, критик. 
"
72,"Текст Вайля П., Гениса А. 
 (1) Для России классическая литература — это точка отсчета, идеологический и нравственный фундамент, который объединяет общество и крепче цементирует связь поколений, нежели правовые нормы и исторические традиции. 
 (2) Можно как угодно интерпретировать историю, политику, религию, но стоит произнести «Пушкин», как радостно и согласно закивают головами ярые антагонисты. 
 (3) Нет никакого сомнения, что для подобного взаимопонимания годится только та литература, которую признают классической. (4) Именно классика — тот универсальный язык, который понятен для людей разных взглядов, поскольку основан он на абсолютных ценностях, не подверженных духовной инфляции. (5) В этом смысле русская литература обладает совершенно уникальным потенциалом. 
 (6) Впрочем, с таким же — если не большим — успехом можно говорить не об уникальности русской литературы, а об уникальности русского читателя, склонного видеть в любимых книгах самую священную национальную собственность. (7) Задеть классика для него все равно что оскорбить Родину. 
 (8) Подобное читательское отношение к классике является неслучайным. (9) Оно складывается и закрепляется с малых лет. (10) Главный инструмент освящения классиков у нас школа. (11) Уроки литературы играли и играют грандиозную роль в формировании российского общественного сознания. (12) Классические книги противостоят воспитательным претензиям государства, раскрывают глаза на неоднозначность и противоречивость мира, рождают в читателе стремление к свободному выбору (Пьер Безухов и Павел Корчагин,  являясь положительными героями, тем не менее, герои абсолютно разных романов). (13) Поэтому образцы классики, знакомые с детства, становятся для нас эталонами литературы вообще. 
 (14) Но, к сожалению, во взрослой жизни мы, читатели, так же редко достаем их с полки, как достают из музея парижский эталон метра. (15) Твердо усвоенное в школе преклонение перед классикой иногда мешает увидеть в ней жизнь, почувствовать ее душу, а недостаток времени и будничная суета мешают попыткам еще раз прочитать знакомые книги. (16) Тот же, кто решается перечитать классику без предубеждения, с чистого листа, сталкивается не только со старыми авторами, но и со своими школьными, так и не повзрослевшими стереотипами. (17) Перечитывая главные книги русской литературы, он понимает, что необходимо изменить, пересмотреть прежнее отношение к ним. 
 (18) Такая переоценка трудна, но вполне возможна и, видимо, закономерна. (19) Мы растем вместе с книгами, книги растут и меняются вместе с нами. 
 (По П. Вайлю* и А. Генису**) 
 *Петр Львович Вайль (1949 – 2009 ) – российский и американский журналист, писатель, радиоведущий. 
 **Александр Александрович Генис (1953) – русский американский писатель, эссеист, литературовед, критик, радиоведущий   
"
73,"Текст Варенцова Н. 
 (1) Василий Федотов представлял собой довольно интересный тип купца, вышедшего из приказчиков и достигшего хорошего благосостояния, но корысть с желанием положить себе в карман лишний миллиончик погубила его.  
 (2) Федотов был среднего роста, плешивый, старался не смотреть вам в глаза. (3) При встречах он поднимал веки, быстрым взглядом осматривал вас и сейчас же опускал их; такой же взгляд, применяемый как особый род кокетства, приходилось наблюдать у некоторых женщин. (4) Он был крайне нервный; когда он говорил с вами, поднимал глаза к небу, руки тоже, чтобы засвидетельствовать правоту свою, а если этого было, по его мнению, мало, он изливал слезу, бил себя в грудь. (5) Вся его фигура, весь вид его с этими жестами и слезами были какие-то неестественные, и ему особо не доверяли, называя его за глаза Васькой Федотовым, говоря: «Этот Васька всё-таки пригласит нас на «чашку чая». (6) У купечества «чашка чая» означала собрание кредиторов с предложением скидки. (7) И это мнение оказалось совершенно правильным; он своевременно, перед приглашением на «чашку чая», перевёл на свою жену оба дома, стоимость которых составила около трёхсот тысяч рублей, положил на её имя в банк капитал, тоже триста тысяч рублей, и был уверен: этим он обеспечил себя на чёрный день. (8) Но оказалось, что, как говорится, человек предполагает, а Бог располагает.  
 (9) Конкурс прошёл, а жена выпроводила его из своего дома. (10) Федотов, оскорблённый, разорённый, чтобы существовать, стал биржевиком и, занимаясь комиссионерством, захаживал к знакомым с разными предложениями. (11) Однажды во время такого прихода он, хмурый, несчастный, с блуждающими от волнения глазами, войдя ко мне, сел на стул и, схватив себя за голову, упал на стол и зарыдал. (12) Рыдания его были искренние, а не лукавые, как приходилось ему проделывать раньше для получения каких-либо выгод; сейчас он действительно страдал. (13) Вода и валерьяновые капли привели его в более спокойное состояние, он извинился за причинённое беспокойство и рассказал: 
 (14) — Вам известно, что я лишился всего состояния, любимого дела, покинут женой, но это, как ни больно было для меня, я перенёс. (15) У меня была единственная дочка, которая была для меня дороже всего. (16) Выдавая замуж, я наградил её пятьюдесятью тысячами рублей, на столько же дал ей бриллиантов и приданого; когда бы она ни приходила ко мне, я всегда дарил ей что-нибудь, спрашивал её: «Не нужно ли чего тебе?» (17) Она была для меня радость и любовь, я жил для неё, и она была для меня всё! (18) И вот по дороге к вам, у Ильинских ворот, я вижу её, идущую мне навстречу. (19) Можете представить мою неожиданную радость! (20)Я спешу к ней. (21) Она же, увидев меня, повернула в сторону, сделав вид, что не желает со мной говорить. (22) Это было уже сверх сил моих! 
 (По Н.Варенцову) 
"
74,"Текст Васильева Б. 
 (1) - Бабуля, это к тебе, - объявила Танечка. (2) - Ты покажи им всё, ладно? (3)А я побежала. (4) - И умчалась. 
 (5)А слепая Анна Федотовна осталась, не видя, но точно зная, что трое ребятишек жмутся у порога. 
 (6) - Раздевайтесь, - сказала. (7) - И проходите. (8)Садитесь, кому где удобнее. 
 (9)Кажется, дети так и не сели, но долго шушукались, подталкивая друг друга. (10)Наконец мальчика, видать, вытолкнули в ораторы. 
 (11) - Ваша внучка Таня со своей музыкальной школой выступала на вечере. (12)А у нас в школе почин: «Нет неизвестных героев». (13)А она сказала, что у вас фашисты убили сына Игоря и что он вам писал письма. 
 (14)Анна Федотовна уточнила: 
 (15)- Игорь успел написать всего одно письмо. (16)А второе написал после его смерти его товарищ. 
 (17)Протянула руку, открыла шкатулку, бережно достала бесценные листочки. 
 (18)-Можете посмотреть. (19)3десь письма и... (20)И похоронка. 
 (21)Дети долго разглядывали документы, шептались. 
 (22) - Вы должны передать эти документы нам. (23)Пожалуйста. 
 (24) - То есть как это? - удивилась она. (25) - Эти письма касаются моего сына, почему же я должна передать их вам? 
 (26) - Потому что у нас в школе организуется музей. 
 (27) - Я с удовольствием отдам вашему музею копии писем. 
 (28) -  А  зачем   нам   ваши   копии?  -  с   вызывающей   агрессией вклинилась   вдруг   звеньевая,   и   Анна   Федотовна   подивилась,   каким официально-нечеловеческим   может стать  голос  десятилетней  девочки. (29) - Ведь копия - это же просто бумажка. 
 (30)Анне Федотовне очень не понравился этот вызывающий, полный непонятной для неё претензии тон, и она сказала: 
 (31) — Пожалуйста, верните мне документы. 
 (32)Дети снова возбуждённо зашептались. 
 (33) - Бабушка, - впервые заговорила самая маленькая, и голосок у неё оказался совсем ещё детским. (34) - Вы ведь очень старенькая, правда? (35)А вдруг вам станет нехорошо, и тогда все ваши патриотические примеры могут дня нас пропасть. 
 (36)- Вот когда помру, тогда и забирайте, - угрюмо сказала Анна Федотовна... 
 (37)Она скоро позабыла о визите детей, но чем ближе к вечеру клонился этот день, тем всё более явно ощущала она некую безадресную тревогу. 
 (38) - Переутомление, - определила Римма, когда по возвращении услышала смутную жалобу Анны Федотовны. (39) - Ложись в постель. 
 (40)Анна Федотовна легла, но вдруг привстала на кровати. 
 (41) - Римма, загляни в шкатулку. (42)3агляни в шкатулку... 
 (43)Не очень ещё понимая, Римма встала, открыла шкатулку. (44)Старуха ждала, подавшись вперёд в судорожном напряжении. 
 (45) - Нету? (46)Ну? (47)Что ты молчишь? 
 (48) - Нету, - тихо сказала Римма. (49) - Похоронка на месте, фотографии, значки, а писем нет. 
 (50) - Только одна похоронка... - прохрипела Анна Федотовна. 
 (51)«Я вернусь, мама». (52)Нет, не слышала она больше этих слов. (53)Она ясно помнила, где, как и когда произнёс их Игорь, но голос его более не звучал в её душе. (54)Он угас, умер, погиб вторично, и теперь уже погиб навсегда.  
 (По Б. Васильеву) 
"
75,"Текст Васильева Б. 
   (1)Воспитание не профессия, а призвание, талант, дар божий. (2)И этим благородным божьим даром была щедро наделена моя бабушка. (3)Легкомысленная, никогда не унывающая фантазёрка с детской душой, живостью и фигуркой девушки. 
 (4)— Беспризорники вырвали у меня весь наш хлеб!— Элечка, все трын-трава, испанский мох. (5)Интересно, куда же мне девать девятку треф? 
 (6)— Твоё легкомыслие, мама, переходит все границы. (7)Мы не увидим хлеба до завтрашнего дня!… (8)Мы сидим в центре Смоленска на Блонье. (9)Я задаю бесконечные «почему», мешая бабушке насладиться французским романом. (10)Чтобы я отвязался, она нарушает один из основополагаю-щих законов нашего дома: ничего не есть на улице. (11)Покупается мороженое в круглых вафлях, на которых отпечатано «БОРЯ». (12)Мы — в сладостном предвкушении: я собираюсь заняться мороженым, бабушка — наконец-то вцепиться в роман. (13)Я уже высовываю язык, слизывая растаявшую капельку с колючего ободка вафли, как вдруг рядом оказывается маленькая оборванная девочка. (14)Чёрные глазки-бусинки с наивным восторгом не отрываются от мороженого. (15)Я ревниво хмурюсь… 
 (16)— Какая прелесть! — громко объявляет бабушка, оставив роман. (17)— Так женщины смотрят на бриллианты. (18)А как грациозно она стоит! (19)Боже, боже, и ты ещё чего-то ждёшь, Боря? (20)Немедленно отдай этой прекрасной незнакомке мороженое, если ты — настоящий мужчина! 
 (21)Это — бабушка. 
 (22)…Когда-то отец увлекался копированием картин, и в одной из комнат нашего домика на Покровской горе висели «Иван-царевич на сером волке», «Алёнушка», «Богатыри», что-то ещё. (23)И вот зимними вечерами мы с бабушкой уходили в ту комнату. (24)При этом бабушка оставляла дверь в большую комнату открытой, чтобы свет керосиновой лампы падал на какую-либо из отцовских копий. (25)Мы усаживались перед нею и… 
 (26)— Ранним утром три русских богатыря выехали на разведку, — приглушённо и заманчиво начинала бабушка. (27)— Они ехали долго, и мягкий ковыль бесшумно стлался под копытами их коней… 
 (28)И васнецовские богатыри оживали в мерцающем свете. (29)Они скакали по степи, высматривали врага, сходились с ним в жестокой рубке. (30)И свистели стрелы, звенели мечи, ржали кони, стонали раненые… 
 (31)— Ты видишь, видишь, пятеро врагов напали на одного Алёшу Поповича? — горячо, убежденно спрашивала бабушка. (32)— Ох, как ему трудно сейчас! (33)Держись, Алёша, держись! 
 (34)— Алёша! — во весь голос кричали мы оба.(35) — Держись, Алёша!.. 
 (36)В упоении мы вопили на весь дом, но никто ни разу не сказал бабушке, что она забивает голову ребёнку какими-то бреднями. (37)Наоборот, когда кончалось наше «кино» — а кончалось оно неизменно победой Добра, — я врывался в большую комнату и с порога начинал восторженно рассказывать, что я только что видел, все с живейшим интересом и совершенно серьезно расспрашивали меня о битве трёх богатырей или о чудесном спасении царевны. 
 (38)Это — бабушка.  
 (39)И всё это — бабушка. (40)Я мог бы вспоминать о ней бесконечно: она сама научила меня сочинять. (41)Но я сочиняю на реальной основе, потому что бабушка была именно такова. 
 (По Б. Л. Васильеву*) 
 *Борис Львович Васильев (1924-2013) – русский писатель.  
 Информация о тексте 
"
76,"Текст Васильева Б. 
  (1)Человек создан на столетия, если судить по огромной, ни с чем не сравнимой трате сил. (2)Лев, убив антилопу, в сытой дрёме отдыхает сутки. (3)Могучий сохатый после часового боя с соперником полдня отстаивается в чащобе, судорожно поводя проваленными боками. (4)Айтматовский Каранар год копил силы, чтобы буйствовать, неистовствовать и торжествовать полмесяца. (5)Для человека подобные подвиги − блеск мгновения, за который он платит столь малой толикой своих запасов, что вообще не нуждается в отдыхе. 
 (6)Цель зверя − прожить отпущенный природой срок. (7)Сумма заложенной в нём энергии соотносима с этим сроком, и живое существо тратит не столько, сколько хочется, а столько, сколько надо, будто в нём предусмотрено некое дозирующее устройство: зверю неведомо желание, он существует по закону необходимости. (8)Не потому ли звери и не подозревают, что жизнь конечна? 
 (9)Жизнь зверей – это время от рождения до смерти: звери живут во времени абсолютном, не ведая, что есть и время относительное, в этом относительном времени может существовать только человек. (10)Его жизнь никогда не укладывается в даты на могильной плите. (11)Она больше, она вмещает в себя ведомые только ему секунды, которые тянулись, как часы, и сутки, пролетевшие, словно мгновения. (12)И чем выше духовная структура человека, тем больше у него возможностей жить не только в абсолютном, но и в относительном времени. (13)Для меня глобальной сверхзадачей искусства и является его способность продлевать человеческую жизнь, насыщать её смыслом, учить людей активно существовать и во времени относительном, то есть сомневаться, чувствовать и страдать. 
 (14)Это − о духовности, но и в обычной, физической жизни человеку отпущено «горючего» заведомо больше, чем нужно, для того чтобы прожить по законам природы. (15)Зачем? (16)С какой целью? (17)Ведь в природе всё разумно, всё выверено, испытано миллионолетиями, и даже аппендикс, как выяснилось, для чего-то всё-таки нужен. (18)А многократно превышающий потребности огромный запас энергии для чего дан человеку? 
 (19)Я задал этот вопрос в пятом или шестом классе, когда добрёл до элементарной физики, и решил, что она объясняет всё. (20)И она действительно всё мне тогда объяснила. (21)Кроме человека. (22)А его объяснить не смогла. (23)Именно здесь кончалась прямолинейная логика знания и начиналась пугающе многовариантная логика понимания. 
 (24)Я тогда, разумеется, этого не представлял, однако энергетический баланс не сходился, и я спросил отца, зачем-де человеку столько отпущено. 
  (25)Для работы. 
  (26)Понятно, − сказал я, ничего не поняв, но не стал расспрашивать. 
 (27)Это свойство − соглашаться с собеседником не тогда, когда всё понял, а когда ничего не понял, − видимо, заложено во мне от природы. (28)Житейски оно мне всегда мешало, ибо я не вылезал из троек, сочиняя свои теории, гипотезы, а зачастую и законы. (29)Но одна благодатная сторона в этой странности всё же была: я запоминал, не понимая, и сам докапывался до ответов, сейчас уже не столь важно, что чаще всего ответ был неверным. (30)Жизнь требует от человека не ответов, а желания искать их. 
 (31)Я пишу об этом только ради двух слов отца, определивших для меня весь смысл существования. (32)Это стало главной заповедью, альфой и омегой моего мировоззрения. (33)И стал я писателем, вероятно, совсем не потому, что рождён был с этаким блеском в очах, а потому лишь, что свято веровал в необходимость упорного, ежедневного, исступлённого труда. 
 (По Б. Л. Васильеву*) 
 * Борис Львович Васильев (1924–2013) – советский писатель, прозаик, публицист, общественный деятель, автор произведений «А зори здесь тихие», «Завтра была война», «В списках не значился» и др. 
 Информация о тексте 
 
"
77,"Текст Васильева Б. 
 (1)От нашего класса у меня остались воспоминания и одна фотография. (2)Групповой портрет с классным руководителем в центре, девочками вокруг и мальчиками по краям. (3)Фотография поблёкла, края, смазанные ещё при съёмке, сейчас окончательно расплылись; иногда мне кажется, что расплылись они потому, что мальчики нашего класса давно отошли в вечность, так и не успев повзрослеть, и черты их растворило время. (4)Из сорока пяти человек, закончивших когда-то 7 «Б», до седых волос дожило девятнадцать. (5)Мне почему-то сейчас не хочется вспоминать, как мы убегали с уроков, устраивали толкотню в раздевалке, чтобы хоть на миг прикоснуться к той, которую любили настолько тайно, что не признавались в этом самим себе. 
 (6)А ещё мы с детства играли в то, чем жили сами. (7)Классы соревновались не за отметки или проценты, а за честь написать письмо папанинцам или именоваться «чкаловским», за право побывать на открытии нового цеха завода или выделить делегацию для встречи испанских детей. 
 (8)И ещё я помню, как горевал, что не смогу помочь челюскинцам, потому что мой самолёт совершил вынужденную посадку где-то в Якутии, так и не долетев до ледового лагеря. (9)Самую настоящую посадку: я получил «плохо», не выучив стихотворения. (10)Потом-то я его выучил: «Да, были люди в наше время…» (11)А дело заключалось в том, что на стене класса висела огромная самодельная карта и каждый ученик имел свой собственный самолёт. (12)Отличная оценка давала пятьсот километров, но я получил «плохо», и мой самолёт был снят с полёта. (13)«Плохо» было не просто в школьном журнале: плохо было мне самому и немного –  чуть-чуть! –  челюскинцам, которых я так подвёл. 
 (14)Я часами смотрю на выцветшую фотографию, на уже расплывшиеся лица тех, кого нет на этой земле: я хочу понять. (15)Ведь никто же не хотел умирать, правда? 
 (16)А мы и не знали, что за порогом нашего класса дежурила война. (17)Мы были молоды, а незнания молодости восполняются верой в собственное бессмертие. (18)Но из всех мальчиков, что смотрят на меня с фотографии, в живых осталось четверо. 
 (19)Улыбнись мне, товарищ. (20)Я забыл, как ты улыбался, извини. (21)Я теперь намного старше тебя, у меня масса дел, я оброс хлопотами, как корабль ракушками. (22)По ночам всё чаще и чаще слышу всхлипы собственного сердца: оно уморилось. (23)Устало болеть. 
 (24)Я стал седым, и мне порой уступают место в общественном транспорте. (25)Уступают юноши и девушки, очень похожие на вас, ребята. (26)И тогда я думаю, что не дай им Бог повторить вашу судьбу. (27)А если это всё же случится, то дай им Бог стать такими же. 
 (28)Между вами, вчерашними, и ими, сегодняшними, лежит не просто поколение. (29)Мы твёрдо знали, что будет война, а они убеждены, что её не будет. (30)И это прекрасно: они свободнее нас. (31)Жаль только, что свобода эта порой оборачивается безмятежностью… 
 (32)В девятом классе Валентина Андроновна предложила нам тему свободного сочинения «Кем я хочу стать?». (33)И все ребята написали, что они хотят стать командирами Красной Армии. (34)Да, мы искренне хотели, чтобы судьба наша была суровой. (35)Мы сами избирали её, мечтая об армии, авиации и флоте: мы считали себя мужчинами, а более мужских профессий тогда не существовало. 
  (36)В этом смысле мне повезло. (37)Я догнал в росте своего отца уже в восьмом классе, а поскольку он был кадровым командиром Красной Армии, то его старая форма перешла ко мне. (38)Гимнастёрка и галифе, сапоги и командирский ремень, шинель и будёновка из тёмно-серого сукна. (39)Я надел эти прекрасные вещи в один замечательный день и не снимал их целых пятнадцать лет. (40)Пока не демобилизовался. (41)Форма тогда уже была иной, но содержание её не изменилось: она по-прежнему осталась одеждой моего поколения. (42)Самой красивой и самой модной. 
  (43)Мне люто завидовали все ребята. (44)И даже Искра Полякова. 
  – (45)Конечно, она мне немного велика, – сказала Искра, примерив мою гимнастёрку. –  (46)Но до чего же в ней уютно. (47)Особенно, если потуже затянуться ремнём. 
 (48)Я часто вспоминаю эти слова, потому что в них –  ощущение времени. (49)Мы все стремились затянуться потуже, точно каждое мгновение нас ожидал строй, точно от одного нашего вида зависела готовность этого общего строя к боям и победам. (50)Мы были молоды, но жаждали не личного счастья, а личного подвига. (51)Мы не знали, что подвиг надо сначала посеять и вырастить. (52)Что зреет он медленно, незримо наливаясь силой, чтобы однажды взорваться ослепительным пламенем, сполохи которого ещё долго светят грядущим поколениям. 
 (По Б. Л. Васильеву*) 
 * Борис Львович Васильев (1924–2013) – выдающийся русский писатель и сценарист, лауреат Государственной премии СССР. Тема Великой Отечественной войны главная в его творчестве. 
 
"
78,"Текст Васильева Б. 
 (1) Брестская крепость. (2)Совсем недалеко она от Москвы: меньше суток идёт поезд. (3)Все, кто бывает в тех краях, обязательно приходят в крепость. 
 (4) 3десь громко не говорят: слишком оглушающими были дни сорок первого года и слишком многое помнят эти камни. (б)Сдержанные экскурсоводы сопровождают группы по местам боёв, и вы можете спуститься в подвалы 333-го полка, прикоснуться к оплавленным огнемётами кирпичам, пройти к Тереспольским и Холмским воротам или молча постоять под сводами бывшего костёла. 
 (6) Не спешите. (7)Вспомните. (8)И поклонитесь. 
 (9)В музее вам покажут оружие, которое когда-то стреляло, и солдатские башмаки, которые кто-то торопливо зашнуровывал ранним утром 22 июня. (10)Вам покажут личные вещи защитников и расскажут, как сходили с ума от жажды, отдавая воду детям... (11)И вы непременно остановитесь возле знамени — единственного знамени, которое пока нашли в крепости. (12)Но знамёна ищут. 
 (13) Ищут, потому что крепость не сдалась, и немцы не захватили здесь ни одного боевого стяга. 
 (14) Крепость не пала. (15)Крепость истекла кровью. 
 (16) Историки не любят легенд, но вам непременно расскажут о неизвестном защитнике, которого немцам удалось взять только на десятом месяце войны. 
 (17) На десятом, в апреле 1942 года. (18)Почти год сражался этот человек. (19)Год боёв в неизвестности, без соседей слева и справа, без приказов и тылов, без смены и писем из дома. (20)Время не донесло ни его имени, ни звания, но мы знаем, что это был советский солдат. 
 (21) Каждый год 22 июня Брестская крепость торжественно и печально отмечает начало войны. (22)Приезжают уцелевшие защитники, возлагаются венки, замирает почётный караул. 
 
 (26) Целый день старая женщина читает эту надпись. (27)Стоит возле неё, точно в почётном карауле. (28)Уходит. (29)Приносит цветы. (30)И снова стоит, и снова читает. (31)Читает одно имя. (32)Семь букв: ""НИКОЛАЙ"". 
 (33)Шумный вокзал живёт привычной жизнью. (34)Приходят и уходят поезда, дикторы объявляют, что люди не должны забывать билеты, гремит музыка, громко смеются люди. (35)И возле мраморной доски тихо стоит старая женщина. 
 (36) Не надо ей ничего объяснять: не так уж важно, где лежат наши сыновья. 
 (37) Важно только то, за что они сражались. 
 (По Б. Л. Васильеву*) 
 * Борис Львович Васильев (1924-2013) — русский писатель. 
 Информация о тексте 
 
  Блок ссылок на примеры сочинений  
 Примеры сочинений 
 
"
79,"Текст Васильева Б. 
 (1)Встреча произошла неожиданно. (2)Два немца, мирно разговаривая, вышли на Плужникова из-за уцелевшей стены. (З)Карабины висели за плечами, но даже если бы они держали их в руках, Плужников и тогда успел бы выстрелить первым. (4)Он уже выработал в себе молниеносную реакцию, и только она до сих пор спасала его. 
 (5)А второго немца спасла случайность, которая могла стоить Плужникову жизни. (6)Его автомат выпустил короткую очередь, первый немец рухнул на кирпичи, а патрон перекосило при подаче. (7)Пока Плужников судорожно дёргал затвор, второй немец мог бы давно прикончить его или убежать, но вместо этого он упал на колени. (8)И покорно ждал, пока Плужников вышибет застрявший патрон. 
 — (9)Комм, — сказал Плужников, указав автоматом, куда следовало идти. 
 (10)Они перебежали через двор, пробрались в подземелья, и немец первым влез в тускло освещённый каземат. (11)И здесь вдруг остановился, увидев девушку у длинного дощатого стола. 
 (12)Немец заговорил громким плачущим голосом, захлёбываясь и глотая слова. (13)Протягивая вперёд дрожавшие руки, показывая ладони то Мирре, то Плужникову. 
 — (14)Ничего не понимаю, — растерянно сказал Плужников. — (15)Тарахтит. 
 — (16)Рабочий он, — сообразила Мирра, — видишь, руки показывает? 
 — (17)Дела, — озадаченно протянул Плужников. — (18)Может, он наших пленных охраняет? 
 (19)Мирра перевела вопрос. (20)Немец слушал, часто кивая, и разразился длинной тирадой, как только она замолчала. 
 — (21)Пленных охраняют другие, — не очень уверенно переводила девушка. — (22)Им приказано охранять входы и выходы из крепости. (23)Они — караульная команда. (24)Он — настоящий немец, а крепость штурмовали австрияки из сорок пятой дивизии, земляки самого фюрера. (25)А он — рабочий, мобилизован в апреле... 
 (26)Немец опять что-то затараторил, замахал руками. (27)Потом вдруг торжественно погрозил пальцем Мирре и неторопливо, важно достал из кармана чёрный пакет, склеенный из автомобильной резины. (28)Вытащил из пакета четыре фотографии и положил на стол. 
 — (29)Дети, — вздохнула Мирра. — (30)Детишек своих кажет. 
 
 (32)Немец, пошатываясь, постоял у стола и медленно пошёл к лазу. 
 (33)Они оба знали, что им предстоит. (34)Немец брёл, тяжело волоча ноги, трясущимися руками все обирая и обирая полы мятого мундира. (35)Спина его вдруг начала потеть, по мундиру поползло тёмное пятно. 
 (36)А Плужникову предстояло убить его. (37)Вывести наверх и в упор шарахнуть из автомата в эту вдруг вспотевшую сутулую спину. (38)Спину, которая прикрывала троих детей. (39)Конечно же, этот немец не хотел воевать, конечно же, не своей охотой забрёл он в эти страшные развалины, пропахшие дымом, копотью и человеческой гнилью. (40)Конечно, нет. (41)Плужников всё это понимал и, понимая, беспощадно гнал вперёд. 
 — (42)Шнель! (43)Шнель! 
 (44)Немец сделал шаг, ноги его подломились, и он упал на колени. (45)Плужников ткнул его дулом автомата, немец мягко перевалился на бок и, скорчившись, замер... 
 (46)Мирра стояла в подземелье, смотрела на уже невидимую в темноте дыру и с ужасом ждала выстрела. (47)А выстрелов всё не было и не было... 
 (48)В дыре зашуршало, и сверху спрыгнул Плужников и сразу почувствовал, что она стоит рядом. 
 — (49)3наешь, оказывается, я не могу выстрелить в человека. 
 (50)Прохладные руки нащупали его голову, притянули к себе. (51)Щекой он ощутил её щеку: она была мокрой от слёз. 
 — (52)Я боялась. (53)Боялась, что ты застрелишь этого старика. — (54)Она вдруг крепко обняла его, несколько раз торопливо поцеловала. — (55)Спасибо тебе, спасибо, спасибо. (56)Ты ведь для меня это сделал? 
 (57)Он хотел сказать, что действительно сделал это для неё, но не сказал, потому что он не застрелил этого немца всё-таки для себя. (58)Для своей совести, которая хотела остаться чистой. (59)Несмотря ни на что. 
 (По Б. Л. Васильеву) 
 * Борис Львович Васильев (1924–2013) – выдающийся русский писатель и сценарист, лауреат Государственной премии СССР. 
 Информация о тексте 
 
"
80,"Текст Васильева Б. 
 Отработав свое время на почте, она по первому морозцу бежала на лекции и поскользнулась. И, несмотря на природную грациозность и отточенную танцами ловкость, грохнулась так, что осталась сидеть на тротуаре, глядя, как распухает щиколотка. Несколько проходящих парней легко подхватили Дину, отнесли в ближайшую поликлинику. 
 - Такие ноги надо беречь, - ворчливо заметил врач. Он был молод, очень серьезен, в словах не чувствовалось пошлости, и Дина начала краснеть. Доктор оказал помощь и велел подождать. А через час вызвал такси, отвез в общежитие и довел до комнаты. 
 - Я приду через три дня. Ногу постарайтесь не беспокоить. И вышел. А она глядела в потолок и улыбалась, пока не пришла соседка по комнате. И Дина немедленно рассказала, какой доктор замечательный, как он смущается, какой он серьёзный и наверняка очень талантливый. Доктор... Пора уже назвать его, как его вскоре начала называть Дина.  
 Так вот, доктор Боря ходил каждый день, сам делал компрессы и массаж, но говорил мало, и Дина трещала за двоих. Болтала, потому что смущалась, ощущая, что всё глубже утопает в не очень ещё ясном для неё чувстве, а доктор молчал по той же причине. Но когда нога окончательно поправилась, вздохнул. 
 - Ну вот. Я вам больше не нужен. 
 - Почему? - Дина покраснела и тут же продолжила: - Я думаю... То есть мне кажется, что одной вечером мне ходить нельзя. Например, в кино. Он улыбнулся, словно осветившись изнутри. 
 ...За три дня до свадьбы купил обручальные кольца, но выглядел столь мрачным, что Дина встревожилась. 
 - Что-нибудь с мамой? 
 - Нет, нет, всё в порядке. 
 - На тебе лица нет, Боренька. 
 - Всё в порядке, - с ноткой раздражения повторил он. 
 - Извини, я сегодня должен уйти пораньше, а завтра дежурю, так что... 
 Встретиться решили в двенадцать в сквере у Большого театра. И без пятнадцати двенадцать сияющая и очень похорошевшая Дина появилась там в подвенечном наряде с целой свитой друзей и подружек. Растроганные пенсионеры уступили скамейку; невесту усадили в центре, и девочки весело и чуть завистливо щебетали вокруг. В двенадцать он не пришёл. Зато пришли ребята с параллельных потоков, и все принялись ещё больше шутить и смеяться. Только стали чаще поглядывать на часы. И Дина тоже смеялась, но уже чуть напряжённее. Он не пришёл и в час. Шутили уже не все, но все ещё улыбались. Даже невеста. А в половине второго троих отрядили во Дворец, поскольку кто-то предположил, что жених мог по рассеянности всё перепутать. Не появился он и в два. В три они перестали шутить и молча просидели ещё почти два часа. А потом Дина вдруг вскочила и помчалась в метро. 
 - Где Борис? - удивлённо воззрился на неё главврач поликлиники. 
 - Наверное, к Индии подлетает. Он ведь давно подал документы, а оформили его три дня назад. Знаете, как у нас бывает? То ждёшь месяцами, то - вылетайте немедленно. 
 А ведь он и вправду уже любил её. Нет, нет, в нём ничего не было от классического Подколесина, он не сбежал от своей суженой. Он просто улетел к новому месту работы, которого так долго добивался и куда его так долго оформляли. Оформили одного, свободного, холостого, и доктор Боря провёл тяжкую ночь. Что делать; отказаться от мечты или от любви? Сказать Дине, что он уедет сейчас, а она оформится потом, после университета? А оформят ли её?  
 Он не дежурил за два дня до свадьбы: он считал. Взвешивал все «за» и «против», все плюсы и минусы и явился за сутки к невесте, уже имея билет до Калькутты. 
 Не знаю, где и что именно она достала и сколько выпила, но спасли её с трудом. Месяца два лежала в больнице, полгода в психиатрической лечебнице. Потом выписали, но ни в университет, ни к матери в Пермь она не вернулась. 
 (По Б. Васильеву*)  
 *Борис Львович Васильев (1924-2013) – русский писатель.  
"
81,"Текст Велихова Е.  
 (1)Развитие науки не раз ставило перед учёными важнейшие этические проблемы. (2)Сегодня они связаны с ответственностью не только за то, что уже сделано, но и за выбор новых направлений исследований — например, в современной биологии. (З)Возможность манипулирования наследственным материалом клеток, которую дала генная инженерия, внеутробное развитие человеческого эмбриона, проблемы трансплантации органов — эти примеры демонстрируют ситуации, где этические проблемы в решающей степени переплетаются с планированием и осуществлением экспериментальных исследований, с новыми путями практического использования научных открытий. 
 (4)Не секрет, что в среде учёных-естественников преобладает убеждение, будто наука не имеет своей собственной специфической системы ценностей. (5)Но это как раз, на мой взгляд, не исключает, а, наоборот, предполагает, что этика должна выработать определённые моральные нормы, которыми могли бы руководствоваться исследователи в ходе своей работы. 
 (6)Вряд ли стоит повторять, что основным критерием научности выводов исследователя является объективность. (7)Это действительно так, и в науке нет и не может быть места для субъективного фактора. (8)Но наука не только новое знание. (9)Это область приложения коллективных усилий, область сомнений и ценностных оценок, область социальных пристрастий — словом, всего, чем наполнена любая человеческая деятельность. (10)А значит, и ей, науке, принадлежит не последнее место в формировании того комплекса общечеловеческих ценностей, из которых складывается понятие «гуманизм». 
 (11)Учёные не могут закрывать глаза на опасность уничтожения человеческой цивилизации, не могут не видеть нищету, хронический голод и безграмотность сотен и сотен миллионов жителей нашей планеты. (12)Как исследователи, как гуманисты они могут и должны вносить свой вклад в решение этих острейших проблем современности. 
 (13)Джон Бернал, выдающийся учёный и общественный деятель, размышляя о судьбах науки, писал, что первый и самый трудный шаг состоит в том, чтобы использовать наши знания против устранимого зла. (14)А вторым шагом является поиск средств борьбы со злом, против которого сегодня мы ещё бессильны. (15)Продолжение и расширение научных исследований откроет нам глаза на то зло, которое мы пока не различаем. (16)А посему учёные должны неустанно создавать новое и полезное: новые материалы, новые технологические процессы и, прежде всего, новые эффективные основы организации общественных действий. 
 (17)Сказанное Джоном Берналом фактически означает, что работа учёного должна в конечном счёте приводить к изменению мира в интересах человека. (18)Соединение мощи знания с принципами научного гуманизма и есть основа подлинного прогресса — прогресса, не подчиняющего себе человека, а верно служащего ему. 
 (По Е. П. Велихову*) 
 * Евгений Павлович Велихов (род. в 1935 г.) — российский учёный, физик-теоретик. 
"
82,"Текст Веллера М. 
 (1)Надо быть храбрым, верным данному слову, сильным, трудолюбивым.  
 (2)Почему надо? (3)А потому. (4)Вот так принято. (5)Иначе накажут, или выгонят, или будут презирать... 
 (6)С одной стороны, это хорошо и правильно. (7)Культивировалось поведение, которое позволило выстоять и подняться в борьбе с природой и врагами. (8)То, что способствует выживанию и процветанию общества, то есть большинства людей, и есть истинно, иначе все погибнем. (9)Тут критерием истины выступает практика, всё выясняется через опыт поколений. 
 (10)С другой стороны, эти практические предписания отбивали у людей необходимость думать и решать самим. (11)Большинство всегда и не хотело (и не
могло) думать и решать самостоятельно. (12)Но некоторые умственно непоседливые всегда хотели докопаться до всех первопричин сами... 
 (13)Дети всегда спрашивают: «Почему?». (14)И получают ответ: «Потому». (15)В юности этот вопрос приобретает всё более общий характер, а ответ становится всё менее вразумительным: «Потому что есть такой закон природы», или «Потому что надо поступать хорошо, а не плохо», или «Потому что за это накажут, а за это поощрят»... 
 (16)Естественно, что именно в юности, при выборе пути, человек пытается осознать своё предназначение: зачем он явился на этот свет? (17)Потом эти мысли и движения души обычно исчезают, сглаживаются – некогда: работать надо, семью кормить, карьеру строить, купить то-сё. 
 (18)А потом в старости сидит человек и думает: и зачем мне нужны были все эти мои труды и мучения? (19)На тот свет ничего с собой не возьмёшь... 
 (20)И кто поумней отвечает ему: человек должен делать в жизни самое большее, на что он способен. (21)Большому кораблю – большое плавание. (22)Кому полмира покорить, кому сад посадить, кому детей поднять – каждому своё. (23)Мог ты сделать то-то и то-то, а вот не сделал. (24)Не угадал своё предназначение. (25)Глуп был и слаб, отвечает старик, да и на кой чёрт оно всё, мир не переделаешь, всё суета сует, все помрём. (26)Во, отвечает другой, поэтому не надо вообще дёргаться и напрягаться, а  надо жить в святости и размышлять о вечном и бренности бытия, раз конец всё равно
один. 
 (27)Тамерлан говорил так: «Миру нужен владыка, и этим владыкой должен быть я». (28)Тут с местом и ролью человека всё понятно. (29)По крайней мере ему самому и всему окружению... 
 (30)Однако большинству людей их место не нравится, и своей ролью они не удовлетворены. (31)И почему судьба их сложилась так, а не иначе, они объясняют двумя словами: «характер» и «обстоятельства». (32)Что есть одна из форм старого родительского ответа «а потому что так». (33)А почему такой характер? (34)А почему такие обстоятельства? (35)Потому что генетика и уровень развития общественно-экономических отношений. (36)А почему? (37)И зачем? 
 (По М. Веллеру*) 
 *Михаил Иосифович Веллер (родился в 1948 г.) – писатель, публицист. 
 Информация о тексте 
 
"
83,"Текст Вересаева В. 
 (1)Трудное и запутанное дело — писательство. (2)Писатель должен не наблюдать жизнь, а жить в жизни, наблюдая её не снаружи, а изнутри. (З)Между тем обычная история жизни писателя такова: удалась ему вещь, обратил на себя внимание — и бросает прежнюю работу, и становится профессионалом. (4)И вот человек садится писать не тогда, когда ему что-то нужно сказать, а тогда, ко¬гда нужно платить за квартиру, шить жене пальто. (5)И на глазах свежий росточек таланта желтеет, сохнет. (6)И нет уж писателя. (7)Начинающий писатель, если он уважает свой талант и дорожит им, не должен «жить» литературой. (8)Чем угодно добывай средства к жизни, только не писательством. (9)Придёт время, и то же писательство самотёком начнет кормить тебя произведениями, написанными раньше. 
 (10)Не говорю уж об этом, но писатель, становясь профессионалом, сам вырывает себя из жизни. (11)Обычная теперь для него среда — товарищи писатели, заседания секций, ресторанчики, клуб писателей. (12)Варка в собственном соку. (13)А потом куда-нибудь выезжает, ходит с блокнотом и «набирает материал». 
 (14)Нужно в жизни жить, работать в ней — инженером, врачом, педагогом, рабочим. 
 (15)— Хорошо, а когда же тогда писать? — спросите вы. 
 (16)— Когда? (17)После работы. (18)В дни отдыха. (19)В месяц отпуска, — отвечу я. 
 (20)— Много ли тогда напишешь? 
 (21)— И очень хорошо, что немного. (22)Всё, что тогда напишется, будет полноценно, нужно. (23)А так, по совести сказать, взять почти у каждого писателя полное собрание его сочинений — много ли потеряет литература, если выбросить из неё три четверти написанного? 
 (24)Я замечал на себе в начале литературной работы: каждый успех снижает требовательность к себе, с каждым успехом начинаешь писать «легко». (25)И как в это время бывает полезен жестокий щелчок — отказ редакции, суровая встреча критики!.. (26)Просите, товарищи, судьбу, чтоб она была к вам построже и позлее.   (По В. Вересаеву) 
"
84,"Текст Вересаева В. 
 (1)У бабушки доброта была гармоничная и умиляла. (2)У жившей с нею тети Анны доброта эта переходила всякие пределы и больше раздражала. 
 (3)Худая, с птичьим личиком, с медленно-степенными движениями, она была учительницей музыки. (4)У неё учились музыке сёстры и все наши знакомые барышни. (5)За уроками лицо её было строго, серьёзно и торжественно. (6)Но учительница она была очень плохая. (7)Всем её ученицам, сколько-нибудь способным, приходилось потом переучиваться. (8)У неё самой рояль был плохонький и звучал, как слабо натянутый барабан. (9)Я никогда не слышал, чтоб она сама что-нибудь играла, – только кадрили и польки, когда мы танцевали. 
 (10)Всегда она была в хлопотах. (11)Всегда у неё было какое-нибудь ужасно бедное семейство, которое нужно было накормить, страшно несчастный человек, которого нужно было пристроить. (12)Она обходила знакомых, собирала деньги, выпрашивала место. (13)Собранные деньги главою  несчастного  семейства  пропивались;  несчастный  человек, получивший место, оказывался прохвостом или пропойцей. (14)И уже давно никто не верил рекомендациям тёти Анны. 
 (15)Несчастие другого человека не давало ей покоя, не давало жить. (16)Вернее, даже не так, а вот как: свою жажду помощи её тянуло утолить так же неодолимо и настойчиво, как пьяницу тянет к вину. (17)Когда она знала, что денег не пожертвуют, она просила ссудить определённую сумму на время. 
 – (18)Дайте мне взаймы двадцать рублей, – просила она. (19)Через три дня я получу в женском епархиальном училище за уроки музыки и отдам. 
 – (20)Ну смотрите, только на три дня даю! (21)Если не отдадите, поставите меня в безвыходное положение. 
 – (22)Ну конечно же, отдам! 
 (23)И не отдавала. (24)Не потому, что не хотела, а просто не донесла. (25)Встретилось новое горе – и отдала туда. (26)Резкие письма с упрёками и прямыми оскорблениями, грозные требования, тяжёлые объяснения с клятвами сейчас же отдать при первой возможности, озлобленно-виноватые глаза, боязнь встретиться на улице… (27)А завтра опять то же самое. (28)Вся она была в долгах, всё у неё было заложено, ростовщикам платила ужасные проценты. 
 (29)При  жизни  бабушки  ей  всё-таки  приходилось  несколько сдерживаться. (30)Но когда бабушка умерла и домик перешёл в её владение, тётя Анна совсем запуталась. (31)Домик сейчас же был заложен, потом перезаложен. (32)Деньги немедленно уплыли. (33)А заработок её всё уменьшался. (34)Появились другие учительницы музыки, более молодые и талантливые, уроков становилось всё меньше. 
 (35)Под конец жизни тётя Анна жила в большой нужде в своём доме, приходившем всё в большее разрушение. (36)Сарай грозил обрушиться, подгнившие перемёты еле держались. (37)Но тётя доказывала, что это не опасно: дверь открывается внутрь и поддержит перемёт, если он обвалится в то время, когда в сарае человек. (38)Помогать ей было так же трудно и бесплодно, как запойному пьянице. (39)Пошлёшь ей к празднику пятьдесят рублей. (40)Через некоторое время придёт ответ. (41)«Милый Витя! (42)Большое тебе спасибо за присланные деньги. (43)На рубль я купила себе конфет. (44)Пять рублей дала на праздники Козловым. (45)Купила башмаки Лидочке Лочагиной, – они у ней совсем дырявые, и она постоянно простужается». (46)Далее всё в таком же роде. (47)И в заключение:  «Вот  видишь,  скольким  людям  ты  доставил  радость присланными деньгами». 
 (48)Меня это, признаюсь, нисколько не радовало. 
 (По В. В. Вересаеву*) 
 * Викентий Викентьевич Вересаев (1867–1945 гг.) – русский писатель. 
 Информация о тексте 
 
"
85,"Текст Вертеля Л.  
 (1)Чем ближе мы подходили к острову, тем больше он мне нравился. (2)Приподнявшийся над водой метров на десять, своими мягкими обводами пологих скал он чем-то напоминал ладненького китёнка из почти забытого «мультика». 
 (3)Катер лихо заложил крутую дугу, обходя каменистую луду, и через пару минут мы уже вытаскивали его на китовый хвост.  
 (4)До вечерней зорьки времени было ещё уйма, поэтому после легкой трапезы Николай повёз гостя на соседний остров, где после войны пленные немцы в каменоломнях вытесывали блоки, разламывая замшелые скалы. 
 (5)Помахав отъезжавшим компаньонам, собрался на самую высокую скалу острова, чтобы полюбоваться онежскими просторами. (6)По дороге моё внимание привлекли странные трещины, разделявшие каменную возвышенность на части. (7)Они были узкими, местами не шире ступни, но длинными и глубокими. (8)Человек к ним явно не имел никакого отношения. (9)Видимо, мороз и вода совершили эту титаническую работу. 
 (10)Я уже перешагнул три или четыре трещины, с опаской заглядывая вглубь, как вдруг показалось, что в одной что-то белеет. (11)Пришлось лечь на живот и присмотреться. (12)То, что я увидел в сумраке на самом дне... (13)Нет, в это трудно было поверить. (14) Там, не имея возможности двинуться ни вперед, ни назад, сидела живая чайка. 
 (15)«Боже, как же ты попала в эту западню?» - мысленно спрашивал я бедолагу, которая наклоняла голову то в одну, то в другую сторону, пытаясь, в свою очередь, разглядеть меня. (16)Снизу ей была видна только узкая полоска голубого неба, и на его фоне я наверняка выглядел тенью страшного хищника, решившего воспользоваться беспомощностью пленницы. 
"
86,"Текст Вертинского А. 
 (1)Моя дружба с Иваном Мозжухиным (первым актёром российского кино) началась очень давно. (2)Она зародилась в 1912 году. (3)Оба мы были молоды, легкомысленны, веселы и свою работу в кино не считали ни работой, ни искусством. (4)Впрочем, и само кино тогда было очень молодо. 
 (5)Настоящие, серьёзные актёры не хотели играть для кино, и кинодеятелям приходилось искать актёров и чуть ли не умолять их сниматься. (6)Когда я вспоминаю первые картины Ханжонкова, в которых мы снимались с Мозжухиным, я невольно начинаю смеяться. 
 (7)Что это были за картины! (8)Мы не умели ни двигаться, ни смотреть с экрана, не знали, что говорить, чтобы создалось впечатление разговора (текста ведь не было никакого). (9)Сценарии примитивные, режиссёров нет. (10)Мы были предоставлены самим себе и играли как кому вздумается. (11)Это было жуткое время! 
 (12)Позже появились первые режиссёры: Евгений Бауэр, Чердыкин, Протазанов. (13)Стали появляться и киноактёры. (14)Сразу же выяснилось, что удачнее всех «выходит» Мозжухин. (15)Он был очень фотогеничен и как-то сразу уловил тот внутренний ритм, который надо было сочетать с ритмом киноаппарата; он прекрасно чувствовал свет, и к тому же он был ещё и красив. (16)Словом, его имя очень скоро выдвинулось на первый план. (17)А после «Пиковой дамы» и «Отца Сергия» по Толстому он был уже признанным королём экрана. 
 (18)После революции Мозжухин остался в Париже и скоро занял ведущую роль во французской кинематографии. (19)Постепенно он стал первым киноактёром Европы. 
 (20)Тот успех, та популярность, то восхищение, которые выпали на его долю, редко достаются актёрам. (21)Необычайно общительный, весёлый и остроумный, он покорял всех. (22)Даже своих врагов, которых у него, выдающегося артиста, было достаточно. (23)Он был широк, щедр, очень радушен и расточителен. (24)Целые банды приятелей, а иногда и совершенно посторонних людей жили и кутили за его счёт. (25)Он никогда не принимал всерьёз своей славы., обожал людей неожиданных, неустроенных; терпеть не мог буржуазии - довольства, комфорта. 
 (26)Но фильмовый век короток. (27)Говорящее кино убило Мозжухина, и его очень скоро забыли. (28)Он умер в бедности и одиночестве. 
 (29)Слава - это дым, это то, что проходит легко и бесследно. (30)И одна из самых быстро проходящих «слав» - это слава актёра. 
 (31)Актёры сыграли в эмиграции самую благородную, самую нужную роль: они разнесли по свету славу нашей Родины. (32)Они покоряли другие народы величием нашего искусства. 
 (33)Но ими гордились, пока они были на своём посту, и забывали, как только они с него уходили. 
 (34)Иван Мозжухин. (35)Это имя, конечно, неизвестно нашей молодёжи. 
 (36)Шаляпин, Анна Павлова, Глазунов... 
 (37)Кто чтит, кто помнит их? 
 (38)Всё проходит.     
 (По А. Вертинскому) 
"
87,"Текст Вигдоровой Ф. 
 (1)Я знала замечательную писательницу. (2)Её звали Тамара Григорьевна Габбе. (3)Она сказала мне однажды: 
 – В жизни много испытаний. (4)Их не перечислишь. (5)Но вот три, они встречаются часто. (6)Первое – испытание нуждой. (7)Второе – благополучием, славой. (8)А третье испытание – страхом. (9)И не только тем страхом, который узнаёт человек на войне, а страхом, который настигает его в обычной, мирной жизни. 
 (10)Что же это за страх, который не грозит ни смертью, ни увечьем? (11)Не выдумка ли он? (12)Нет, не выдумка. (13)Страх многолик, иногда он поражает бесстрашных. 
 (14)«Удивительное дело, – писал поэт-декабрист Рылеев, – мы не страшимся умирать на полях битв, но слово боимся сказать в пользу справедливости». 
 (15)С тех пор как написаны эти слова, прошло много лет, но есть живучие болезни души. 
 (16)Человек прошёл войну как герой. (17)Он ходил в разведку, где каждый шаг грозил ему гибелью. (18)Он воевал в воздухе и под водой, он не бегал от опасности, бесстрашно шёл ей навстречу. (19)И вот война кончилась, человек вернулся домой. (20)К своей семье, к своей мирной работе. (21)Он работал так же хорошо, как и воевал: со страстью отдавая все силы, не жалея здоровья. (22)Но когда по навету клеветника сняли с работы его друга, человека, которого он знал, как себя, в невиновности которого он был убеждён, как в своей собственной, он не вступился. (23)Он, не боявшийся ни пуль, ни танков, испугался. (24)Он не страшился смерти на поле битвы, но побоялся сказать слово в пользу справедливости. 
 (25)Мальчишка разбил стекло. 
 – (26)Кто это сделал? – спрашивает учитель. 
 (27)Мальчишка молчит. (28)Он не боится слететь на лыжах с самой головокружительной горы. (29)Он не боится переплыть незнакомую реку, полную коварных воронок. (30)Но он боится сказать: «Стекло разбил я». 
 (31)Чего он боится? (32)Ведь летя с горы, он может свернуть себе шею. (33)Переплывая реку, может утонуть. (34)Слова «это сделал я» не грозят ему смертью. (35)Почему же он боится их произнести? 
 (36)Я слышала, как очень храбрый человек, прошедший войну, сказал однажды: «Бывало страшно, очень страшно». 
 (37)Он говорил правду: ему бывало страшно. (38)Но он умел преодолеть свой страх и делал то, что велел ему долг: он сражался. 
 (39)В мирной жизни, конечно, тоже может быть страшно. 
 (40)Я скажу правду, а меня за это исключат из школы... (41)Скажу правду – уволят с работы... (42)Уж лучше промолчу. 
 (43)Много пословиц есть на свете, которые оправдывают молчание, и, пожалуй, самая выразительная: «Моя хата с краю». (44)Но хат, которые были бы с краю, нет. 
 (45)Мы все в ответе за то, что делается вокруг нас. (46)В ответе за всё плохое и за всё хорошее. (47)И не надо думать, будто настоящее испытание приходит к человеку только в какие-то особые, роковые минуты: на войне, во время какой-нибудь катастрофы. (48)Нет, не только в исключительных обстоятельствах, не только в час смертельной опасности, под пулей испытывается человеческое мужество. (49)Оно испытывается постоянно, в самых обычных житейских делах. 
 (50)Мужество бывает одно. (51)Оно требует, чтобы человек умел преодолевать в себе обезьяну всегда: в бою, на улице, на собрании. (52)Ведь слово «мужество» не имеет множественного числа. (53)Оно в любых условиях одно. 
 (По Ф. А. Вигдоровой*) 
 * Фрида Абрамовна Вигдорова (1915–1965) – советская писательница, журналист. 
 Информация о тексте 
 
  Блок ссылок на примеры сочинений  
 Примеры сочинений 
 
"
88,"Текст Вигдоровой Ф. 
 (1)Из дверей школы выходит Людмила Филипповна — директор. (2)Всё затихает, и директор поздравляет всех нас, учеников и учителей, с началом учебного года. 
 — (3)Это первый послевоенный учебный год, — говорит она. — (4)Мы с вами навсегда запомним, как мы собрались у дверей школы, чтобы начать занятия под чистым, свободным небом. (5)И сегодня, в такой большой праздничный день, я хочу напомнить вам о тех людях, которым мы обязаны своей свободой и счастьем, — о тех, кто храбро, самоотверженно сражался с врагом на фронтах Отечественной войны. (6)В этих боях погибли наши бывшие ученики: Гриша Данилов, Павлик Медведев, Нина Полянская. 
 (7)Мы слушаем её в глубокой тишине. (8)Она желает нам успеха, надеется, что мы будем упорно и хорошо работать. (9)Потом она поднимает руку: по всему двору разносится веселый звон колокольчика, и по его зову двери школы широко распахиваются перед нами. 
 (10)Раз после уроков я увидела, что кое-кто из ребят не уходит: собрались вокруг парты Горюнова. (11)Толя вытащил шахматную доску и расставляет фигуры. — (12)Кто  из вас играет? — спросил я, подойдя ближе. 
 —(13)Я, — ответил Толя. — (14)И вот Саша, — кивнул он на друга, — и Глазков. 
 —(15)Можно мне попробовать? — спросил я. 
 
 —(18)Хочешь, сыграем с тобой? 
 (19)Мы перенесли доску на мой стол, уселись друг против друга, ребята тесно окружили нас — и сражение началось. (20)Толя оказался серьезным противником: толковым, расчетливым, осторожным. (21)Я играла немногим лучше его и неожиданно почувствовала, что волнуюсь. (22)Во-первых, мне казалось, что все симпатии на стороне Толи, все желают ему удачи, а это много значит — отношение окружающих! (23)Притом я вдруг поняла, что от исхода этой партии многое зависит, и решила, что мне просто необходимо выиграть. (24)Сдвинув брови, плотно сжав губы, мой противник изучал доску. (25)А рядом стоял его приятель Саша, и на его лице отражалось всё, что происходило на поле боя. (26)Он так переживал каждый Толин ход, словно это его, а не Толю ожидали победа или поражение. 
 (27)Я не очень-то могла наблюдать за окружающими, но не заметит, как ведёт себя Боря Левин, было невозможно. (28)Он «болел» за того, кому изменяло счастье. (29)Он не столько радовался хорошим ходам, сколько огорчался, если кто-нибудь из нас делал неправильный, по его мнению, ход. (30)Стоило мне или Толе взяться за фигуру, как раздавалось полное отчаяний «Эх!..». (31)В иные минуты он даже отворачивался, не в силах смотреть на наши действительные или воображаемые промахи. 
 —(32)Ты мешаешь, — сдержанно сказал наконец Толя. — (33)Раз не можешь смотреть спокойно, уходи. 
 (34)Боря присмирел. 
 (35)Через некоторое время я, сманеврировав своим чёрным конём, сняла Толиного слона. (36)Положение белых усложнилось. (37)Я посмотрела на серьезное лицо Толи. «(38)Зачем я так стараюсь выиграть?» (39)Ведь он совсем мальчик. (40)Даю же я иной раз Гале обыграть меня в шашки. (41)Он огорчится, а для меня проигрыш — не велика беда». 
 (42)Был мой ход — он, по-видимому, решал судьбу партии: вслед за слоном я могла заставить Толю пожертвовать ладьёй, и тогда… (43)Но я стала сосредоточенно разглядывать противоположный угол доски, словно обдумывая какую-то совсем новую комбинацию. (44)Но он посмотрел на меня с таким откровенным изумлением, что мне стало неловко, а присмиревшие было ребята зашевелились, и кто-то разочарованно прошептал: «Поддается…» 
 —(45)Вы ошиблись, Марина Николаевна, — сказал Толя. — (46)Возьмите ход обратно. 
 —(47)Я сама виновата, впредь буду осторожнее, — возразила я, чувствуя, что тоже краснею. 
 (48)Но Толя не воспользовался моим великодушием, он не хотел победы, добытой по милости уступок и снисхождений. (49)Он сделал какой-то нейтральный ход, и тогда я пошла так, как собиралась прежде. (50)Белые сделали еще несколько попыток защититься, но тщетно: через несколько ходов стало ясно, что положение их безнадёжное. 
 — (51)Мат! — хором сказали ребята. 
 (52)Толя поднял на меня тёмные глаза и вдруг расплылся в широчайшей улыбке. (53)Я взглянула на часы: партия длилась сорок минут. (54)Если бы я разговаривала с Толей сорок минут подряд, узнала бы о нем больше, чем сейчас? (55)Едва ли. 
 (По Ф. Вигдоровой)  
 * Фрида Абрамовна Вигдорова (1915-1965) — писатель, журналист, публицист. Работа в школе дала Вигдоровой большой материал для раздумий и наблюдений, нашедших отражение в книгах «Мой класс», «Дорога в жизнь», «Это мой дом», «Черниговка», «Семейное счастье», «Любимая улица». 
 
"
89,"Текст Винокурова Е. 
 (1)Можно с уверенностью сказать, что в мире мало поэтов, являющихся, подобно Есенину, душой нации и пользующихся безграничной любовью народа. (2)Есенина любят разные слои общества: молодёжь и старики, рабочие и профессора. 
 (3)Чем же объяснить такую любовь русского народа к творчеству Есенина? (4)Ведь это очень сложный поэт, и нет человека, который бы его до конца понял, нет пока и критика, который смог бы объяснить и прокомментировать всё богатство содержания есенинской поэзии. (5)Его простота и доступность подчас как бы скрывают от глаз те огромные духовные глубины, которые в нём подспудно содержатся. 
 (6)Есенин – это национальный мыслитель, и этим прежде всего определяется любовь к поэту. (7)Смотрите, как он масштабно и крупно мыслит, причём он мыслит по самым существенным проблемам мира, которые так волнуют человека: о жизни и смерти, о крестьянстве, о русской истории, о судьбе отдельной личности и всего народа. 
 (8)Есенин – великий художник интуиции, и это тоже определяет особое отношение народа к творчеству поэта. (9)Мысли Есенина рождаются вместе со взрывом эмоций – они подобны ослепительным вспышкам, это чаще всего глубочайшие духовные прозрения. (10)Недаром он предположил: ""Зато в глазах моих прозрений дивных свет"". (11)Всей своей великой интуицией художника он безошибочно угадывал правду, писал только правду, ничего, кроме правды, и поэтому написанное им с каждым годом звучит громче и громче. 
 (12)Есенин – певец любви. (13)Эта тема тоже близка каждому человеку. (14)Поэт рыцарски стоял за высокое духовное понимание любви, за предельную одухотворённость чувства, не примирялся с компромиссом, требовал максимального любовного напряжения, максимального переживания. 
 (15)Поэт – это сейсмограф, компас. (16)Он передаёт колебания эпохи, он философ, мы по нему определяем пути истории, силу подземных толчков. (17)Надо только, чтобы этот сейсмограф был чуток, компас – точен. (18)А Есенин был идеальным в этом смысле инструментом – он был обнажённой совестью нации.        
 (По Е. Винокурову)"
90,"Текст Владимирова А. 
 (1) Вечером молодой пастух Гришка Ефимов, которого за большие хрящеватые уши, торчащие в разные стороны, будто остренькие рожки, называли Чертёнком, пригнал в село табун. (2) Бешено вращая зрачками, он рассказал толпившимся возле гаража мужикам, что видел в степи настоящую косулю. 
 – (3) Да чего этого Чертёнка слушать: он собаку от курицы не отличает! – недоверчиво отмахивались от него. – (4) Откуда в наших местах косули? 
 – (5) Да я их лично видел! (6) Она в лощине паслась! 
 – (7) Так, может, это не косуля, а северный олень или мамонт?! – вкрадчиво спросил визжащего от обиды Чертёнка дед Кадочников, пряча улыбку в большой окладистой бороде. (8) Смеясь, мужики стали расходиться. (9) Не смеялся только рослый механик Николай Савушкин. (10) Он строго посмотрел на пастуха и тихо спросил его: 
 – (11) Ты точно косулю видел? 
 – (12) Точно! (13) Видел! (14) Мамой клянусь! – пастух неуклюже перекрестился. – (15) А зачем тебе, Колёк, косуля? (16) Лето ведь – мясо испортится! 
 – (17) Мне не мясо, мне рога нужны, я из них лекарство сделаю! (18) Дочка у меня сильно хворает, уже третий год. 
 (19) Ранним утром, едва только рассвело, Савушкин взял ружьё и отправился в лощину. (20) Туман тугими лентами покрывал степь, и сквозь белые кружева синели одинокие березы, похожие на старинные корабли, застрявшие во льдах. (21) Савушкин исходил всю лощину, пролазил все перелески, но не нашёл следов косули. (22) Он знал, что ничего не найдёт. (23) Так уж, видно, суждено. (24) Суждено видеть печальные глаза девочки, которая с тоской смотрит куда-то внутрь себя, как будто чувствует, как по ее крошечному телу крадется боль. (25) Боль, похожая на большую черную кошку. 
 (26) Нещадно палило полуденное солнце, и воздух, словно горячий жир, стекал густыми струями на землю. (27) Нужно было возвращаться назад. (28) Савушкин спустился с холма и заплакал. (29) По его лицу, мешаясь с потом, текли слёзы и, будто кислота, разъедали кожу... (30) Самое страшное – когда она молчит, просто смотрит внутрь себя и молчит, потому что знает: никто не поможет. (31) И ты видишь, как твой ребёнок в одиночестве блуждает по бесконечным лабиринтам боли. 
 (32) Вдруг Савушкин замер. (33) В овражке, прорытом вешними водами, стояла косуля. (34) Совсем близко, под самым носом, шагах в двадцати. (35) Савушкин осторожно снял с плеча ружьё, взвёл курки. (36) Косуля смотрела на него, но почему-то не убегала. 
 – (37) Стой, стой, миленькая, стой! – шёпотом уговаривал её Савушкин. (38) Он шагнул влево и увидел рядом с косулей детёныша. (39) Малыш примостился возле матери, на траве, поджав тонкие ножки, и, сморённый жарой, устало смотрел куда-то в сторону. (40) Мать стояла возле него, закрывая своим телом от палящего солнца. (41) Прохладная тень, будто фиолетовое покрывало, лежала на сонно вздрагивающей головке детёныша. (42) Савушкин вздрогнул и попятился назад... 
 (43) Солнце жгло прокалённую землю. (44) Дочка сидела на крыльце и ела землянику, которую он нарвал в овраге перед самым селом. 
 – (45) Вкусно, миленькая? – спросил он. 
 – (46) Вкусно! 
 (47) Савушкин наклонился и погладил её мягкие волосы. (48) На голову ребёнка, будто фиолетовое покрывало, легла прохладная тень. 
 (По А. Владимирову*) 
 * Александр Павлович Владимиров — современный писатель-прозаик. 
 Информация о тексте 
"
91,"Текст Водолазкина Е. 
 (1)Слово как человек: оно имеет свою историю и не всегда было таким, каким мы его знаем сейчас. (2)Слово «успех» в древности имело три основных значения. (3)Первым, и, безусловно, самым важным, было значение «польза», причём часто имелась в виду польза духовная. (4)Добрые дела творились «на успех людям». (5)Вторым значением было «движение вперёд, продвижение», например по службе. (6)Наконец, третье значение слова «успех» передавалось современным (и родственным «успеху») словом «поспешность». (7)Так, выражение «встать с успехом» обозначало не удачное, а поспешное вставание. 
 (8)Словари современного языка в слове «успех» выделяют по преимуществу два значения. (9)Первое определяется как «положительный результат, удачное завершение», второе — как «общественное признание». (10)Ни то ни другое значение не связано с пользой. (11)«Положительный результат» может быть достигнут и в совсем, так сказать, неположительном деле, так что с точки зрения пользы этот результат окажется самым что ни на есть отрицательным. (12)Что до «общественного признания», то в нынешних условиях оно нередко достаётся тем лицам, чьё исчезновение с экрана телевизора как раз и принесло бы несомненную общественную пользу. (13)Иногда я представляю себе вереницу наших новых «успешных» людей, выводимую из информационного поля небезызвестным человеком с флейтой... 
 (14)Два других древнерусских значения стоят ближе к современным толкованиям этого слова. (15)Особенно это касается «поспешности», которая нередко связана с достижением успеха в его нынешнем понимании. (16)Используя однокоренное слово, можно сформулировать это так, что успех сопровождает того, кто успел. (17)Какая уж тут духовная польза... 
 (18)Почему главное средневековое значение слова «успех» не сохранилось? (19)Я думаю, ответ нужно искать не в сфере языка. (20)Просто нравственная проблематика перестала быть в обществе центральной. (21)Развитие человечества в Новое время — и это имело свой исторический смысл — было связано с углублением личностного начала. (22)Всякое развитие, однако, имеет две фазы: созидательную и разрушительную. (23)Созидание персонального в человеке сделало личность тоньше, открыло новые горизонты для движения. (24)Достижение этих горизонтов и движение за них начало личность разрушать. (25)Этому человеку было предоставлено заманчивое право переходить улицу на красный свет, и гуманизм превратился в свою противоположность. 
 (26)Одной из составляющих процесса индивидуализации стал культ успеха. (27)Человечество разделилось на две неравноценные категории: людей успешных и успеха не достигших. (28)Никогда ещё граница между ними не была столь резкой, как сейчас. (29)По-современному понятый успех подразумевает наличие у немногих того, чего нет у большинства: если бы виллы, яхты и лимузины были доступны каждому, они, безусловно, перестали бы связываться с успехом. (ЗО)При этом общество строится так, что никто не должен выпадать из системы, питая надежду на перемены к лучшему. (31)«Вы этого достойны», — подбадривает реклама. 
 (32)Люди, которые не достигли «успеха», нужны, и о них заботятся, потому что неудачливость неудачливых обеспечивает успех успешных. (ЗЗ)Потому что неохваченные могут сбежать и примкнуть, чего доброго, к системе ценностей, основанной на идеях нравственности и пользы. (34)А этих ценностей на всех хватит, в то время как пряников, по словам незабвенного Булата Шалвовича Окуджавы, конечно же, «всегда не хватает на всех». 
 (По Е. Г. Водолазкину*) 
 *Евгений Германович. Водолазкин (род. в 1964 г.) — российский писатель и литературовед, доктор филологических наук.  
 
"
92,"Текст Волкогонова Д. 
 (1)Какие поступки мы считаем героическими? (2)Можно ли отделить подлинно героическое от лжегероизма? (3)Кто в общественном и индивидуальном сознании предстаёт как герой - творец подвига? 
 (4)Об этом давно задумываются люди. (5)Давно задают вопросы и пытаются на них отвечать. (6)Для каждой эпохи эти ответы были своими, соответствующими мировоззрению, которое в ту пору господствовало. (7)Ведь люди привязаны к галере своего времени. (8)Взгляды на мир, общество, мышление и, естественно, на человеческие поступки отражают доминирующие в обществе социальные и моральные установки и характер отношения ко злу, добру, справедливости, благородству, мужеству. 
 (9)У древних греков, например, героем считался тот, кто обладал огромной физической силой, благородством и был способен одерживать верх в сражениях, битвах, войнах. (10)А вот средневековое общество поэтизировало представителей военного сословия - рыцарей, состоявших на службе у феодалов. (11)Для защиты владений, споров с соседями, удержания в повиновении нужна была военная сила. (12)Значительно позднее Ф. Ницше утверждал, что героем может быть тот, кто ближе к идеалу «сверхчеловека» - человеческому уникуму, способному властвовать над «рабской моралью», «предрассудками», «дряблыми идеалами». (13)«Слабые и неудачные, - писал Ницше, - должны погибнуть. (14)Такова альфа нашего человеколюбия». (15)Герой для Ницше - это «полубог, полузверь, получеловек с крыльями ангела, злое демоническое существо». 
 (16)Каковы же сегодня критерии героического? (17)Некоторое время назад на Западе был широко разрекламирован безрассудно смелый поступок двух молодых парашютистов-американцев, напоминающий игру в кошки-мышки со смертью. (18)Один из молодых парней выпрыгнул из люка самолёта без парашюта, а через точно рассчитанное время - другой, с двумя парашютами. (19)В воздухе второй парашютист «догнал» первого, передал ему парашют, который тот пристегнул во время продолжающегося падения. (20)В итоге оба благополучно приземлились. (21)Исключительный случай? (22)Да. (23)Необычный поступок? (24)Конечно. (25)Но во имя чего был нужен этот бессмысленный риск? (26)Отдавая должное личной смелости парашютистов, следует сказать, что их поступок нельзя назвать героическим. (27)Действия, не несущие прогрессивной социальной нагрузки, даже будучи совершёнными в экстремальной ситуации, отношения к героическому не имеют. (28)В противном случае пришлось бы считать (что нередко и делается), что героями могут быть дерзкие преступники, авантюристы, грабители и т. д. (29)«Голая» исключительность не может являться критерием принадлежности поступка, действия, явления к героическому свершению. (30)Герой - не сверхъестественный феномен, а обыкновенная личность, которая исключительна лишь в одном: она способна к совершению в нужный момент такого поступка, который жизненно необходим людям. 
 (По Д. А. Волкогонову) 
 *Волкогонов Дмитрий Антонович (1928-1995) - русский публицист, историк, философ, государственный деятель. 
 Информация о тексте 
"
93,"Текст Волохова Б. 
 (1)Шли большие военные учения, и мы, моряки, тоже в них участвовали. (2)Ещё засветло позапрошлым вечером мы погрузили на корабли прибывших накануне десантников и вышли в море, чтобы доставить их в назначенное командованием место. (3)Когда покидали базу, погода была сносная, апотомиспортилась.  (4)Налетел ветер, пригнал громадную тучу, хлынул проливной дождь.  
 (5)Когда мы уже высадились на берег, радист, с которыммы вместе добирались с корабля, обратился ко мне:  
  − (6)Слушай, Михаил! (7)Оставайся здесь с гранатомётчиками, а я махну искать комбата. (8)Эй, Джураев, приюти у себя моряка!..  
 (9)Только теперь я разглядел лежащего неподалёку сержанта с гранатомётом в руках. (10)Он обернулся ко мне.  
 −  (11)Граната мой бери, помогать будешь танк бить.  (12)Лопата свой бери − окоп тебе делай. (13)Я помогать буду.  
 (14)Сержант дал мне две гранаты и, перевалившись на бок, ловко заработал малой лопатой.  (15)Я тоже для виду ковырял землю, с тоской поглядывая в сторону берега.  (16)Там светлел горизонт.  (17)Чуть заметная слабенькая белая полоска отделяла небо от моря. (18)А море и небо были ещё тёмно-серыми, почтичёрными.  (19)Прошло несколько минут, и небо стало сначала вишнёво-красным, потом алым, потом золотым.        (20)Ярко очертились контуры облаков.  (21)Но море ещё оставалось тёмно-серым. (22)Потом появилась красная ниточка, она росла, превращалась в огненную горбушку, и вдруг из-под тучи необъятным пламенем вырвались лучи. (23)Всё сразу кругом ожило, небо стало голубым, море − зелёным.  
 (24)Странно как-то всё устроено в природе: недавно лил дождь, небо было запятнано тучами, ивдруг всё куда-то исчезло.  (25)Природа любит целесообразность и всё уравновешивает по своим законам. (26)А человек?..  
  − (27)Горячий наступает пора... – сказал с улыбкой сержант Джураев. − (28)Граната метать умеешь?  − он ободряюще подмигнул мне.  −  (29)Пусть подходят близко!  
 (30)Целясь, он прижался смуглой щекой к гранатомёту, улёгся поудобней.   (31)Я ещё подумал: воттак, наверное, все морские пехотинцы, скрывшиеся в складках земной поверхности, исправно и по-хозяйски приготовились к тяжёлой, но необходимой работе.  (32)А кругом уже ревели моторы, тяжко грохотали гусеницы.   (33)Казалось, весь мир заполнился железным воем и скрежетом.  
 (34)Подняв голову, я увидел танк совсем близко  − прёт прямо на нас. (35)Его тень, длинная и уродливая, покачиваясь, легла на соседние кусты.  (36)Когда оглянулся, стальная махина уже проскочила линию окопов, а Садык Джураев, стоя, бросал ей вслед свои учебные гранаты.  (37)Поглядев на него, я вспомнил про те, что были у меня...  
 (38)«Противник» ещё не раз пытался опрокинуть нас в море, заткнуть за пояс, но морские пехотинцы, выполняя важные учебные задания, стойко держались и даже медленно вклинивались в оборону «врага». (39)В полдень десантники штурмом взяли важную высоту и закрепились на ней.   
 (40)А у меня на душе было скверно. (41)Скверно оттого, что мы всего за несколько часов огнём и железом исковеркали большой участок земли. (42)Цветы и траву превратили в пепел.     (43)Землю исполосовали гусеничными траками...  
 (44)Я с детства люблю землю. (45)Может, потому, что в деревне вырос и земля всегда виделась мне такой доброй и щедрой, что её нельзя не лелеять и не беречь.  (46)Деревушка наша, где я жил с родителями, утопала в садах и зелени.  (47)А рядом, за нашим маленьким домом, что стоял на самой окраине, начиналось великое поле хлебов.   (48)Как для младенца мила колыбельная песня матери, так мил и дорог мне звон спелых колосьев, стук кузнечика в скошенной ржи, сладок запах весеннего пара над вспаханной нивой.  
 (49)А тут на моих глазах лысела, выгорала, трескалась земля.  (50)Мне трудно было совместить воедино чувство жалости к вечной природе и понимание той крайней необходимости, которая обязывает нас, людей, учиться военному делу... 
 (По Б. Волохову*)   
 *Б. Волохов– автор рассказа «А море шумит...», вошедшего в литературно-художественный морской сборник «Океан».  
 
"
94,"Текст Воробьева В. 
 (1)В русском языке есть прекрасное слово «подвижник». (2)Оно сродни слову «подвиг» и означает: «славный великими делами, на каком-либо поприще; доблестный делатель; храбрый, удачливый воитель…». 
 (3)И что самое удивительное – все эти определения, которые взяты из словаря В.И. Даля, можно справедливо соотнести с личностью создателя великого собрания русских слов. (4)Главным подвигом и столбовым путём, «путём веры и праведничества» для Владимира Ивановича Даля до последних часов его жизни оставалось собирание Слов. 
 (5)К созданию будущего Словаря, и этому есть много свидетельств, В. И. Даля подтолкнул А. С. Пушкин, дружба с которым у него сохранится до последнего вздоха поэта. (6)Буквально на руках Даля скончался его великий советчик и друг. (7)«Словом человека не убьёшь», – где-то услышит поговорку Даль, а верной оказалась другая: «Слово пуще стрелы ранит». 
 (8)Даль собрал за свою долгую жизнь более 200 тысяч слов. (9)Если их просто выписать столбиком, понадобится четыреста пятьдесят ученических тетрадей. (10)Но Владимир Иванович ещё и объяснил каждое слово и привёл примеры их употребления в пословицах и крылатых выражениях. (11)Так, слово «добро» он проиллюстрировал 60 пословицами! (12)«Правда» для Даля была – «истина на деле, истина в образе, во благе; это правосудие, справедливость («стоять за правду»), а также честность, неподкупность, добросовестность, законность, безгрешность». 
 (13)Отечеством Даль называл не только землю, где человек «родился, вырос», но и «землю, где выходец поселился, приняв подданство или прочно, навсегда водворившись». (14)Судьба уготовила Далю стать в начале пути «воителем», то есть защитником Отечества, Родины. (15)Всегда мягкий и сдержанный по характеру, он мог сказать при случае: «Я полезу на нож за правду, за Отечество, за русское слово, за язык». (16)«Отец мой – выходец, а моё отечество – Русь», – напишет впоследствии Даль в Словаре. 
 (17)Свой труд Даль назвал «Толковым словарём живого великорусского языка». (18)Создатель словаря шутил: «Толковым не оттого назван словарь, что мог получиться и бестолковым, а оттого, что он слова растолковывает». 
 (19)За неделю до смерти В. И. Даль обратился к дочери с последней просьбой – записать для нового издания Словаря четыре незнакомых ему слова, услышанных им от прислуги. 
 (20)Подвиг, по Далю, – «доблестный поступок, дело или важное, славное деяние», отсюда и слово «подвижник». (21)Трепетное отношение великого собирателя к Слову, к Отчизне, к правде – равнозначным для него понятиям! – убеждает нас сегодня в подвижничестве В. И. Даля. (22)Не так ли?         
 (По В. В. Воробьеву) 
"
95,"Текст Воробьёва Е. 
 (1)Рядовой Федосеев, телефонист, появился на батарее с хорошими новостями: он сам видел, как фашистов выбили из Красной Поляны. 
 (2)Теперь нетрудно было догадаться, что батарею вот-вот перебросят на другой участок. 
 (3)Лейтенант решил воспользоваться этим. (4)Увидел замполита и попросил разрешения, пока батарея будет менять позицию, отлучиться в город ему и молоденькому телефонисту Федосееву: парень никогда не видел Москвы, поскольку родом он из Соликамска. 
 — (5)3а счёт положенного времени разрешу, - сказал замполит строго. - (6)В самом деле, негоже защитнику Москвы не увидеть Москвы! 
 (7)Выбрались заулками и переулками на Дмитровское шоссе, потом на трамвае добрались до станции метро «Сокол», вошли в почти невидимую дверь, окутанную морозным паром. (8)Федосеев был разочарован тем, что на станции не оказалось эскалаторов, но в вагоне всё очень понравилось. 
 (9)Неожиданно быстро доехали до площади Революции. (10)Москвич-лейтенант сказал, что она в самом центре города. (11)Пора выходить. 
 (12)Федосеев весьма неуверенно ступил на эскалатор. (13)Всё ему было ново в подземном этаже Москвы. (14)«Стоять справа, проходить слева, тростей, зонтов и чемоданов не ставить». (15)Те, кто спускается им навстречу по соседнему эскалатору, только что с мороза - румяные, особенно девушки... (16)Но вот снова твёрдый пол под ногами. 
 (17)Они перешли площадь, прошагали мимо Стереокино, мимо Центрального детского театра, постояли на площади Свердлова. 
 (18)Фасад Большого театра, знакомый Федосееву по фотографиям и киножурналам, неузнаваем. (19)Вся верхушка завешена двумя декорациями: слева двухэтажный дом, правее роща. (20)Лейтенант объяснил, что это камуфляж. 
 (21)Вышли на Красную площадь, и Федосеева сопровождало ощущение, что он ходит по давно знакомым местам. (22)Лейтенант обещал показать Минина и Пожарского, народных ополченцев старой Руси, но памятник заложили мешками с песком. 
 (23)А вот Пушкин, до которого они вскоре дошли, оказался ничем не укрыт: стоит с непокрытой головой, бронзовые плечи присыпаны снегом. (24)Лейтенанта это всерьёз тревожило. (25)Правда, в пепельном небе маячит аэростат воздушного заграждения, но всё же... 
(26)По бульварам дошли до Арбата и не торопясь вернулись на площадь Революции. (27)Вторично спустились в метро: есть время прокатиться, осмотреть подземные дворцы. (28)Понравилась Федосееву станция «Маяковская» со стальными колоннами, приглянулись «Красные ворота» - красные и белые плиты под ногами. 
 (29)В огромном бомбоубежище, каким стало московское метро, складывался свой быт. (30)На станции «Арбатская» на служебной двери - табличка «Для рожениц». (31)На станции «Курская» работал филиал публичной Исторической библиотеки: он открывался, когда прекращалось движение поездов. (32)Федосеев проникся уважением к подземным читателям: занимаются в часы воздушной тревоги! 
 (33)Телефонистом владела радость узнавания нового большого города. (34)Это чувство острее у человека, который мало путешествовал и жил где-то в медвежьем углу. (35)А ещё в сердце Федосеева всё больше росла гордость: не всякому довелось защищать столицу.  
 (По Е. Воробьёву)  
"
96,"Текст Воробьёва К. 
 (1)Я не думаю, что можно исчерпывающе полно ответить на сложный вопрос, как найти себя молодому человеку в жизни и что это значит – найти себя. 
 (2)Если бы кто-нибудь знал такой рецепт, то жизнь на нашей планете превратилась бы в земной рай для человека, ибо в этом случае мы избежали бы множества печальных заблуждений, ошибок и преступлений. 
 (3)И всё же жизненный опыт позволяет человеку старшего возраста прийти на помощь юноше, только что открывающему для себя мир и ищущему места в этом мире. 
 (4)Что же значит найти себя? (5)Очевидно, речь идёт о месте в жизни, то есть о том, как правильно выбрать из всех возможностей и форм деятельности  те,  которые  соответствовали  бы  склонностям  твоей индивидуальности. (6)Выбор возможных путей тут велик и разнообразен, и, какой из них лучший, каждый должен решать сам. (7)В этом заключается главная трудность, так как только практически в процессе самой ответственной деятельности можно выяснить, подходит ли она человеку, а он ей. (8)Здесь речь может идти о призвании. 
 (9)Разумеется, юноша в этом случае, то есть в выборе своего места в жизни, не остаётся в одиночестве… (10)Его реальный выбор, да и сами его стремления, сознаёт он это или нет, в огромной степени определяются предшествующим воспитанием, влиянием окружающих людей, социальной средой. (11)И тем не менее этот выбор, повторяем, очень труден. (12)Он неизбежно рождает раздумья, размышления, сомнения и колебания, столь характерные для юношеского возраста. (13)Не случайно именно в этом возрасте с особой остротой ставится вопрос о смысле жизни. 
 (14)Юноша жадно ищет формулу, которая бы позволила ему разом осмыслить и собственное существование, и перспективы развития общества. (15)Но где взять такую формулу? 
 (16)Не менее важен в связи с этим и сопутствующий, так сказать,жизненному самоотысканию вопрос: о каком человеке можно сказать, что он богат как личность? (17)Здесь, на мой взгляд, нельзя самодеятельничать, чтобы отыскивать уже давно открытое. (18)В мировой философии и этике уже найдены критерии оценки жизни и деятельности индивида – это его полезность обществу, людям. (19)Социальная ценность человека измеряется тем, насколько его деятельность способствует прогрессу общества, служит делу разума и порядка. (20)Поскольку человек – существо общественное, его личное счастье тоже зависит от этой деятельности. (21)Чем больше человек даёт людям, тем богаче он сам как личность. 
 (22)Итак, мы пришли вроде бы к доброму и вполне благополучному выводу, что трудный поиск самого себя в жизни неизменно рождает пытливую и беспокойную мысль и увлечение, а ведь именно это приводило человека к открытиям, украсившим нашу землю. 
 (По К. Д. Воробьёву*) 
 * Константин Дмитриевич Воробьёв (1919–1975 гг.) – русский советский писатель. 
 Информация о тексте 
 
"
97,"Текст Воронковой Л. 
 (1)Антонина Андроновна вышла из столовой. (2)Она окинула учительницу неприветливым взглядом и спросила с холодком в голосе: 
 —(3)В чём дело? 
 -(4)Здравствуйте, - сказала Елена Петровна, еле сдерживаясь, чтобы не вспылить от обиды за такой приём. - (5)Мне нужно поговорить о вашей дочери. 
 -(6)О дочери?.. - Антонина Андроновна обернулась к Тамаре. -(7)Ты что натворила? 
 -(8)Я бы хотела поговорить, посоветоваться с вами, - сказала Елена Петровна, чувствуя, что на лице у неё проступают красные пятна. 
 -(9)Ну что ж, войдите! - со вздохом пригласила Антонина Андроновна. -(10)0 чём советоваться-то нам с вами, не знаю... (11)Тамара, иди-ка отсюда... 
 (12)Антонина Андроновна, жестом пригласив Елену Петровну сесть, уселась первая. (13)Кресло скрипнуло под её тяжестью. (14)Елена Петровна села тоже. 
 -(15)Ваша дочь плохо учится, - сказала учительница. - (16) Она не делает домашних заданий, не учит уроков... 
 (17) Антонина Андроновна посмотрела на неё с удивлением: 
 -(18)А я-то при чём же? (19)Я, что ли, буду за неё уроки учить? 
 -(20)Но вы можете и должны следить за тем, чтобы она готовила уроки. 
 (21) Антонина Андроновна отвернулась, махнув рукой: 
 -(22)Не до того мне. (23)Не до того! (24)Сами управляйтесь. 
 -(25)А разве вам всё равно, как учится ваша дочь? - спросила Елена Петровна спокойно, хотя в глазах уже горели огоньки. -(26)Поймите меня, прошу вас! (27)Я не жаловаться пришла, а просто посоветоваться... (28) Помогите мне! 
 (29)Антонина Андроновна пожала плечами: 
 -(30)Ну уж, голубушка... 
 -(31)Меня зовут Елена Петровна. 
 -(32)Очень хорошо, что вас зовут Елена Петровна. (33)Но уж я вам скажу откровенно, Елена Петровна. (34)Вот, скажем, для примера, портниха шьёт мне платье - и помощи никакой не просит. (35)Вот, скажем, приходит монтёр чинить электричество - и тоже помощи не просит. (36)Да и чудно было бы, если бы они помощи просили, ведь они же за свою работу деньги получают. (37)А почему же вам надо помогать? (38)Вам ведь тоже деньги платят... (39)Моё дело - кормить ребёнка, одевать. (40)А уж учить - это ваше дело. (41)А если моя дочь плохо учится, значит, вы, голубушка... уж вы меня извините... значит, вы учительница так себе... (42)Неважная вы учительница. 
 (43)Елена Петровна вскочила. 
 -(44)Ваше равнодушие меня потрясает! - сказала она дрожащим от гнева голосом. -(45)Может быть, я неважная учительница, но вы очень плохая мать! 
 (46)Она с пылающим лицом быстрыми шагами вышла из комнаты. (47)Хлопнула входная дверь. 
 (48)Антонина Андроновна слегка покраснела, глаза её сверкнули. -(49)Ещё чище! (50)3дравствуйте! (51)Теперь уж и мать плохая! (52)Не видали вы плохих-то матерей. (53)Вон по двору детишки бегают: у иного и под носом не промыто, и пуговицы все оборванные... (54)А у моей всё начищено да наглажено. (55)Я берегу девочку, чтобы никакой работы, никакой заботы, не позволяю ей носового платка выстирать! (56)И незачем ей это делать: у нас есть домработница, мы за это ей платим... (57)Ишь ты! (58)Это я-то плохая мать! 
 (59)Но, вдруг сообразив, что её никто не слушает, Антонина Андроновна встала и пошла в столовую обедать. 
 (по Л.Ф. Воронковой*) 
 *Любовь Фёдоровна Воронкова (1906-1976) советская писательница, автор многих детских книг и цикла исторических повестей для детей. 
"
98,"Текст Гайдара А.  
 (1)Фронтовая полоса. (2)Пропуская гурты колхозного скота, который уходит к спокойным пастбищам на восток, на перекрёстке села машина останавливается. (3)На ступеньку вскакивает хлопчик лет пятнадцати. 
 — (4)Дяденька, дайте два патрона. 
 — (5)На что тебе патроны? 
 — (6)А так... на память. 
 — (7)На память патронов не дают. 
 (8)Сую ему решётчатую оболочку от ручной гранаты и стреляную блестящую гильзу. 
 
 — (11)Ах, дорогой! (12)Так тебе нужна такая память, с которой можно взять толку? (13)Может быть, ты хочешь вот эту зелёную бутылку или эту чёрную гранату? (14)Может быть, тебе отцепить от тягача вот ту небольшую противотанковую пушку? (15)Лезь в машину, не ври и говори прямо. 
 (16)И вот начинается рассказ, полный тайных недомолвок, увёрток, хотя в общем нам уже всё давно ясно. 
 (17)Уходят отцы, дяди и старшие братья в партизаны. (18)А он ещё молод, но ловок, смел. (19)Он знает все лощинки, последние тропинки на сорок километров в округе. 
 (20)Боясь, что ему не поверят, он вытягивает из-за пазухи завёрнутый в клеёнку комсомольский билет. (21)И не будучи вправе рассказать что-либо больше, облизывая потрескавшиеся, запылённые губы, он ждёт жадно и нетерпеливо. 
 (22)Я смотрю ему в глаза. (23)Я кладу ему в горячую руку обойму. (24)Это — обойма от моей винтовки. (25)Она записана на мне. (26)Я беру на себя ответ за то, что каждая выпущенная из этих пяти патронов пуля полетит точно в ту, какую надо, сторону. 
 — (27)Послушай, Яков, ну зачем тебе патроны, если у тебя нет винтовки? (28)Что же ты, из пустой крынки стрелять будешь? 
 (29)Грузовик трогается. (30)Яков спрыгивает с подножки, он подскакивает и весело кричит что-то несуразное, бестолковое. (31)Он смеётся и загадочно грозит мне вдогонку пальцем. (32)Потом, двинув кулаком по морде вертевшуюся около корову, он исчезает в клубах пыли. 
 (33)Дети! (34)На десятки тысяч из них война обрушилась точно так же, как и на взрослых, уже хотя бы потому, что сброшенные над мирными городами фашистские бомбы имеют для всех одинаковую силу. 
 (35)Остро, чаще острее, чем взрослые, подростки — мальчуганы, девочки — переживают события Великой Отечественной войны. (36)Они жадно, до последней точки, слушают сообщения Информбюро, запоминают все детали героических поступков, выписывают имена героев, их звания, их фамилии.(37)Они с беспредельным уважением провожают уходящие на фронт эшелоны, с безграничной любовью встречают прибывающих с фронта раненых. 
 (38)Я видел наших детей в глубоком тылу, в тревожной прифронтовой полосе и даже на линии самого фронта. (39)И повсюду я видел у них огромную жажду дела, работы и даже подвига. 
 (40)Пройдут годы. (41)Вы станете взрослыми. (42)И тогда в хороший час отдыха после большой и мирной работы вы будете с радостью вспоминать о том, что когда-то, в грозные для Родины дни, вы не путались под ногами, не сидели сложа руки, а помогали своей стране в её тяжёлой и очень важной борьбе с человеконенавистническим фашизмом. 
 (По А. П. Гайдару*) 
 * Аркадий Петрович Гайдар (настоящая фамилия — Голиков, 1904-1941) — русский советский детский писатель, киносценарист, участник Гражданской и Великой Отечественной войн. 
"
99,"Текст Галь Н. 
 (1)Молодой отец строго выговаривает четырёхлетней дочке за то, что она выбежала во двор без спросу и едва не попала под машину. 
 (2) - Пожалуйста, - вполне серьёзно говорит он крохе, - можешь гулять, но поставь в известность меня или маму. 
 (3Сие - не выдумка фельетониста, но подлинный, ненароком подслушанный разговор. 
 (4)Или серьёзно пишут в статье о работе экипажа космической станции: «Производился забор (!) проб выдыхаемого воздуха». (5)Этот забор не залетел бы в космос, если бы не стеснялись сказать попросту: космонавты брали пробы. (6)Но нет, несолидно! 
 (7)Слышишь, видишь, читаешь такое - и хочется снова и снова бить в набат, взывать, умолять, уговаривать: БЕРЕГИСЬ КАНЦЕЛЯРИТА! 
 (8)Это - самая распространённая, самая злокачественная болезнь нашей речи. (9)Когда-то редкостный знаток русского языка и чудодей слова Корней Иванович Чуковский заклеймил её точным, убийственным названием. (10)Статья его так и называлась - «Канцелярит», и прозвучала  она поистине как  SOS. (11)Не решаюсь сказать, что то был глас вопиющего в пустыне: к счастью, есть рыцари, которые, не щадя сил, сражаются за честь Слова. (12)Но, увы, надо посмотреть правде в глаза: канцелярит не сдаётся, он наступает, ширится. (13)Это окаянный и зловредный недуг нашей речи. (14)Быстро разрастаются чужеродные, губительные клетки - постылые штампы, которые не несут ни мысли, ни чувства, ни на грош информации, а лишь забивают и угнетают живое, полезное ядро. 
 (15)Мы настолько отравлены канцеляритом, что порою начисто теряем чувство юмора. (16)И уже не в романе, а в жизни, в самой обыденной   обстановке,   человек   вполне   скромный   всерьёз   говорит   другому: «Я выражаю вам благодарность». 
 (17)Помните, у Виктора Некрасова в Ледовитом океане лодка утлая плывёт и молодой пригожей Тане Ванька песенки поёт?	 
 (18)Хорошо поёт, собака, убедительно поёт...	 
 (19)Да, объясняться в любви не только стихами, но и прозой надо убедительно, иначе Таня Ваньке не поверит.	 
 (20)А меж тем в сотнях рассказов, романов, очерков, переводных и отечественных, разные люди по разным поводам разговаривают так, что кажется: вот-вот читатели отзовутся знаменитым громогласным «Не верю!» Константина Сергеевича Станиславского...	 
 (21)В сотый раз спросим себя: кто же должен прививать людям вкус, чувство меры, бережное отношение к родному языку? (22)А заодно - и уважительное отношение к человеку, с которым разговариваешь? 
 (23)Кто, если не мы сами?! 
 (По Н. Галь*) 
 *Нора Галь (настоящее имя Элеонора Гальперина; 1912—1991) — выдающийся литератор, переводчик английской и французской литературы на русский язык. 
 Основные проблемы: 
 1) Проблема канцелярита (что такое канцелярит? Как он влияет на нашу речь? В чём опасность штампов?); 
 2) проблема сохранения чистоты нашей речи (кто должен прививать людям бережное, уважительное отношение к языку?);   
 3) проблема ответственности и уважительного отношения к собеседникам и к языку (как соотносится вкус, чувство языка и уважение к людям?).  
 Авторская позиция. 
 1.  Канцелярит - самая опасная болезнь нашей речи; штампы угнетают «живое ядро» языка, они опасны и в живой речи людей, и в речи персонажей литературных произведений. 
 2. Только мы сами можем привить себе и другим бережное, уважительное отношение к языку. 
 3. Бережное отношение к языку означает и уважительное отношение к собеседнику; каждый человек несёт ответственность за то, как он говорит и пишет на родном языке. "
100,"Текст Ганичева В. 
 (1)На берегу реки сидел старый человек в морском мундире. (2)Последние предосенние стрекозы трепетали над ним, некоторые садились на потёртые эполеты, передыхали и вспархивали, когда человек изредка шевелился. (3)Ему было душно, он расслаблял рукой уже давно расстёгнутый воротник и замирал, вглядывался слезящимися глазами в ладошки небольших волн, похлопывающих речку. (4)Что виделось ему сейчас в этом мелководье? (5)О чём думал он? 
 (6)До недавнего времени он ещё знал, что одержал великие победы, что сумел вырваться из плена старых теорий и открыл новые законы морского боя, что создал не одну непобедимую эскадру, воспитал немало славных командиров и экипажей боевых кораблей. 
 (7)Но прошло едва ли десять лет после его отставки, и о нём постарались забыть и в императорском дворце, и в Адмиралтействе, и в штабах флотов и морских училищ. (8)Вот и заканчивал свой век забытый властью и флотскими командирами здесь, в центре России, на Тамбовщине, Фёдор Фёдорович Ушаков, опальный русский флотоводец. (9)Сорок кампаний провёл он, ни в одном сражении не потерпел поражения. (10)Блестящие победы русского флота под его началом сделали имя Фёдора Ушакова легендарным. (11)Но мало кто помнил об этом тогда в России... 
 (12)Современники часто не замечают таланта, гения, пророка в своём окружении. (13)Они не могут, а если вспомнить историю, то и не хотят выделять выдающиеся, их превосходящие способности ближнего. (14)С раздражением говорят о таком человеке, возводя его в лучшем случае в разряд чудаков и людей везучих... 
 (15)Звуки того дня перемешивались в нём, наплывали один на другой, заставляя вздрагивать, озираться. (16)Он вспоминал о дальних походах и сражениях. (17)Глаза его были открыты, но взор бродил где-то там, по далёким рейдам, бухтам и гаваням, натыкался на крепостные стены и прибрежные рифы. 
 (18)Набежал ветер, пытаясь закутать, запеленать одинокого адмирала, а тот отстранял его рукой, пробуя задержать видeния прошлого. 
 (По В. Ганичеву) 
 Информация о тексте 
 
"
101,"Текст Гаршина В.   
 (1)Рябинин – талантливая натура, но зато лентяй ужасный. (2)Я не думаю, чтобы из него вышло что-нибудь серьезное, хотя все молодые художники – его поклонники.  (3)Особенно  мне  кажется  странным  его  пристрастие  к  так  называемым  реальным сюжетам: пишет лапти да полушубки, как будто бы мы не довольно насмотрелись на них в натуре.  
 (4)А что главное, он почти не работает. (5)Когда безделье его покидает, Рябинин садится за мольберт и за месяц пишет картинку, о которой все кричат, как о чуде, находя, впрочем, что техника оставляет желать лучшего. (6)А потом бросит писать даже этюды, ходит мрачный и ни с кем не заговаривает. (7)Странный юноша! (8)Выдумал такую ерунду, что я не знаю, что о нем и думать. (9)Третьего дня я возил его на металлический завод. (10)Мы пробыли там целый день, осмотрели все, причем я объяснял ему всякие производства (к удивлению моему, я не забыл многое из своей прежней профессии). (11)Наконец я привел его в котельное отделение.  (12)Там  в  это  время  работали  над  огромнейшим  котлом.  (13)Рябинин  влез в котел и полчаса смотрел, как работник держит заклепки изнутри клещами.  
 (14)Вылез оттуда бледный и расстроенный, всю дорогу назад молчал. (15)А сегодня объявляет мне, что уже начал писать этого рабочего.  
 (16)Что за идея! (17)Что за поэзия в грязи! (18)Здесь я могу сказать, никого и ничего не стесняясь, то, чего, конечно, не сказал бы при всех: по-моему, вся эта мужичья полоса в искусстве – чистое уродство. (19)Кому нужны эти пресловутые репинские «Бурлаки»? (20)Написаны они по-рябинински – так себе. (21)Конечно, картина производит сильное нравственное воздействие, но где здесь красота, гармония, изящное? (22)А не для воспроизведения ли изящного в природе и существует искусство? (23) Уверен: потомки забудут о «Бурлаках» очень скоро.  
 (24)То  ли  дело  у  меня!  (25)Еще  несколько  дней  работы,  и  будет  кончено  моё  тихое  «Майское  утро».  (26)Чуть  дышит  вода  в  пруде,  ивы,  покрытые  молодыми  листиками, склонили на него свои ветви. (27)Восток загорается румянцем, мелкие перистые облачка окрасились в нежный, чуть розовый цвет. (28)Женская фигурка идет с крутого берега с ведром за водой, спугивая стаю уток. (29)Вот и все.  
 (30)Кажется, просто, а между тем я ясно чувствую, что поэзии в картине вышло пропасть. (31)Вот это и есть истинное искусство! (32)Оно настраивает человека на тихую, кроткую задумчивость. (33)Думаю, мое полотно войдет в историю.  
 (34)А рябининский рабочий или репинские «Бурлаки» ни на кого не подействуют  уже  потому,  что  всякий  постарается  поскорей  убежать  от  них,  чтобы  только  не мозолить себе глаза этими безобразными тряпками и этими чумазыми физиономиями.  (35)Странное  дело!  (36)Ведь  вот  в  музыке  не  допускаются  режущие  ухо,  неприятные  созвучия!  (37)Отчего  ж  у  нас,  в  живописи,  можно  громоздить  отталкивающие образы? 
 (По В. М. Гаршину*)  
 *Всеволод  Михайлович  Гаршин   (1855–1888)  –  русский  писатель,  художественный  критик. 
"
102,"Текст Геласимова А. 
  (1)Шеф внимательно посмотрел мне в глаза и сказал: 
 (2) - Меня очень волнуют семейные дела. 
 (3)Он глубоко вздохнул. 
 (4) - Пока молодой, на это внимания не обращаешь. (5)А потом становится поздно. (6)Поздно в том смысле, что уже ничего, совсем ничего изменить нельзя. 
 (7) - Понимаю, - сказал я. 
 (8)- Это вы пока умом понимаете. (9)А когда сердцем начнёте понимать, то всё уже будет в прошлом. (10)Это какой-то парадокс. (11)Всё на свете можно изменить, но только не то, что ты уже сам сделал. (12)Никакие деньги, никакие связи не помогают. 
 (13)Он замолчал, и мы сидели так, наверное, целый час. 
 (14)- Лет двадцать пять назад, когда я учился в институте, со мной произошла странная история. (15)Мелочь, казалось бы, но я никак не могу её позабыть. 
 (16)Он помолчал. 
 (17) - У меня мама жила тогда в Сибири, и вот как-то она собралась на юг. (18)Взяла мою сестрёнку - она в первом классе училась - и поехала. (19)А пересадку они делали в Москве. (20)У них здесь было часа два между поездами. (21)Мы и договорились встретиться на вокзале. (22)Я обещал показать им город, про свои дела рассказать. (23)Мы тогда уже года два или три не виделись. 
 (24)Он опять замолчал. 
 (25) - Я их едва не пропустил. (26)Мама, стоя с чемоданом в стороне, держала мою сестру за руку. (27)Наташка ела мороженое, а мама растерянно оборачивалась во все стороны. (28)Она испугалась, что я не приду, а одной в Москве ей было страшно. (29)Я в первую минуту даже не знал, как к ней подойти. (30)Неловко как-то было. (31)Странно, как это не находишь верных слов для тех, кого любишь... 
 (32)В общем, мы переехали на другой вокзал, гуляли, сидели в кафе, но я всё никак не мог сказать того, что было у меня на сердце. (33)Словно какой-то замок мне повесили. (34)А она всё смотрела на меня такими глазами, что мне казалось: я вот-вот умру. (35)Чем дольше длилась эта мука, тем больше я понимал своё бессилие. (36)Ломался, как дурак, говорил какие-то плоские слова. (37)Не знаю, что тогда на меня нашло. 
 (38)А потом, когда я уже спустился в метро, у меня вдруг как будто сердце оборвалось. (39)Я вдруг подумал: (40)«Это же моя мама!» (41)Побежал наверх. (42)Поезд уже должен был отправляться. (43)Когда я заскочил в вагон, проводница уже никого не впускала. (44)Где-то в середине я их нашёл. (45)Какие-то люди заталкивали чемоданы на верхние полки, Наташка прыгала у окна, а моя мама сидела около самой двери и плакала. (46)Никто на её слёзы внимания не обращал. (47)Человек уезжает - мало ли...  
 (По А. Геласимову*) 
  *Андрей Валерьевич Геласимов (род. в 1966 г.) — филолог, прозаик, публицист, автор многих повестей и рассказов, стихотворений в прозе. 
"
103,"Текст Глушко М. 
 (1)Проснулась уже утром,  поезд стоял - в окно било солнце, за окном тянулись пустые поля,   по ним разгуливали большие птицы, в небе застыли белые комочки облаков; женщина в пуховом платке     несла на плече вязанку хвороста, следом бежала девочка в маленьких черных валенках и красных рукавичках — просто не верилось в это утро, что есть война.  
 (2)Ехали вместе пятые сутки и многое знали друг о друге. (3)Например, эта красивая женщина пробирается с детьми в Челкар,  к родным мужа. (4) Муж погиб на западной границе. (5)Сейчас легче тем, кто в куче, говорила она. (6)А сестры — молодые учительницы из Полтавы, их поезд разбомбило, и все вещи погибли -  успели выскочить, прихватив документы и узелок с едой.  
 (7)Лев Михайлович — тот старик, что спал у неё в ногах, — беженец из Прибалтики, с самого начала войны скитался по городам, разыскивал племянницу, больше у него никого из родных нет. (8)С юмором и без обиды рассказывал он, как перепугало знакомых его «явление в Москве»: сперва приняли за бродягу — так обтрепался он за дорогу, — потом, когда узнали, испугались еще больше, решили, что осядет у них, и хором уговаривали ехать в Ташкент, даже деньгами помогли.  
 (9)Льва Михайловича сейчас в купе не было, и Нина, уже привыкшая к нему, беспокоилась: не отстал бы!  (10 Через некоторое время появился Лев Михайлович с большим алюминиевым чайником: 
 — Ну-с, вот кипяточек, прошу… (11)Только чайник надо сейчас же вернуть, я взял у проводника.  
 (12)Лев Михайлович разлил кипяток — Нина заметила на его пальце след обручального кольца, — потом отнес чайник, вернулся, сел рядом с капитаном. 
 —(13)Это вам,   — Нина кинула в банку с кипятком несколько кусков сахара, сделала бутерброд с сыром, протянула ему. —(14) Завтракайте и пейте чай.  
 (15)Лев Михайлович покачал головой.  
 — (16)Я уже завтракал, благодарю… (17) На станции. (18)К тому же, я остаюсь в Пензе. 
 (19)Это известие ошеломило Нину. (20)Она привязалась к этому человеку, которого сперва тоже испугалась  — не брит, не ухожен, пальто все в грязных пятнах,   — но он оказался человеком интеллигентным, с хорошими манерами. (21)Нина потом узнала, что он, владея несколькими языками, в свое время преподавал в университете, вышел на пенсию, а теперь вот война сделала его беженцем. (22)Он неназойливо опекал Нину все эти дни, приносил ей со станций всё, что удавалось достать: вареную картошку, воблу, кислую капусту в капустном листке. (23)А как спокойно и надежно ей было, когда он спал полусидя, привалившись к ее ногам, а днем шутил, называл «деточкой», заговаривал ее тревогу… (24)Как же теперь без него?  
 (25)И вдруг она все поняла: у него кончились продукты! (26)Он голодный, он не мог завтракать на станции, потому что никакой тут станции нет, поезд стоял на разъезде! (27)Он не может без продуктов ехать дальше!   
 — (28)Я знаю, почему вы выходите в Пензе, знаю, — сказала она. — (29)Но это же не причина, это, простите, мелочно… (30)Вот есть сыр, и у меня много хлеба, потом еще достанем…  
 (31)Тут и учительницы подключились, стали уговаривать, отрезали ему сала, но он засмеялся, выставил ладони: 
 —(32) Дорогие дамы, благодарю, но я еще так низко не пал, чтобы пойти на иждивение к женщинам.  
 …(33)Она все стояла и смотрела ему вслед и думала, что, наверно, этот человек жил хорошей интересной жизнью, у него была квартира и в ней много старинных книг, а может, был и рояль — у него длинные артистические пальцы, — и он играл вечерами, а в доме пахло цветами. (34)А теперь вот скитается — бездомный, осиротевший и голодный, ему негде приклонить голову, и все из-за проклятой войны! (35)И сколько еще людей страдает на дорогах войны, каждый день идут плохие новости, и всякий раз перед сводкой Совинформбюро болью сжимается сердце…  
 (По М. В. Глушко*) 
 *Мария Васильевна Глушко (1922 -1993) – советская писательница, сценарист 
"
104,"Текст Глушко М. 
 (1)На перроне было холодно, опять сыпалась крупка, Нина прошлась притопывая, подышала на руки. (2)Кончались продукты, ей хотелось хоть чего-нибудь купить, но на станции ничего не продавали, и она решилась добраться до вокзала.  
 (3)Вокзал был забит людьми, сидели на чемоданах, узлах и просто на полу, разложив снедь, завтракали. (4)Плакали дети, усталые женщины суетились возле них, успокаивали. (5)Нина вышла на привокзальную  площадь, густо усеянную пёстрыми пятнами пальто, шубок, узлов; здесь тоже сидели и лежали люди целыми семьями, некоторым посчастливилось  занять скамейки, другие устроились прямо на асфальте, расстелив одеяла, плащи, газеты... (6)В этой гуще людей, в этой безнадёжности она почувствовала себя почти счастливой — всё же я еду, знаю куда и к кому, а всех этих людей война гонит в неизвестное, и, сколько им тут ещё сидеть, они и сами не знают.  
 (7)Вдруг закричала старая женщина, её обокрали, возле неё стояли двое мальчиков и плакали, милиционер что-то сердито говорил ей, держал за руку, а она вырывалась и кричала. (8)У Нины подступили слёзы — как же она теперь с детьми без денег, неужели ничем нельзя помочь? (9)Есть такой простой обычай — с шапкой по кругу — тут рядом сотни и сотни людей, если бы каждый дал хотя бы по рублю... (10)Но все вокруг сочувственно смотрели на кричащую женщину, и никто не сдвинулся с места.  
 (11)Нина позвала мальчика постарше, порылась в сумочке, вытащила сотенную бумажку, сунула ему в руку: «Отдай бабушке.» (12)И быстро пошла, чтобы не видеть его заплаканного лица и костлявого кулачка,  зажавшего деньги. (13)У неё ещё оставалось из тех денег, что дал отец. (14)Пятьсот рублей — ничего, хватит.  
 (15)У какой-то женщины из местных она спросила, далеко ли базар. (16)Оказалось, если ехать трамваем, одна остановка, но Нина соскучилась по движению, по ходьбе, пошла пешком.  
 (17)Рынок был совсем пустой, только под навесом стояли три толсто одетые тётки: перед одной возвышалось эмалированное ведро с мочёными яблоками, другая торговала картошкой, третья продавала семечки.  
 (18)Она купила два стакана семечек и десяток яблок, тут же, у прилавка, с жадностью съела одно, чувствуя, как блаженно заполняется рот остро-сладким соком.  
 (19)Вдруг услышала перестук колёс и испугалась, что это уходит её поезд, прибавила шагу.  
 (20)Той старухи с детьми на привокзальной площади уже не было, наверно, её куда-то отвели, в какое-нибудь учреждение, где помогут, — ей хотелось так думать, так было спокойнее: верить в незыблемую  справедливость мира.  
 (21)Она бродила по перрону, щёлкая семечки, собирая шелуху в кулак, обошла обшарпанное одноэтажное здание вокзала, его стены были оклеены бумажками-объявлениями, писанными разными почерками, разными чернилами, приклеенными хлебным мякишем, клеем, смолой и ещё Бог знает чем. (22)«Разыскиваю семью Клименковых из Витебска, знающих прошу сообщить по адресу...» (23)«Кто знает местопребывание моего отца Сергеева Николая Сергеевича, прошу известить...» (24)Десятки бумажек, а сверху — прямо по стене углём: «Валя, мамы в Пензе нет, еду дальше. Лида».  
 (25)Это было знакомо и привычно, на каждой станции Нина читала такие объявления, похожие на крики отчаяния, и всегда сердце сжималось от  боли и жалости, особенно тогда, когда читала о потерянных детях. (26)Читая такие объявления, она представляла себе колесящих по стране, идущих  пешком, мечущихся по городам, скитающихся по дорогам людей, разыскивающих близких - родную каплю в человеческом океане, — и думала, что не только смертями страшна война, она страшна и разлуками!  
 (27)Сейчас Нина вспоминала всех, с кем разлучила её война: отца, Виктора, Марусю, мальчишек с сё курса... (28)Неужели это не во сне — забитые вокзалы, плачущие женщины, пустые базары, и я куда-то еду... (29)В незнакомый, чужой город. (30)Зачем? (31)Зачем?  
 (По М.В. Глушко*)  
 * Мария Васильевна Глушко (1922  – 1993 гг.) — советская писательница, сценарист.  
"
105,"Текст Гонцова И. 
 (1)Почему-то многие современные эстрадные «звёзды» с особенным удовольствием говорят о том, как плохо они учились в школе. (2)Кому-то объявляли выговоры за хулиганство, кого-то оставляли на второй год, кто-то доводил педагогов до обморочного состояния своими умопомрачительными причёсками... (3)Можно по-разному относиться к подобным откровениям наших «звёзд»: одних эти рассказы об озорном детстве приводят в умиление, другие начинают ворчливо сетовать на то, что сегодня путь на сцену открыт только бездарям и невеждам. 
 (4)Но больше всего беспокоит реакция подростков. (5)У них возникает стойкое убеждение, что наиболее короткий путь к известности пролегает через детскую комнату милиции. (6)Они-то всё принимают за чистую монету. (7)Они далеко не всегда понимают, что рассказы о «безбашенном» детстве, когда будущая «звезда» поражала всех окружающих своим экзотическим своеобразием, - это всего лишь сценическая легенда, что-то вроде концертного костюма, который отличает артиста от обычного человека. (8)Подросток не просто воспринимает информацию, он её активным образом преобразовывает. (9)Эта информация становится основой для его жизненной программы, для выработки путей и способов достижения цели. (10)Вот почему человек, который что-то вещает на многомиллионную аудиторию, должен обладать высоким чувством ответственности. 
 (11)На самом ли деле он выражает свои мысли или бессознательно продолжает   сценическую   игру   и   говорит   то,   чего   от   него   ждут  поклонники? (12)Посмотрите: я «свой», такой же, как все. (13)Отсюда и иронично-снисходительное отношение к образованности, и кокетливое ёрничанье: «Ученье - свет, а неученье - приятный полумрак», и надменное самолюбование. (14)Но вот передача закончилась. (15)Что осталось в душе тех, кто слушал артиста? (16)Какие семена он посеял в доверчивых сердцах? (17)Кого он сделал лучше? (18)Кого он направил на путь творческого созидания? (19)Когда одному известному ди-джею молоденькая журналистка задала эти вопросы, он просто фыркнул: да идите вы, я совсем не для этого... (20)И в этом недоуменном возмущении «поп-звезды» проявляется её гражданская незрелость, её человеческая «недообразованность». (21)А человек, который ещё не построил себя как личность, не осознал своей миссии в обществе, становится покорным слугой толпы, её вкусов и потребностей. (22)Он, может быть, и умеет петь, но не знает, для чего поёт. 
 (23)Если искусство не зовёт к свету, если оно, хихикая и лукаво подмигивая, тащит человека в «приятный полумрак», если оно ядовитой кислотой иронии уничтожает незыблемые ценности, тогда возникает резонный вопрос: а нужно ли такое «искусство» обществу, достойно ли оно того, чтобы стать частью национальной культуры?    
 (По И. Гонцову) 
"
106,"Текст Горбачевского Б. 
 (1) До последнего  своего  часа Пушкин собирал книги.  (2) В самые лучшие, светлые годы, «в изгнанье, горести, разлуке...» - всегда они были неразлучны с поэтом. 
 (3) Любовь к чтению возникла ещё в детские годы, во время учения в Лицее. (4) Лицейская  библиотека  была  богата.   (5) В   её  шкафах  хранились  лучшие творения   мировой   и   отечественной   классики,  обильно   были   представлены выходившие в то время журналы. 
 (6) Здесь на протяжении шести лет,  питая душу  чтением, провел немало счастливейших часов среди книг и друзей юный Пушкин. 
 (7) В Лицее родилась и мечта о собственной библиотеке. 
 (8) Однако лишь во время ссылки в Одессе опальный поэт стал собирать книги. 
 (9) В книге поэта интересовало всё: и пламенное слово, и бумага, и шрифт, и «одежда». (10) Но, конечно, прежде всего он ценил живую мысль, новое слово. (11) 06 этом свидетельствует пушкинская библиотека, её подбор.  (12) Эта библиотека уцелела до наших дней не полностью. (13) Но и то, что сохранилось, поражает огромным разнообразием. (14) Ныне она находится в Пушкинском Доме. 
 (15) А с чего начинается у каждого из нас первая книжная полка? (16) Наверное, с нескольких томиков.(17) С нескольких десятков приобретённых на первых порах книг, которые кажутся случайным, беспорядочным собранием. (18) Проходит время. (19) Наша библиотека пополняется. (20) Теперь, правда, берётся уже не всё, а только то, что отвечает интересам ума и души. (21) Невидимая нить связывает одну за другой книги в единое целое, и складывается постепенно, как у Пушкина, библиотека, определяются главные пути подбора книг. 
 (22) В любую эпоху, в любые времена полезное занятие - собирать хорошие книги, но главное - чаще обращаться к ним. (23) Ведь ещё наши предки говорили тем, кто покупал много книг: «Не в библиотеку клади, а в душу». 
 (Б. С. Горбачевский) 
"
107,"Текст Горлановой Н. 
  (1) В мартовском и апрельском номерах журнала «Урал» за 2004 год опубликована повесть Марины Голубицкой «Вот и вся любовь». (2) Она посвящена пермской учительнице литературы, знаменитой в 70-80-х годах Елене Николаевне (фамилия в повести изменена, а имя и отчество — нет). 
  (3) А я хорошо знала Елену Николаевну. (4) При советской власти её выжили из элитной школы: не любили тогда, чтоб личность выделялась умом и искренностью — ох, как не любили! (5) И она ушла работать в школу рабочей молодёжи, где я как раз служила библиотекарем. 
  (6) На самом деле мне только казалось, что я хорошо знала Елену Николаевну! (7) 3нала, да не знала! (8) В повести приведены письма Елены Николаевны, много её прекрасных писем. (9) Глубоких, ярких писем, в которых её любовь к ученикам, её память о каждом из них так поразили меня! 
  (10) Я долго плакала, когда закончила читать повесть, и это были просветлённые, благодарные слёзы. (11) Я чувствовала себя счастливой и потому, что Марина Голубицкая написала эту прекрасную повесть о чудесном человеке, и потому, что жил этот человек — Елена Николаевна — в Перми, моём городе! (12) А более всего меня радовала мысль, что на самом деле «время — честный человек». (13) Как любила учительница своих учеников! (14) И они отплатили ей взаимностью! (15) Когда Елена Николаевна оказалась за границей, где страдала от ностальгии, одиночества и болезней, ученики писали, приезжали, помогали, снова писали, снова приезжали. 
  (16) Я помню, как мы однажды в школе рабочей молодёжи вели с Еленой Николаевной долгий разговор о «Вишневом саде». (17) Она говорила: «У Лопахина есть умение жить, но нет культуры, а у Раневской есть культура, но совершенно нет умения жить». 
  — (18) Будет ли в России время, когда всё это уместится в одном человеке? — спросила я. 
  (19) Помню, как иронично она на меня посмотрела в ответ. 
  (20) Но как она тосковала по этой России! (21) Перечитывала любимых авторов, писала прекрасные письма ученикам, оставшимся на родине. (22) Есть такое знаменитое изречение: «Терпение красиво». (23) Её терпение было красиво. 
  (24) И всё же, когда она заболела и оказалась в доме для престарелых, вдруг отказалась принимать лекарства и через месяц умерла. (25) Как Гоголь. (26) Но это я так думаю. (27) Мы же никогда не узнаем, почему произошло то, что произошло в конце. 
  (28) Но остались ученики — много учеников. (29) И все помнят её уроки, её мысли, её доброту и широту её взглядов. (30) И та же Марина Голубицкая мечтает когда-нибудь — там — снова встретиться с Еленой Николаевной и посидеть с нею на скамейке, как бывало, чтоб наговориться всласть. 
 (По Н. Горлановой*) 
 *Нина Викторовна Горланова (род. в 1947) — российская писательница, публикуется с 1980 года. 
"
108,"Текст Гранина Д. 
 (1)Давно мечтаю я написать книгу о чести.  (2)Собрать в ней благороднейшие поступки. (3)Примеры порядочности, великодушия, добра, чести, красоты души.  
 (4)Там было бы про  Петра Николаевича Лебедева, перед которым в 1911 году встал вопрос об уходе из Московского университета (тогда и знак протеста против притеснений студентов ушли в отставку многие профессора: К. Тимирязев, В. Вернадский, С. Чаплыгин и другие). (5)К тому времени он с великим старанием собрал первую русскую школу физиков. (6)Его лаборатория только начала работать. (7)Куда пойти? (8)На что жить? (9)Его уговаривали остаться. (10)Ему бы простили это отступничество, потому что понимали особенность его положения. (11)Но всё же он ушёл из университета. (12)Понимал, видимо, что иначе сам себя не простит. (13)Потому что бесчестие и наука для него были несовместимы. 
 (14)В той книге чести была бы история отношений Чарльза Дарвина и Альфреда Уоллеса. (15)Как щедро уступали они друг другу приоритет! (16)Уоллес прислал Дарвину рукопись своей статьи, где излагал теорию естественного отбора, связь отбора с борьбой за существование (17)В ней было изложено всё, что Дарвин сам готовил к печати в своей книге «Происхождение видов». (18)Друзья,  зная, что Дарвин начал свою работу двадцать лет назад, решили опубликовать одновременно статью Уоллеса и частное письмо Дарвина, написанное год назад и содержащее аннотацию своего  труда, и доложить обе работы королевскому научному обществу. (19)Уоллес заявил, что считает их действия великодушными, и никогда позднее он не претендовал на всемирную славу, которая досталась Дарвину и его великой книге. (20)Он же первый применил термин «дарвинизм». 
 (21)Мне хотелось бы написать про учёных, которые выступали мужественно. разоблачая собственные ошибки и заблуждения. (22)Про русских учёных, которые снимали с себя звания академиков, если академия поступала несправедливо. 
 (23)Или про сэра Барроу, английского профессора семнадцатого века. (24)Неплохой математик, он заметил успехи нового своего ученика и стал всюду подчеркивать его та¬лант, признал вскоре его превосходство. (25)Мало того, отказался от кафедры, потребовав, чтобы её занял ученик, которого тогда мало кто знал. (26)3вали молодого учёного Исаак Ньютон. (27)«Ваше  место здесь,   сказал ему Барроу, - а моё пониже». 
 (28)Ничто не доставляет такого удовольствия, как рассказывать о талантливых, честных, порядочных, мужественных людях.      (По Д. Гранину) 
"
109,"Текст Гранина Д. 
 (1)Давно уже хочется написать о школе. (2)Книг об этом написано немало, но мне интересно было бы исследовать одну линию в этой огромной теме — что остается от учителя, от класса в характере человека. (3)Кроме знаний. 
 (4)Когда учитель ставит отметку ученику, то ведь и ученик одновременно как бы ставит отметку учителю. (5)3а справедливость, за объективность. (6)И вместе с отвечающим учеником отметку эту ставит и весь класс. (7)Наша любовь к учителям складывалась из таких отметок. (8)Разумеется, не только из них. (9)Любовь рождалась по-разному. 
 (10)Наверное, любимых учителей больше, чем талантливых. (11)Талантливым стать нельзя, а вот любимым стать можно. (12)Думая об этом, я вспоминаю бывших своих учителей. (13)Кто из них получал нашу любовь? (14)В десятом классе физику преподавал нам известный профессор, и наше «физическое» воспитание было отличным. (15)Но! (16)Но физику мы полюбили раньше, полюбили благодаря молоденькой учительнице. (17)Кажется, она преподавала тогда первый год и не очень хорошо сама знала некоторые тонкости, но всё равно мы любили её. (18)Вероятно, за то, что она любила нас, за то, что она не скрывала своих промахов и открыто переживала их. 
 (19)Но может, наиболее важная составляющая нашего чувства возникала из нравственного облика учителя. (20)Вернее, не облика, а нравственного содержания учительства. (21)Наши учителя преподавали нам кроме своих предметов какие-то нравственные начала. (22)И учитель для меня - это прежде всего воспитатель, а значит, и проповедник. 
 (23)Учитель может и должен учить жить. (24)Я вкладываю в эти слова самые простые понятия. (25)Простые и понятные, как русские пословицы. (26)3ачем люди трудятся, к чему приводит жадность, почему нельзя врать, почему надо жалеть животных - словом, истины, казалось бы, элементарные, очевидные, но нужно, чтобы они были произнесены. 
 (27)Убедился я и в том, что хороший учитель почти всегда создает и дружный хороший класс. (28)И за это, может, самое большое спасибо учителям. (29)Потому что школьные друзья - дорогое богатство каждого из нас. 
 (30)Спустя десятилетия, вспоминая об учителях моей школы, вижу, как многим хорошим я обязан им. (31)Вспоминаются не знания, не предметы, а то человеческое, что вкладывали в нас.  (По Д. Гранину) 
"
110,"Текст Гранина Д. 
 (1)С течением времени начинаю понимать, что до человека порой может достучаться только совесть, внутренний его голос, он куда действенней, чем бесконечные призывы, требования учителей, воспитателей, даже родителей. 
 (2) Поступок, совершённый целиком по совести, — это свободный поступок. 
 (3)Я спрашиваю себя: а зачем человеку навязали эту самую совесть, ведь никто не мешает отмахнуться от неё, какой от неё прок, если она не приносит никаких выгод, если не даёт человеку преимуществ ни карьерных, ни материальных? (4) Благодаря чему она существует, совесть, которая грызёт и мучает, от которой порой не отвяжешься, не отступишься? (5)Откуда она взялась? (6)На самом деле в течение жизни мы убеждаемся, что она исходит из глубины души и не бывает ложной. (7)Она не ошибается. (8)Поступок по совести не обесценивается, не приводит к разочарованию. 
 (9)Когда я говорю «поступок по совести», мне приходит на память удивительный пример, впечатливший меня надолго. 
 (10)28 июля 1958 года умер Михаил Михайлович Зощенко. (11)На «Литераторских мостках» партийное начальство хоронить его не разрешило, видимо, высокие начальники посчитали, что недостоин. (12)Им всегда виднее. (13)И рядом не разрешили. (14)Наконец указали (!) похоронить его в Сестрорецке, где он иногда жил на даче. 
 (15)Гражданскую панихиду проводили в Доме писателя. (16)Вести её поручили Александру Прокофьеву, первому секретарю Союза писателей. (17)Обязали вести кратко, не допуская никакой политики, строго придерживаясь регламента, не позволять никаких выпадов, нагнали много милиции и работников Большого дома. (18)Все желающие в Дом попасть не могли, люди заполонили лестницу, ведущую к залу. (19) Большая толпа осталась на улице. (20)Радиофицировать не разрешили. (21)Слово дали Виссариону Саянову, Михаилу Слонимскому, его другу времён «Серапионовых братьев». 
 (22)Церемония заканчивалась, когда вдруг, растолкав всех, прорвался к гробу Леонид Борисов. (23)Это был уже пожилой писатель, автор известной книги об Александре Грине «Волшебник из Гель-Гью», человек, который никогда не выступал ни на каких собраниях, можно считать, вполне благонамеренный. (24)Наверное, поэтому Александр Прокофьев не стал останавливать его, тем более что панихида проходила благополучно, никто ни слова не говорил о травле Зощенко, о постановлении ЦК, словно никакой трагедии не было в его жизни, была благополучная жизнь автора популярных рассказов. 
 (25) «Миша, дорогой, — закричал Борисов, — прости нас, дураков, мы тебя не защитили, отдали тебя убийцам, виноваты мы, виноваты!» 
 (26)Надрывный тонкий голос его поднялся, пронзил всех, покатился вниз, люди передавали друг другу его слова, на улице толпа всколыхнулась. 
 (27)Александр Прокофьев не посмел нарушить ритуал. (28)Рыдая, Леонид Борисов отошёл. 
 (29)Я возвращался домой с Алексеем Ивановичем Пантелеевым, он говорил: «Слава Богу, хоть кого-то допекло, нашёлся человек, спас нашу честь, а мы-то, мы-то...» 
 (30)Что это было? (31) Борисов не собирался выступать, но что-то прорвалось, и он уже не мог справиться с собой, это было чувство, нерассуждающее, подсознательное, неспособное выбирать. (32)Это была совесть, совесть взбунтовалась! 
 (33)Бессовестность сегодня многие стремятся оправдать: «Ничего не поделаешь, таково наше общество». (34)Можно, конечно, считать, что наше общество  унаследовало советскую мораль, когда никто не каялся, участвуя в репрессиях, когда поощряли доносчиков, стукачей. 
 (35)Но при чём тут совесть? (36)Она относится к личности, она принадлежит душе, единственной, неповторимой, той, что нас...   
 (По Д. Гранину)*  
 *Даниил Александрович Гранин (род. в 1918 г.) — русский писатель, общественный  деятель.  
"
111,"Текст Гранина Д. 
 (1)Когда-то один древний китайский философ сказал, что молодое деревце легко гнётся от ветра и не ломается во время сильной бури. (2)А вот большое дерево, куда более крепкое, не гнется, но буря его может сломать. (3)И все невзгоды, все бури, каждый прожитый год бережно хранят древесные кольца. 
 (4)Я часто сравниваю себя с таким деревом: внутри меня такие же кольца — мои прожитые годы. (5)Я тоже, как дерево, храню в себе слои отжитого: где-то в самой глубине ясные, чёткие круги детства, а дальше, нарастая и нарастая, откладывалась юность, зрелость, круг за кругом, делая меня крепче, избавляя от слабости, податливости и в то же время делая всё более уязвимым и сухим. (6)Смешное детство! (7)Оно вписалось в мою жизнь далёким неверным маревом, раскрашивая будущее яркими мечтательными мазками. (8)Вот кольцо последнего года войны, последнего боя, последнего марша на танках. (9)А это кривое кольцо очень долгого года несчастной любви, метаний... (10)Каждый новый круг обнимает всё прошлое, расходится вширь; кажется, и жизнь расширяется, захватывая всё новые пространства. (11)Каждый круг будто волна, которая разбегается во все стороны, все дальше от сердцевины, от моей человеческой сути. 
 (12)Только в отличие от дерева отпечатки лет не сохранились с такой чёткостью, годы слились, иные и вовсе стали неразличимы. (13)А потому жизнь дерева кажется мне завидно цельной: каждый год неукоснительно менялась листва, наращивалось новое кольцо ствола — немножко толще, немножко тоньше, — но и корни, и листва делали своё дело, и дело это откладывалось зримым слоем. (14)В дереве не было впустую прожитых лет. (15)Все эти годы, что я шагал по свету, мечтал, воевал, ссорился, кому-то завидовал, ревновал, искал славы, отчаивался, ленился, писал не то, что хотел, — оно неустанно изготавливало из солнца кислород, листву, древесину. (16)Оно тоже страдало (от жары, от жучков, от ранних морозов), но оно никогда не отчаивалось, не совершало ошибки. 
 (17)Кольца моей жизни — рассказ о прошлом. (18)Кольца — это автобиография человека. (19)Я разглядываю этот срез, словно картину, испытывая смутную тоску по своей жизни, далёкой от такой же ясности, от простых и тихих радостей земли. (20)Мне уже невозможно дойти до такого совершенства. (21)Как же прожить жизнь, чтобы не жалеть о сделанных ошибках, чтобы сохранить себя, выстоять в невзгодах и испытаниях? (22)По-моему, стоит вспомнить знаменитые тютчевские строки: «Учись у них — у дуба и берёзы...»   
 (По Д. Гранину) 
"
112,"Текст Гранина Д. 
 (1)В речи героя Достоевского Алеши Карамазова были слова, на которые я раньше внимания не обращал, а теперь задумался над ними: 
 (2)«Знайте же, что ничего нет выше, и сильнее, и здоровее, и полезнее впредь для жизни, как хорошее какое-нибудь воспоминание, особенно вынесенное ещё из детства, из родительского дома. (3)Вам много говорят про воспитание ваше, а вот какое-нибудь этакое прекрасное святое воспоминание, сохраненное с детства, может быть, самое лучшее воспоминание и есть». 
 (4)Он призывает мальчиков помнить вот эту минуту, когда они чувствовали себя хорошими. (5)Потому что это воспоминание всегда будет помогать им, как бы жизнь ни ожесточила, ни озлобила их. (6)Алеша Карамазов считает, что одно такое воспоминание может удержать человека от дурного. 
 (7)При этом Алеша ничего не требует, ничего не проповедует, значит, и спорить в этом смысле с ним не о чем; высмеивать его уверенность – сколько угодно, занятие соблазнительное для некоторых умов и легкое, поскольку Алеша пользуется тут выражениями беззащитно-высокими, торжественными, умиленными, все так, но совершает он при всем при этом великое с точки зрения педагогики дело – он душевную, возвышенную минуту называет, очерчивает, выделяет, закрепляет в памяти, превращает для мальчиков в воспоминание. (8)И не просто в воспоминание о чем-то приятном, а в нравственно-сформулированное, определенное напоминание: вот каким ты был прекрасным... 
 (9)Нет, не может такое доброе воспоминание идти во вред, лучше бы иметь его, чем перебирать в своем прошлом лишь запреты, стыд, раскаянье. (10)То счастье и удовлетворение собой, о котором говорил Достоевский, оно обязывает душу. (11)Оно возбуждает ощущение счастья от хорошего поступка во имя людей или отдельного человека, и это ощущение хочется повторить, оно придает силы, наполняет смыслом жизнь и именно обязывает душу. 
 (12)Для меня, человека, не сведущего в педагогике, это было открытием. (13)И я стал проверять его, прикладывая к своей жизни и к жизни близких людей. 
 (14)Мне приходили на ум и другие люди, которые умудрялись, несмотря на все удары жизни, оставаться человечными, стойкими в своей доброте. (15)Больше, чем других, настигали их разочарования, обиды, несправедливости. (16)И всё же они не поддавались злобе, цинизму, унынию. (17)Что помогало им, что поддерживало их дух? (18)Что обязывало их душу сохранять доброту, когда казалось это так невыгодно, когда все было против? (19)Я никогда до конца не мог разобраться в том, как это происходит. (20)И вот теперь я стал думать, что, может, им помогало какое-то воспоминание, принесённое из детства? (21)Может, они посещали своё детство, и оно прибавляло им силы? (22)Может, там хранятся наши запасы безошибочной любви, доброты, радости, веры в будущее?.. 
 (Д.А. Гранин*) 
 *Гранин Даниил Александрович (род. в 1919, наст. фамилия Герман) – современный  русский писатель. Для произведений  Гранина характерны реализм и поэзия научно-технического творчества, публицистичность и сдержанная языковая энергия письма в сочетании с постоянным утверждением «внеутилитарного» и именно потому одновременно «доброго» и «прекрасного» отношения к человеку, его труду и созданному им искусству. Живет и работает в Санкт-Петербурге. 
 
"
113,"Текст Гранина Д. 
  (1)Многие считают понятие чести устарелым, несовременным, в том смысле, что оно нынче неприменимо — не те условия. (2)Для одних это связано с такими действиями, как дуэль: мол, чем иначе можно защитить свою честь от оскорблений? (3)Другие считают: честь сегодня заменена более высоким понятием — принципиальность. (4)Вместо человека чести — человек принципов... 
 (5)Как может устареть чувство чести, чувство собственного достоинства, сугубо личное нравственное чувство? (6)Как может устареть понятие чести, которая даётся человеку однажды, вместе с именем, и которую нельзя ни возместить, ни исправить, которую можно только беречь? 
  (7)Мне вспоминается случай, связанный с именем А.П. Чехова. (8)В 1902 году царское правительство аннулировало избрание Максима Горького в почётные академики. (9)В знак протеста Короленко и Чехов отказались от звания академиков. (10)Для Чехова это был акт не только общественный, но и личный. (11)Он писал в заявлении, что при избрании Горького он повидался с ним и первый поздравил его. (12)А теперь, когда Академия наук известила, что выборы недействительны, выходит, что он, Чехов, как академик,     признаёт это. (13)«Я поздравлял сердечно, и я же признаю выборы недействительными — такое противоречие не укладывается в моём сознании, примирить с ним свою совесть я не мог, — писал он в Академию наук. — И после долгого размышления я мог прийти только к одному решению... о сложении с меня звания почётного академика». (14)А ведь так сложились обстоятельства, вроде независимые от Чехова, и он мог бы найти для себя оправдание. 
 (15)Убеждения, конечно, вещь необходимая. (16)Но есть такое более простое, конкретное понятие, как слово, данное человеком. (17) Оно не подтверждено никаким, документом, справкой. (18)Просто слово. (19)Допустим, делового человека, который обещал сделать ремонт к такому-то числу, собрать людей, привезти оборудование, принять приехавших издалека. (20)Да мало ли ещё что. (21)Ну, эка беда, не принял, не сделал, не привёз. (22)Сделает через месяц, примет через два дня, и за это спасибо. (23)Бывает, что и в самом деле ничего страшного, никакой катастрофы, если исключить одно обстоятельство — слово, дано было слово. 
 (По Д. Гранину*) 
 *Даниил Александрович Гранин (род. в 1918 г.) —русский писатель, публицист. 
"
114,"Текст Гранина Д. 
  (1) Эти трое были живые, смешливые, острые на язык. (2)Разговор шёл о новых книгах. (3)Было приятно слышать, как эти ребята, молодые строители, показывали свой вкус, самостоятельность суждений. (4)Они знали стихи Булата Окуджавы,  уже прочитали новый роман Габриэля Гарсии Маркеса . (5)Они были в курсе последних фильмов и премьер, которых я ещё не видел, и книжных  новинок, о которых я ещё понятия не имел. (6) Они сидели передо мной в своих замызганных спецовках,  но видны были их модные стрижки, слова они употребляли на уровне наивысшего образования,  разговаривать с ними было трудно и интересно.  
 (7)Когда они ушли, я обернулся к прорабу и похвалил его ребят. (8)«Понравились ... а Ермаков, значит, не произвёл?» – сказал он как-то неприятно-насмешливо.  
 (9)Ермаков был плотник, с которым я разговаривал до этого, и Ермаков действительно «не произвёл». (10)Ничего он не читал, не видел, ни к чему не стремился. (11) Был он, очевидно, из тех забойщиков «козла», что часами стучат во дворах или режутся в карты.  
 (12)Так-то оно так, и прораб согласно качал головой. (13)Однако, к вашему сведению, Ермаков – золотой человек, один из самых честных и добросовестных работников . (14)Тот, на кого можно положиться в любой ситуации,  сердечный, отзывчивый человек, работу которого, кстати, можно никогда не проверять. (15)Не то что эти молодцы, тяп-ляп, кое-как,  лишь бы скорее. (16) Прораб говорил об этих троих с подчёркнутым пренебрежением, он был обижен за Ермакова,  и мои оценки задели его несправедливостью. (17) Позднее я имел возможность проверить его слова . (18)Он был прав, удручающе прав...  
 (19)Годами не убывающая очередь стоит в Эрмитаж. (20)С утра до вечера его залы полны горожан и приезжих издалека. (21)Какая-то часть из приходящих сюда действительно что-то получит для себя, как-то взволнуется произведениями великих мастеров, но сколько зайдёт сюда, чтобы отметиться, чтобы сказать, что был в Эрмитаже,  для престижа,  сколько из них скользят равнодушно-спокойным взглядом, запоминая, чтобы знать! (22)Ермаков, тот вообще не был в Эрмитаже, и в Павловске не был, и в Пушкине. (23)Был в Петергофе, фонтаны смотрел. (24)Огромная культурно-художественная жизнь такого города, как Петербург, проходит мимо него. (25)Но, может быть, этот откровенный неинтерес более честен, чем формальное приобщение к культуре.  
 (По Д. Гранину*)   
 * Даниил Александрович  Гранин (род. в 1919 г.) – русский писатель, автор множества романов,  повестей, эссе, очерков.  
 Информация о тексте 
"
115,"Текст Гранина Д. 
 (1)В юности многие пишут стихи. (2)Потребность выразить свои чувства именно стихами настигает внезапно, большей частью из-за влюблённости. (3)Человек до этого и не читал стихов больше, чем положено в школе, да и те кое-как. (4)И вдруг непреодолимая сила заставляет его складывать слова в рифму, в определённом размере. (5)Словесная музыка овладевает им, звучит в нём, ищет выход. (6)Он переходит в непривычное состояние, даже неудобное, начинает заниматься чем-то совершенно неподобающим. (7)Так действует любовь. (8)Это она рождает поэзию и поэтов. 
 (9)Человек не в состоянии передать любовь обычными словами, самая красивая проза тут не справляется. (10)В других странах и в другие времена пели романсы трубадуры – у нас слагают стихотворные послания в письменном виде, передают скомканные листки. (11)Хочется передать своё чувство тому, кого любишь. (12)Потребность эта мучительна, стихи ближе к музыке, в них ритм, мотив, они сходны с токованием глухаря. 
 (13)Поэзия – потребность природы. (14)Поэзия рождается из любви, она высшее проявление духовных сил всего живого, по крайней мере, так кажется, когда думаешь об этом таинственном явлении отдельно от всего окружающего, где человек остаётся ещё частицей природы, сохраняя в этом родство с ней. 
 (15)Те первобытные силы, которые заставляют трубить оленей, у человека, обретшего речь, выражаются через стихи. (16)Это ничуть не принижает поэзию. (17)Но при чём тут неумелые, большей частью бездарные вирши школяров, студентов и прочих влюблённых? (18)Да, это не поэзия, эти стихи не для других, они смешны, примитивны, они существуют лишь для автора и адресата, если автор решится передать их. (19)Они не поэзия, однако они написаны поэтом. (20)То лихорадочно-возвышенное состояние, которое заставляет писать стихи, есть состояние поэтическое, человек в этом состоянии истинный поэт…(21)Величина дарования тут ни при чём: какие получились стихи, не важно – важно бескорыстное чувство, идущее из глубины души. (22)Важно пропеть свою песню, для себя самого. (23)Так и должны писаться стихи. 
 (По Д. Гранину*) 
 *Даниил Александрович Гранин (род. в 1918 году) – писатель, публицист.  "
116,"Текст Гранина Д. 
 (1)Я тонул. (2)На берегу стоял отец, сухонький, жилистый, белотелый, и смеялся. (3)Он уговаривал меня вместе прыгнуть с обрыва, а потом поднял меня и швырнул в омут. (4)Я не ожидал такого предательства, я кричал, захлебывался, колотил руками, ногами и плакал. (5)Обида и злость ошпарили меня. 
 (6)Страх прочно отпечатал омут в моей памяти. (7)Закрыв глаза, я могу рассматривать его. (8)По нынешней, взрослой мерке обрыв невысок, это травянистый уступ, крутость, подмытая снизу, скрепленная корнями полегшей ивы. (9)Сам омут тоже шириной три-четыре хороших гребка, река отдыхала в этой размоине, берега тут чуть расступились, особенно другой берег, низкий и глинистый. 
 (10)...Я тонул. (11)Я чувствовал, что отец не двинется с места. (12)Все на берегу смеялись, наверное, я был нелеп с выпученными от ужаса глазами, отчаянно бьющий руками по воде. (13)Если бы я действительно тонул, меня сразу бы вытащили, поэтому-то мой ужас и был смешон. (14)А я ничего не соображал, я ненавидел их всех, и больше всего отца, и бил по воде, задыхаясь, теряя голос. (15)И тут вдруг я почувствовал, что плыву. (16)Ощущение это было незнакомо, но я понял, что не касаюсь дна. (17)Я плыву, плыву! (18)Вода не тянула меня в свою коричневую глубь, а держала, поддерживала меня снизу, как до этого широкая отцовская ладонь. 
 (19)Тело осознало это раньше разума, плавучесть появилась как бы толчком, вошла раз и навсегда, я ощутил её как новое своё умение, даже не умение, а качество, неотъемлемое, как способность ходить. (20)Потом годами я учился плавать стильно, на время, изучая в бассейне разные тонкости, но плавучесть, она пришла тогда, плотное тело воды стало дружеским и больше не внушало страха. 
 (21)Когда я вылез, отец подхватил меня, всхлипывающего, на руки, прижал и сказал: «Молодец, теперь поплывешь». (22)Руки его дрожали, он продолжал смеяться. (23)Я понял, что смеялся он не надо мною, а от радости, он раньше меня увидел, что я плыву. (24)Если б не это, не веснушчатые дрожащие его руки, то ненависть, гнев, отвращение к предательству остались бы во мне травмой, и как знать, что вырастает из детских ран. 
 (25)«Ничем я тебе больше не могу помочь, сынок», – сказал он. (26)На самом деле он сказал это через несколько лет по другому поводу, но почему-то потом все это слилось, соединилось в тот день. 
 (27)С тех пор, заплывая далеко в море, даже в волну, я не боялся воды. (28)Любовь к плаванию выручила меня в войну на Лужской переправе, когда пришлось всю ночь провести в воде. (29)Могли ранить, убить, но утонуть я не мог. (30)Что-то отцовское было для меня в воде, в самые трудные минуты вода напоминала об этом словно отцовским прикосновением. 
 (31)И помнится все это прежде всего потому, что отец определил этот момент моей жизни. 
 (32)Почему он в других случаях не делал этого? (33)Никто не учит родителей, как «работать» родителями. (34)Самая ответственная из всех работ, а делает ее кто как может, руководствуясь лишь опасными советами любви. 
 (35)То, что было на омуте, никак не причислишь к таким нравственным воспоминаниям. (36)Действие это было практическое, и отец учил меня чисто деловому, нужному для жизни, как учат все отцы. 
 (37)Однако в этом воспоминании есть какое-то тепло, нужное для души. (38)Возможно, оттого, что я сумел сам увидеть ту отцовскую любовь к себе, которую он никогда не высказывал вслух.  
 (Д.А. Гранин*) 
 *Гранин Даниил Александрович (род. в 1919, наст. фамилия Герман) – современный  русский писатель. Для произведений  Гранина характерны реализм и поэзия научно-технического творчества, публицистичность и сдержанная языковая энергия письма в сочетании с постоянным утверждением «внеутилитарного» и именно потому одновременно «доброго» и «прекрасного» отношения к человеку, его труду и созданному им искусству. Живет и работает в Санкт-Петербурге. 
"
117,"Текст Гранина Д. 
 (1)Я стоял у окна вагона, бесцельно глядя на бегущий мимо пейзаж, на полустанки и маленькие станции, дощатые домики с названиями чёрным по белому, которые не всегда успевал прочитывать, да и зачем. (2)Поля, перелески, столбы, волны проводов, стога сена, кусты, просёлки — и так час за часом. (3)Рядом, у следующего окна, стоял мальчик. (4)Он смотрел неотрывно. (5)Мать позвала его в купе, он схватил бутерброд и снова прилип к стеклу. (6)Она попробовала усадить его к окну в купе, но он не согласился. (7)3десь, в коридоре, ему никто не мешал, он был безраздельным хозяином своей подвижной картины. (8)Я уходил, разговаривал со своими спутниками, возвращался и заставал его в той же позе. (9)Что он там высматривал, как ему не надоело, ведь это было совершенно бессюжетное зрелище, не то что экран телевизора. (10)Теперь я смотрел не в окно, а на него. (11)Кого-то он мне напоминал. (12)Ну конечно, та же поза, те же грязноватые стёкла. (13)Они-то и помогли мне вспомнить мои детские путевые бдения. (14)С той же жадностью и я ведь простаивал часами перед теми же стёклами, заворожённый мельканием путевых картин. (15)Оттуда, не из близи, несущейся навстречу, а из далей, еле плывущих, почти недвижимых пространств, из лесной каймы на горизонте, серых туманных полей возвращались устремлённые к ним детские мечтания. (16)В тех смутных, расплывчатых картинах я был путешественником, был охотником и одновременно медведем, был журавлём, шагающим по болоту... (17)Бесконечная смена берёзок, елей, лесных проталин, деревень, пашен — и снова лес, просеки, изгороди — всё это тогда почему-то не усыпляло, а возбуждало воображение.  (18)Я растворялся в огромности этой земли, она входила в сознание, откладывалась на всю жизнь. 
 (19)Спустя десятилетия у окна поезда, постукивающего по рельсам Германии, а то и Китая, где каждый клочок обработан, откосы железнодорожных насыпей сплошь засеяны, в моём восприятии присутствовали впитанные детской душой просторы, эти стояния у окна. 
 (20)Вдруг в бесформенной зыбкости воспоминаний, глядящих из закатного окна, обозначилось что-то. (21)Это был мужик, огромный, в жёлтой рубахе, с колом в руках. (22)Смутно вспомнились станционный палисадник, несколько телег, лошади с холщовыми торбами на мордах.(23)Но всё это: и привокзальная площадь с деревянными мостками, и перрон, и станционный колокол — всё было как бы задником, а впереди, подняв кол, мужик бежал за пареньком, который, прикрыв голову руками, мчался вдоль перрона по ходу поезда. (24)Он бежал, прихрамывая, лицо его было обращено к вагонам, на какой-то миг глаза наши встретились.(25)Ужас был в его взгляде, крик о помощи, а перрон был пуст, мне показалось, что я единственный человек, единственный свидетель, которого он увидел; я наклонился к краю рамы, но в окно уже вошли огороды с чучелами, шлагбаум, и станция исчезла, как исчезали все другие станции. (26)Догонит ли его этот с колом, что будет с ним, за что он его так — ничего этого я никогда не узнаю. (27)Помню своё отчаяние, которое росло оттого, что поезд не останавливается, мчится всё дальше, а там, может, парня догнали и бьют, и никто этого не видит, не знает, и я не могу никого позвать, показать. (28)Кажется, я действительно закричал, побежал к отцу, который был в купе, никто ничего не понял из моих объяснений, и я понял, что ничего не могу им объяснить. (29)Кажется, так оно было, но с уверенностью не могу сказать, да и какое это имеет значение. (30)Значение же имели огромные глаза этого паренька, мужика того я узнал бы, а от парня остались только ужас, заполнивший всё окно, и невозможность вмешаться, помочь, закричать. (31)И опять пошли перелески, колыхания проводов, песчаные тропки в зелёной траве, голубые поля льна, серебряные — овсов, красные — гречихи, золотистые — ржи, сизые — капусты, ельники, клевера, рыжие стада — огромный мир, который заботливо старался смыть ту случайную картинку. (32)Она затерялась в памяти. (33)Но сейчас, глядя в такое же пыльное, в грязных потёках окно, я с завистью вспомнил своё мальчишеское отчаяние.  
 (По Д. А. Гранину) 
 
 
"
118,"Текст Грековой И. 
 (1)Я стояла в ординаторской, смотрела на фикус и думала о своих пациентах. 
 – (2)Кира Петровна! (3)О чём вы так задумались? 
 (4)Обернулась. (5)Рядом стоял доктор Чагин – низенький, массивный человек, зав. отделением травматологии и ортопедии.(6)Тяжёлое, крупное, волевое лицо с янтарными, пронзительными, немигающими глазами. (7)Железно-седые, густые волосы каким-то острым клювом сходятся на лбу. (8)Общее впечатление грустное : врач похож на недобрую, умную, насупленную птицу. 
 (9)Он стоял, опершись на палку, кряжистую, витую, с загнутой ручкой. (10)Говорили, что потерял ногу на войне. (11)И, что ещё страшнее, – семью. (12)В больнице Чагин держался особняком, дружбы, даже приятельства ни с кем не заводил. (13)Всех тут звали по имени-отчеству, а его почему-то не Глеб Евгеньевич, а доктор Чагин. (14)Замкнут, ироничен, опрятно одет... 
 (15)Стояли мы с ним у кадки с фикусом. (16)Этот фикус был особенный. (17)На его верхушке красовался свежий зелёный побег – третий за зиму. 
 – (18)Что это вы так пристально разглядываете? – спросил Чагин. 
 – (19)Да вот на фикус смотрю. 
 – (20)Что же вы в нём усмотрели? 
 – (21)Упрямый субъект. (22)В книге «Комнатные растения» сказано: если срезать побег у верхушки, фикус начинает ветвиться. (23)А этот – ни в какую. (24)Стрижём его, стрижём. (25)А он всё растёт в одном направлении – вверх. 
 – (26)Черта, достойная уважения, – серьёзно ответил Чагин. – (27)Его урезали, его искалечили, а он всё остаётся собой. 
 (28)С того нашего разговора прошло много времени. (29)И я, врач, после сложного перелома бедра оказалась пациентом. (30)Несколько операций, много боли, вытяжение, костыли. (31)Сначала лежала в больнице в Москве, потом отправили в родной город. (32)Доктор Чагин – именно ему предстояло заниматься моим дальнейшим лечением. 
 (33)Снова рентгены, анализы, опять рентгены. (34)Снова гимнастика, физиотерапия. (35)Снова костыли, от которых невыносимо болели плечи... 
 (36)Примерно месяц я пробыла в родной больнице. (37)И вот Чагин пригласил меня в свой кабинет – поговорить. (38)Мне показалось, что сердце моё остановилось. (39)Кабинетик крохотный, совсем игрушечный, всё впритык: стол, топчан, кресло.(40)Сели. 
 – (41)Помните, – начал он, – наш разговор в коридоре у фикуса? 
 – (42)Не помню. (43)Какой фикус? (44)Какой разговор? 
 – (45)А я помню. (46)Фикус – упрямый, стойкий. (47)Его стригут, укрощают, калечат, а он растёт всё в том же направлении – вверх, вверх и вверх. 
 (48)Я вспомнила всё это. (49)И поняла, зачем Чагин позвал меня. 
 – (50)Сращения нет? – всё же спросила я с крупицей надежды. 
 – (51)Сращения нет. (52)И новая операция вряд ли что-нибудь даст. 
 – (53)А перспективы? 
 – (54)Полной реабилитации ждать нельзя. (55)Частичная возможна. 
 (56)Всё это зависит от Вас. 
 – (57)Значит, до конца – на этих костылях? 
 – (58)Может быть, без них, с палкой. (59)Хожу же я с ней. (60)С работой справляюсь. (61)Значит, справитесь и вы. 
 (62)Я закрыла лицо руками. 
 – (63)Испугались? 
 – (64)Нет. (65)Осмысливаю. 
 – (66)Самое главное – не впадать в отчаяние, не жалеть себя. (67)Не замыкаться в собственных бедах. (68)Не обижаться на весь мир, а продолжать жить. (69)Человек, если он стоит этого имени, – хозяин своих настроений. (70)Это я вам говорю как врач врачу. (71)И как калека калеке. 
 (72)Вот оно, это страшное слово – калека. (73)Сколько раз говорила его сама себе. (74)Всё ещё надеясь, не веря, что навсегда. (75)Впервые услышала его от другого человека. (76)Пошатнуло, но не сбило с ног. 
 (77)Отняла руки от лица. (78)Взглянула прямо в глаза Чагину. (79)Даже улыбнулась. 
 – (80)Молодец, – сказал он. – (81)Фикус.  
 (По И. Грековой*) 
 * И. Грекова — литературный псевдоним; настоящее имя — Елена Сергеевна Вентцель (1907–2002) — русский прозаик, советский математик, автор учебников по теории вероятностей и исследованию операций, доктор технических наук, профессор. 
 Информация о тексте 
 
  Блок ссылок на примеры сочинений  
 Примеры сочинений 
 
 
"
119,"Текст Грина А. 
 (1)Слепой лежал тихо, сложив на груди руки и улыбаясь. (2)Оберегая нервы Рабида, профессор не сказал ему, что операция удалась, что он, безусловно, станет вновь зрячим. (3)Какой-нибудь десятитысячный шанс на неудачу мог обратить всё в трагедию. 
 (4)Среди мучительного напряжения, ожидания и всяких предположений Рабид услышал голос подходящей к нему Дэзи Гаран. (5)Это была девушка, служившая в клинике; часто в тяжёлые минуты Рабид просил её положить ему на лоб свою руку. (6)И теперь он с удовольствием ожидал, что эта маленькая дружеская рука слегка прильнёт к его онемевшей от неподвижности голове. 
 (7)Когда она отняла руку, он, так долго смотревший внутрь себя и научившийся безошибочно понимать движения своего сердца, понял ещё раз, что главным его страхом за последнее время стало опасение никогда не увидеть Дэзи. (8)Ещё когда его привели сюда и он услышал стремительный женский голос, распоряжавшийся устройством больного, в нём шевельнулось отрадное ощущение нежного и стройного существа, нарисованного звуком этого голоса. (9)Это был тёплый, весёлый и близкий душе звук молодой жизни, богатый певучими оттенками, ясными, как тёплое утро. 
 (10)Постепенно в нём отчётливо возник её образ, произвольный, как все наши представления о невидимом, но необходимо нужный ему. (11)Разговаривая в течение трёх недель только с ней, подчиняясь её лёгкому и настойчивому уходу, Рабид знал, что начал любить её уже с первых дней; теперь он стремился выздороветь прежде всего ради неё. 
 (12)И он совершенно не знал, что эта девушка, голос которой делал его таким счастливым, думала о его выздоровлении со страхом и грустью, так как была некрасива. (13)Он был слеп, и она могла спокойно смотреть на себя его внутренним о ней представлением, которое он выражал не словами, а всем своим отношением, и она знала, что он любит её. 
 (14)Наступил час испытания. (15)В два счёта повязка была снята. (16)Рабид понял, что прозрел. (17)Теперь он нетерпеливо ждал, когда уйдут все люди, возвратившие ему зрение, чтобы позвать Дэзи и сказать ей всё самое главное. 
 (18)Узнав, что операция удалась блестяще, Дэзи вышла с улыбкой на лице и казнью в душе к дверям, за которыми всё так необычайно переменилось. (19)И, припомнив со всей быстротой последних минут многие мелочи их встреч и бесед, она поняла, что он точно любил её. (20)Коснувшись двери, она помедлила и открыла её. 
 – (21)Кто вы? – вопросительно улыбаясь, спросил Рабид. 
 – (22)Правда, я как будто новое существо для вас? – сказала она, мгновенно возвращая ему звуками голоса всё их короткое, таящееся друг от друга прошлое. 
 (23)В его чёрных глазах она увидела нескрываемую, полную радость, и страдание отпустило её. (24)Не произошло чуда, но весь её внутренний мир, вся её любовь, страхи, самолюбие и отчаянные мысли и все волнения последней минуты выразились в такой улыбке залитого румянцем лица, что вся она, со стройной своей фигурой, казалась Рабиду звуком струны, обвитой цветами. (25)Она была хороша в свете любви. 
 – (26)Теперь, только теперь, – сказал Рабид, – я понял, почему у вас такой голос, что я любил слышать его даже во сне. 
 (27)В этот момент его, рождённое тьмой, точное представление о ней было и осталось таким, какого не ожидала она. 
  (По А. Грину*) 
 * Александр Грин (1880–1932) – русский писатель-прозаик, поэт, создатель вымышленной страны, в которой происходит действие многих его произведений, в том числе самых известных романтических книг – «Бегущая по волнам» и «Алые паруса». 
"
120,"Текст Грина А.    
 
 (1)Сто двадцать пять лет очень немного на весах истинного искусства. (2)За такое короткое время можно, однако, успеть повернуться спиной к своему собственному восторгу и поставить над вчерашним днём подлинного искусства вопросительный знак. 
 (3)Мы призваны — согласились — и я в том числе — писать о гении. (4)Писать — значит судить. (5)Подлежит ли гений суду? (6)Возможна ли канцелярская бумага, посланная Александру Сергеевичу Пушкину с требованием немедленно пересмотреть «Бориса Годунова» и выкинуть из этой книги всё, что я не понимаю или с чем не согласен? 
 (7)Ответ ясен. (8)Итак, можно написать только, что дал он тебе и что ты взял от него и, пожалуй, ещё: сохранил ли до сего дня? 
 (9)Да, сохранил. 
 (10)Почему этот гений не страшен? (11)Без молний и громов, без режущего глаза блеска? (12)Когда я думаю о Пушкине, немедленно и отчётливо представляется мне та Россия, которую я люблю и знаю. (13)Я знаю его с той поры, как начал читать. (14)Лет семи, в гостях, я уединился с книгой Пушкина, прочёл «Руслана и Людмилу», и у меня до сего времени, несмотря на тот бессильный читательский возраст, остаётся ясное сознание, что я очень хорошо понимал всё, что читал у Пушкина в первый раз. (15)Путь воплощения строк в образы, а образов в подлинную действительность был краток, мгновенен и оставил сознание не чтения, а переживания. 
 (16)Так было и дальше. (17)Входя в книги Пушкина, я переживал всё, что было написано в них, с простотой летнего дня и со всей сложностью человеческой души. (18)Так полно переложить в свои книги самого себя, так лукаво, с такой подкупающей, прелестной улыбкой заставить книгу обернуться Александром Сергеевичем мог только он один. (19)Я слышал, что где-то в воздухе одиноко бродит картинный вопрос: «Современен ли Пушкин?» (20)То есть: «Современна ли природа? (21)Страсть? (22)Чувства? (23)Любовь? (24)Современны ли люди вообще?» (25)Пусть ответят те, кто заведует отделом любопытных вопросов. (26)Теперь, когда «искусство» приняло форму футбольных мячей, перебрасываемых с задней мыслью, Пушкин представляется мне таким, как он стоит на памятнике и взглядом настоящего, большого, а потому и доброго человека смотрит на русский мир, задумывая поэтическое создание с трепетом и тоской при мысли, какой гигантский труд предстоит совершить ему, потому что нужно работать, работать и работать для того, чтобы хаотическая пыль непосредственного ви́дения слеглась в ясный и великий пейзаж. 
 (27)А. С. Пушкин знал, что такое искусство. 
 (По А. С. Грину*) 
 * Александр Степанович Грин (1880–1932 гг.) — русский писатель, автор философско-психологических произведений с элементами фантастики. В числе самых известных его книг — «Бегущая по волнам» и «Алые паруса». 
"
121,"Текст Грина А. 
 (1)Наконец я приехал в Одессу. (2)Этот огромный южный порт был, для моих шестнадцати лет, дверью мира, началом кругосветного плавания, к которому я стремился, имея весьма смутные представления о морской жизни. 
 (3)Я проводил дни на улицах, рассматривая витрины или бродя в порту, где на каждом шагу открывал Америку. (4)3десь бился пульс мира. 
 (5)«Береговой командой» были матросы, кочегары и другие мелкие служащие, почему-либо неспособные временно находиться на корабле. (6)Можно здесь было встретить также отставшего от рейса молодого матроса или живущего в ожидании места какого-нибудь старого служащего. 
 (7)Отсюда-то и совершал я свои путешествия в порт, упиваясь музыкой рёва и грома, свистков и криков, лязга вагонов на эстакаде и звона якорных цепей, а также голубым заревом свободного синего Чёрного моря. (8)Я жил в полусне новых явлений. (9)Тогда один случай, может быть незначительный в сложном обиходе человеческих масс, наполняющих тысячи кораблей, показал мне, что я никуда не ушёл, что я не в преддверии сказочных стран, полных беззаветного ликования, а среди простых, грешных людей. 
 (10)В казарму привезли раненого. (11)Это был молодой матрос, которого товарищ ударил ножом в спину. (12)Поссорились они или не поделили чего-нибудь — этого я не помню. (13)У меня только осталось впечатление, что правда на стороне раненого, и я помню, что удар был нанесён внезапно, из-за угла. (14)Уже одно это направляло симпатии к пострадавшему. (15)Он рассказывал о случае серьёзно и кратко, не выражая обиды и гнева, как бы покоряясь печальному приключению. (16)Рана была не опасна. (17)Температура немного повысилась, но больной, хотя и лежал, ел с аппетитом и даже играл в карты с соседями. 
 (18)Вечером раздался слух: «Доктор приехал, говорить будет». (19)Доктор? (20)Говорить? (21)Я направился к койке раненого. (22)Доктор, пожилой человек, по-видимому сам лично принимающий горячее участие во всей этой истории, сидел возле койки. (23)Больной, лёжа, смотрел в сторону и слушал. (24)Доктор, стараясь не быть назойливым, осторожно и мягко пытался внушить раненому сострадание к судьбе обидчика. (25)Он послан им, пришёл по его просьбе. (26)У него жена, дети, сам он военный матрос. (27)Он полон раскаяния. (28)Его ожидают каторжные работы. 
 — (29)Вы видите, — сказал доктор в заключение, — что от вас зависит, как поступить: «по закону» или «по человечеству». (30)Если «по человечеству», то мы замнём дело. (31)Если же «по закону», то мы обязаны начать следствие, и тогда этот человек погиб, потому что он виноват. 
 (32)Была полная тишина. (33)Все мы, сидевшие, как бы не слушая, по своим койкам, но не проронившие ни одного слова, замерли в ожидании. (34)Что скажет раненый? (35)Какой приговор изречёт он? (36)Я ждал, верил, что он скажет: «По человечеству». (37)На его месте следовало простить. (38)Он выздоравливал. 
 (39)Он был лицом типичный моряк, а «моряк» и «рыцарь» для меня тогда звучало неразделимо. (40)Его руки до плеч были татуированы фигурами тигров, змей, флагов, именами, лентами, цветами и ящерицами. (41)От него несло океаном, родиной больших душ. (42)И он был так симпатично мужествен, как умный атлет... 
 
 (46)Доктор, тоже помолчав, встал. 
 — (47)3начит, «по закону»? — повторил он. 
 — (48)По закону. (49)Как сказал, — кивнул матрос и закрыл глаза. 
 (50)Я был так взволнован, что не вытерпел и ушёл на двор. (51)Мне казалось, что у меня что-то отняли. 
 (52)С этого дня я стал присматриваться к морю и морской жизни с её внутренних, настоящих сторон, впервые почувствовав, что здесь такие же люди, как и везде, и что чудеса — в самих нас. 
 (По А. Грину*) 
 
 
"
122,"Текст Гришковца Е. 
 (1)Мне хотелось быть студентом. (2)Хотелось весёлой интересной жизни, хотелось, чтобы учиться было не скучно. 
 (3) В университете разные факультеты устраивали дни открытых дверей для будущих студентов. (4)Можно было прийти, посмотреть, где и как учатся студенты, послушать увлекательную лекцию о том, что изучают студенты, какие получают специальности и какие существуют жизненные перспективы. 
 (5) Первым делом я пошёл на день открытых дверей биологического факультета. (6)Мне казалось, что, коли я приду на биофак, моя детская любовь к жучкам и паучкам, увлечение биологией проснётся во мне с прежней силой и я пойму, что лучшего выбора сделать просто нельзя. (7)А если ещё мне скажут, что в перспективе будут экспедиции, научные эксперименты, и если мне помогут дорисовать образ учёного-биолога, который мною был почти нарисован, а этот образ сильно напоминал жюльверновского Паганеля, то я отброшу всякие сомнения. 
 (8) Нас собралось в маленькой аудитории человек пятнадцать. (9)В назначенное нам время никто не пришёл. (10)Мы ждали минут двадцать. (11)Мы — это десять тихих девчонок и пять, в том числе и я, разнокалиберных во всех смыслах парней выпускного школьного возраста. 
 (12)Через двадцать минут к нам в аудиторию зашла дама в белом халате, наброшенном на плечи. (13)Она поздоровалась, искоса, недружелюбно осмотрела нас и улыбнулась одними губами. (14)Ничего рассказывать нам она не стала, попросила следовать за ней. (15)Она провела нас по нескольким лабораториям. (16)Там были белые крысы и мыши в клетках, а в углу одной лаборатории стояла небольшая ванна, в которой копошились лягушки. (17)Были там ещё и террариумы с какими-то ужами, ящерицами и даже один с большущими тараканами. (18)Были там большие аквариумы с мутной водой и карасями, кажется. (19)В одной лаборатории группа студентов препарировала лягушек, а преподаватель, как заведённый, ходил и смотрел, как они это делают, наклоняясь над каждым, как в школе делают учителя во время написания сочинения или контрольной работы. 
 (20)— Вот и всё! — сказала она после беглого показа всех возможностей биологического факультета. — (21)В зоологический музей нашего университета можете сходить самостоятельно. (22)Вот вам программа для поступающих. (23)Там же есть краткая программа того, что вы будете изучать у нас, если поступите. (24)Приходите. (25)Мы вас очень ждём, и у нас вам будет очень интересно. 
 (26) Я был весьма озадачен. (27)Я очень хотел поступить именно на биофак, но ехал домой на автобусе и думал о том, что же мне не понравилось? (28)Что мне показалось не тем? (29)Чего я ожидал? (30)Что же не то? 
 (31) И я понял, что я не встретил там, в лабораториях и аудиториях, ни одного человека, который бы совпадал с моим образом и моим представлением о том, как должен выглядеть учёный. (32)Там не было никого, похожего на Паганеля. (33)Всё было нормально, тихо и деловито. (34)И я закрыл для себя вопрос о поступлении на биофак. 
 (По Е. Гришковцу) 
  Евгений Валерьевич Гришковец (род. в 1976 г.) — драматург, режиссёр, актёр, писатель. 
"
123,"Текст Гришковца Е. 
 (1)Костя, подняв воротник и ссутулившись, широкими шагами шёл через парковку, когда увидел на мокром асфальте... (2)Он увидел, но по инерции даже перешагнул... и даже сделал ещё полшага, когда, наконец, вздрогнул, остановился, оглянулся и уставился на то, что перешагнул. 
 (3)На мокром асфальте лежал большой чёрный кожаный бумажник. 
 (4)Костя оглянулся по сторонам, наклонился, взял бумажник и сунул в карман. (5)Сердце страшно стучало: последние месяцы он, потеряв работу, как никогда, нуждался в деньгах. 
 (6)Это был большой длинный бумажник. (7)В него были вложены деньги и два паспорта. (8)Денег было очень много. (9)Красноватые купюры большого достоинства, много зелёных... (10)В руках у него оказались два паспорта: обычный и заграничный. (11)Костя раскрыл обычный паспорт и посмотрел на фотографию. 
 (12)Он увидел худое вытянутое лицо, плечи в пиджаке, рубашка, галстук. (13)«Скачков Владимир Николаевич», — прочёл Костя. 
 (14)В загранпаспорте фотография была цветная, на ней Владимир Николаевич был в белом джемпере и улыбался. (15)В этом паспорте было несколько виз и десяток печатей. (16)Костя подержал паспорта в руках и сунул их в карман. (17)Он чувствовал, что весь вспотел. 
 (18)В следующем отделении бумажника он обнаружил ещё пять стодолларовых банкнот и помятый, сложенный вдвое авиабилет из Москвы и обратно. 
 (19)Костя вложил пачку денег обратно, паспорта тоже, сунул бумажник в карман, подумал и пошёл в гостиницу, напротив которой он нашёл бумажник, к администратору. 
 — (20)Подскажите, пожалуйста, Скачков Владимир Николаевич в каком номере остановился? 
 — (21)Секундочку, — сказала женщина и застучала по клавишам компьютера. — (22)В 316-м, — ответила она быстро. 
 — (23)Я могу к нему пройти? — спросил Костя у женщины в очках. 
 — (24)Лифт прямо. (25)Третий этаж. 
 (26)На дверной ручке номера висела табличка «Не беспокоить». (27)Из-за двери доносился звук работающего телевизора и ещё какой-то шум. 
 (27)Костя постоял у двери, прислушиваясь, сердце его заколотилось с новой силой... (29)Он стучал долго. (30)Наконец, услышал мужской голос. 
 — (31)Кто там?! 
 (32)Слышно было, что голос доносится из глубины помещения, говоривший к двери не подошёл. 
 — (33)Простите... (34)Откройте, пожалуйста! — сказал Костя. 
 — (35)Как же вы задолбали, а! (36)Что это за гостиница такая? — услышал Костя приближающийся голос. 
 (37)Потом он различил шаги, ворчание, короткое позвякивание у двери и, наконец, дверь приоткрылась совсем немного. (38)Костя увидел жидкие волосы, торчащие во все стороны, и опухшее лицо с маленькими красными глазами. 
 — (39)Чё тебе надо? 
 — (40)Скачков Владимир Николаевич? — спросил Костя. 
 — (41)Так точно, Владимир Николаевич. (42)А ты кто такой? 
 — (43)А вы не позволите войти? — продолжал Костя, совершенно не зная, что делать, как себя вести. 
 — (44)Ещё не хватало! (45)Надо-то чего? — продолжало говорить опухшее лицо. 
 — (46)Просто... (47)Вот... (48)В общем, вот, — сказал Костя, вынул из пальто бумажник и показал его собеседнику. — (49)Это ваш? 
 (50)Дверь распахнулась. Человек с опухшим лицом был одет в белый махровый халат. 
 — (51)Это же мой бумажник! — сказал он. 
 — (52)Если это ваш, тогда возьмите, — сказал Костя. 
 — (53)А где ты его взял? — недоверчиво спросил мужчина. 
 — (54)3наете, я его нашёл у входа в гостиницу. (55)Там паспорт ваш... (56)Так я узнал... 
 — (57)Наверное, когда выходил из такси, тогда и выронил, — мужчина взял бумажник у Кости и открыл его. — (58)3начит, вот так валялся, а ты нашёл? 
 — (59)Именно так, — ответил Костя. 
 — (60)Ну ты, как я вижу, взял себе, сколько надо? — держа пачку денег в руке, спросил Владимир Николаевич. — (61 )А теперь давай. 
 (62)Он открыл перед Костей дверь и вытолкнул его в коридор. (63)Дверь захлопнулась. 
 — (64)Представляешь, а я-то бумажник вчера потерял, — услышал из-за двери Костя хриплый голос. — (65)А в бумажнике всё! (66)Этот нашёл, денег уже взял, да ещё пришёл за благодарностью. (67)Нормально, нет?! 
 (68)Дальше Костя слушать не стал. (69)Он быстро зашагал, а точнее почти побежал к лифту. (70)Вскоре он уже шёл по набережной. (71)Мокрый снег попадал в лицо и в глаза. (72)От этого глаза заслезились.  
 (По Е. Гришковцу) 
  Блок ссылок на примеры сочинений  
 Примеры сочинений 
 
"
124,"Текст Громова М. 
 (1)Каждого человека с раннего детства готовят стать деятельным творческим созидателем, достойным гражданином своей страны. (2)Этому посвящается четверть, а то и треть его жизни. (3)В подавляющем большинстве случаев после длительного обучения и воспитания молодёжь наконец становится перед проблемой выбора профессии. (4)Выбор профессии осуществляется и самими подростками, закончившими образование, и под влиянием родителей, а иногда и под влиянием обстановки, случайно сложившейся вокруг молодого человека. (5)К счастью, подавляющее большинство профессий (а их теперь бесчисленное множество) не требует, чтобы человек обладал какими- либо особыми природными дарованиями. (6)Нужно согласиться с тем, что для достижения максимальной пользы, максимального эффекта своих возможностей в любой профессии, кроме природных данных и способностей, необходим упорный настойчивый труд, который невольно прививает любовь к своей профессии и в результате становится потребностью, удовлетворением и естественной необходимостью для человека. (7)В наше время достаточно накопленного опыта и научных знаний для того, чтобы выбрать профессию в соответствии с особенностями физического и духовного облика человека. 
 (8)У каждого ребёнка с раннего детства начинают постепенно проявляться некоторые психологические особенности, присущие его индивидуальности, и, конечно, такие свойства, которые присущи каждому.  (9)Совершенно ясно, что только всесторонним образованием и воспитанием можно определить психологический и физический облик будущего человека. (10)Детский сад, школа и семья в едином стремлении и контакте, всесторонне изучая будущего гражданина, стараются познать его и создать соответствующие условия, ожидающие его в будущем. (11)Далеко не всегда сам подросток, получив среднее образование, может правильно выбрать себе профессию. (12)Яркие дарования в математике, музыке, хореографическом искусстве и некоторых других областях проявляются очень рано – в 5-6 лет. (13)Их надо заметить вовремя, и именно в этом раннем возрасте не только дать уже специализированное воспитание, но и привить ребёнку в самом начале вкус к избранной профессии, а затем и страсть. (14)А для этого необходимо создать и соответствующую вдохновляющую обстановку вокруг подростка. 
 (15)Наибольшие способности всегда являются признаком для выбора будущей профессии. (16)Способности всегда проявляются в быстроте освоения, в каком бы то ни было виде деятельности. (17)Я на своём собственном опыте по обучению лётному делу, музыке, изобразительному искусству всегда, без исключения убеждался в том, что когда человек быстро осваивает обучение, то он обычно и хорошо работает по этой специальности. 
 (18)Наблюдения за разными профессиями приводят к такому же выводу и подтверждают моё мнение. (19)Каждому, наверное, известны условия музыкального конкурса в Бельгии, который считается максимально трудным. (20)Напомню его условия: нужно пройти три тура с различной программой. (21)Перед последним туром конкурсанты получают новый, созданный для этого конкурса фортепьянный концерт и … отдельную изолированную комнату для самостоятельной работы над эти концертом. (22)По условию конкурса, это музыкальное произведение нужно выучить наизусть в течение недели. (23)Два раза конкурсант имеет право сыграть концерт с оркестром перед тем, как он исполнит его перед жюри. (24)Один из наших участников уже на четвёртый день попросил оркестр и сыграл концерт по памяти. 
 (25)Оркестранты и дирижёр были ошеломлены таким необычайным явлением – он сыграл великолепно и без единой ошибки.  (26)Конечно, он выиграл конкурс. 
 (27)В любой профессии встречаются даровитые люди, но феноменальных результатов все они достигают фанатическим страстным увлечением, а поэтому и трудом, в котором всё подчинено достижению одной цели. (28)Однако они обычно всегда успевают и воспринимать и жизнь во всём её многообразии, тем самым развивая свой интеллект. (29)Нужно ли говорить о том, что это, как правило, люди организованные, умеющие использовать с интересом и пользой каждую минуту своей жизни! 
 (30)Вот как важно правильно выбрать дело всей своей жизни! 
 (По. М. Громову) 
 *Михаил Михайлович Громов (1899— 1985гг) — советский лётчик и военачальник, генерал- полковник авиации, Герой Советского Союза, профессор. 
"
125,"Текст Громовой Н. 
 (1)Но вскоре со мной произошла история, которая завершила переворот в моём сознании. (2)Я уже вышла замуж, у меня был маленький сын, было лето, он жил вместе с моей свекровью возле Дома творчества в Болшеве, иногда я приезжала, чтобы отпустить её по делам. (3)Вечером с верхнего этажа зашла очень красивая пожилая дама, которая приходила к свекрови пить чай и беседовать о внуках. (4)Кажется, звали её Лидия Алексеевна. (5)У неё был шёлковый голубой халат. (6)Очень стройная и красивая. (7)Как потом выяснилось, в юности она была балериной. (8)Мы мирно пили чай, дети были уложены, шёл июнь, и закат был поздним, а светлый вечер навевал мирное состояние духа. (9)Моя соседка говорила о довоенном Ленинграде, о театрах, о знаменитостях. (10)Я, честно говоря, её слушала невнимательно. (11)Но упоминание Лениниграда всегда выносило меня мыслями на войну и блокаду. (12)Я не замедлила спросить её: 
 -(13)А во время войны вы тоже были в Ленинграде? 
 -(14)В блокаду я не была в Ленинграде, - почти по слогам произнесла она и замолчала. (15)Молчание было столь продолжительным, что я заёрзала на стуле, не зная, как выбраться из столь неловкой ситуации. (16)Я видела, что моя собеседница так далеко от меня, что неизвестно, вернётся она на эту кухню или нет. 
 - (17)В блокаду, да и раньше, с 1939 года, я была в лагере жён врагов народа – в «Алжире», так его тогда называли, - сказала она, будто бы внутренне прислушивалась к себе. 
 - (18)А сколько лет вы там были? 
 - (19)Восемь лет.  
 - (20)Почему? 
 - (21)Я пришла в Большой дом узнать о судьбе моего арестованного мужа, он был физик. (22)Меня тут же взяли. 
 (23)С этого момента время перестало течь, оно встало. (24)Когда я очнулась, было светло, как оказалось, занимался рассвет. 
 (25)Это было среди казахских нераспаханных земель, где теперь стоит город Целиноград. (26)Жёны дипломатов и писателей, маршалов и командиров, пианистки и певицы, актрисы и балерины, домашние хозяйки были брошены на распахивание твёрдых степных земель. (27)Красивые, умные, образованные. (28)Мирра Фройд (племянница Фрейда), Кира Пильняк (жена писателя), первая жена Гайдара, сестра Тухачевского. (29)Вечером, после двадцати часов работы, после раскалывания льда, чтобы напиться, счищая изморозь со своих подруг, измученных тяжкой работой, они всё-таки садились кругом и устраивали литературно-музыкальные вечера. (30)На губах или расчёсках исполнялись все известные симфонии, оперы. (31)Шопен, Вивальди, Бетховен в исполнении лучшей пианистки страны! (32)Наизусть читали главы из книг, пересказывали романы, кто-то знал даже «Анну Каренину», и из вечера в вечер они слушали страницу за страницей. (33)Сама Лидия Алексеевна читала наизусть «Алые паруса» Грина. 
 -(34)Этот страшный лагерь был моим университетом, там я обрела друзей, с которыми не расставалась всю жизнь. (35)Там было множество горя. (36)Что говорить про отобранных детей, расстрелянных мужей, исчезнувших родственников! (37)Но мы старались оставаться людьми.  
  (38)Начальник лагеря Баринов был человек удивительный. (39)Во-первых, наши женщины учили его детей иностранным языкам, он нас жалел.  (40)Когда началась война, стали приходить составы с уголовниками.  (41)Это были самые страшные времена; уголовники считали себя «чистыми», а осквернение и мучение женщин, сидящих по политическим статьям, считалось у них правым делом.  (42)И однажды Баринов собрал уголовников и сказал им: «Здесь сидят честные матери и честные жены; если хоть у одной из них с головы упадёт волос, вы будете иметь дело со мной».  (43)Уголовники утихли.  
  (44)После того как её срок закончился, за ней приехала мать и увезла домой.  (45)Но все эти встреченные люди навсегда остались с ней.  (46)Она ещё много рассказывала, и чем больше она говорила, тем сильнее подымался в моей крови какой-то тёмный ужас.  (47)Словно это я была виновата в её судьбе, словно я что-то делала не так.  (48)Я трясла головой и вспоминала, что нет, я здесь, в 1986 году, и никакого отношения к той жизни не имею.  
  (49)Но горечь не уходила.  
  (50)Я чувствовала себя героем пьесы Ибсена «Привидения», который был должен платить за грехи отцов…  
 (Н. А. Громова «Ключ. Последняя Москва», 2013 г.*) 
 *Наталья Александровна Громова – российский прозаик, драматург, историк литературы, литературовед, член Союза писателей Москвы.  
"
126,"Текст Гроссмана В. 
  (1)Солдаты лежали за деревьями, в кустах, в высокой траве и слушали, напряжённо всматривались в ясный утренний воздух, лишь местами темневший от дыма и земной пыли. 
  (2)О, как хороша была в эти минуты земля! (3)Как благостны казались людям её тяжёлые складки, жёлтые пригорки, овражки, поросшие репейником и пыльными лопухами, лесные ямы. (4)Какой чудесный запах шёл от земли: лиственной прели, сухой пыли и влажной лесной сырости, запах мирного праха и грибов, сухих ягод и многократно превшего и вновь высыхавшего хвороста. (5)Ветер приносил с поля тёплый и печальный запах вянущих цветов и сохнущих трав; в полутьме леса, внезапно пронзаемой солнечным светом, вдруг пыльной радугой вспыхивала увлажнённая росой паутина, словно веяло своим дыханием чудо спокойствия и мира. 
  (6)Вот лежит, уткнувшись лицом в землю, Родимцев. (7)Спит он, что ли? (8)Нет, его глаза внимательно смотрят в землю, на стоящий подле куст шиповника. (9)Он шумно дышит, втягивает в себя запах земли. (10)Он смотрит с интересом, жадно и почтительно на дела, происходящие вокруг него: муравьи колонной идут неясным для человеческого глаза трактом, волокут сухие травинки, палочки. (11)«Может быть, у них тоже война, –  думает Родимцев, –  вот и ползут колонны мобилизованных на строительство рвов и укреплений. (12)Или это хозяин ставит себе новый дом, и тянутся плотники, штукатуры на работу…» 
  (13)Огромен мир, который видят его глаза, чует ухо, втягивают с воздухом ноздри. (14)Аршин земли на опушке леса, куст шиповника. (15)Как велик этот аршин земли! (16)Как богат этот отцветший куст! (17)По сухой земле молнией прошла трещина, муравьи проходят по мосту, в строгом порядке один за другим, а по ту сторону трещины терпеливо выжидают встречные. (18)Божья коровка, толстая, в красном сарафане, мечется, ищет перехода. (19)Ох ты! (20)Полевая мышь блеснула глазом, привстала на задние лапки и прошуршала среди травы, словно и не было её здесь. (21)Подул ветер, и трава гнётся, пригибается, каждая по-своему: одна покорно, быстро ложится к земле, другая упрямо, сердито дрожит, топорщится своим бедным тощим колосом –
 воробьиным житом. (22)А на кусте шевелятся ягоды шиповника –  жёлтые, красноватые, закалённые солнцем, словно глина огнём. (23)Давно уже, видно, брошенная хозяином паутина мотается на ветру, в ней запутались сухие листья, кусочки коры, в одном месте она обвисает под тяжестью свалившегося в неё жёлудя. (24)Она похожа на невод, выброшенный на берег после гибели рыбака. 
 
 
 (По В.С. Гроссману*) 
 * Василий Семёнович Гроссман (1905–1964) – советский писатель, журналист, военный корреспондент.  
"
127,"Текст Гроссмана Л. 
 (1)Александр Сергеевич Пушкин был увлекательным собеседником. 
 (2)На многолюдном собрании он предпочитал слушать общие прения, изредка роняя ироническую или вдумчивую реплику. (3)Говорить он любил в более тесном кругу понимающих и сочувствующих людей. 
 (4)В беседах Пушкин нередко овладевал нитью общих интересов и уверенно вёл разговор на большие и волнующие темы, широко разворачивая в искромётной импровизации свои живые познания и гениальные догадки. 
 (5)Быстрый в движениях и походке, он говорил с медлительной плавностью, словно не желая торопиться в изложении любимых своих помыслов. (6)В этом сказывалась, вероятно, углублённая вдумчивость и, может быть, высокая сосредоточенность творческого сознания. 
 (7)Лучше всего Пушкин говорил о своём искусстве. (8)Ремесло поэта восхищало и увлекало его. (9)Он считал, что свобода, положенная в основу поэтического творчества, не исключала, а, напротив, предписывала постоянный труд, без которого нет истинно великого. 
 (10)Он говорил о вдохновении как о «расположении души к живейшему приятию впечатлений и соображению понятий». (11)Это не праздная и беспорядочная восторженность, а уверенная в себе сила. (12)«Вдохновение нужно в геометрии, как и в поэзии, – говорил он нам. – (13)Спокойствие – необходимое условие прекрасного. (14)Единый план „Божественной комедии” Данте есть уже плод высокого гения…» 
 (15)Когда-то, говорят, он скрывал в обществе свою литературную профессию, разделяя старинный предрассудок знати о том, что только полководцы и государственные деятели достойны почёта, а никак не сочинители. (16)Но ко времени наших встреч всеобщее признание и, может быть, пример некоторых европейских писателей изменили это странное заблуждение. (17)Пушкин с достоинством нёс своё народное звание первого русского поэта, дорожа и гордясь им. (18)По крайней мере, однажды он с необыкновенной живостью рассказал нам об одной встрече, неожиданно доставившей ему высокую радость. 
 (19)Оказывается, несколько лет перед тем он участвовал в качестве добровольца-наблюдателя  в  Кавказской  войне  с  турками.  (20)Он присутствовал при знаменитой битве, в которой русской армии удалось разбить в течение суток два неприятельских корпуса. (21)Пушкин вступил с русской армией в столицу Турции. (22)Один из пашéй, увидев его во фраке среди военных, осведомился о нём у спутников. (23)Кто-то назвал его поэтом. 
 – (24)Пашá сложил руки на груди, – рассказывал Пушкин, – и поклонился мне, сказав через переводчика: (25)«Благословен час, когда мы встречаем поэта. (26)Поэт – рыцарь. (27)Он, как и странствующий рыцарь, не имеет ни отечества, ни благ земных, и, между тем как мы, бедные, заботимся о славе и сокровищах, он стоит наравне с властелинами земли, и ему поклоняются». 
 (28)Поэт, видимо, был глубоко тронут этим мудрым восточным приветствием и вспоминал о нём впоследствии с волнением. 
 (По Л. П. Гроссману*) 
 * Леонид Петрович Гроссман (1888–1965 гг.) – литературовед, писатель, автор исторических произведений. 
 Информация о тексте 
 
"
128,"Текст Губанова Д. 
 (1) Первый снег выпал шестнадцатого ноября . (2) Ещё вечером холодный ветер с шуршанием играл песчинками на промёрзшей серой земле, а утром снег, будто пуховое одеяло, заботливо накрыл дорожки, скамейки, палую листву и стало светло, чисто, как в уютной, нарядной горнице, прибранной перед праздником. (3) Глядя из окна на эти снежинки, которые лёгкими бабочками, плавно кружась, бесшумно ложились на тополь, обвивая его голые чёрные сучья белыми лентами, я вспомнил себя маленьким. (4) Тогда снег вызывал у меня безудержное ликование, словно душа, некогда обитавшая среди снегов небесных, вдруг вспоминала их девственную свежесть и ослепительную белизну и начинала трепетать, ощущая близость чего-то родного и необыкновенно прекрасного. 
 (5) Высыпавшие во двор ребятишки лепили снеговика. (6) Они катали огромные снежные шары, потом, кряхтя, водружали их один на другой. (7) Я смотрел на детей и тихо улыбался. (8) У них получился настоящий великан, прямо-таки какой-то колосс Родосский, высотой метра в два. (9) Ребятишки подкатили  бочку, один из них влез на неё, другие его поддерживали. (10) В голову снежного великана он воткнул длинную морковь, приладил камешки-глаза, потом веточкой нарисовал улыбающийся рот. (11) Больше всего хлопот у детворы было с головным убором: ведро никак не держалось на огромной голове и с лязгом падало вниз. (12) Тогда какая-то девочка принесла большой красный платок, его набросили на голову снеговика и аккуратно подвязали узлом, чтобы не сдуло ветром. (13) Получилось забавное изваяние: красноносый великан с большими чёрными глазами счастливо улыбался, будто вместе с детьми радовался своему появлению на свет и тому, что его голову, как голову настоящего человека, нарядили в платок.  	(14) Дети посмеялись, приладили к животу  несколько пуговиц и, счастливые, побежали по домам. 
 (15) А вечером, возвращаясь с работы, я увидел, что снеговика сломали: вместо потешного великана во дворе лежала бесформенная снежная куча. (16) Мой сердце заныло, будто на моих глазах убили человека. (17) Стало горько. (18) Почему нас так тянет ломать и разрушать? (19) Философы скажут, что причина  - в так называемой  экзистенциальной пустоте, то есть человек не видит перед собой ясной жизненной цели. (20) Психологи скажут, что людям от природы присущ инстинкт разрушения и что никаким  воспитанием этот инстинкт выбить невозможно. (21) Педагоги начнут сетовать на дурное влияние массовой культуры… (22) А мне было не по себе, как будто прямо на моих глазах набежавшие, словно смерч, варвары с расчётливой жестокостью растоптали что-то бесценное. 
 (23) Я свернул во двор и, погружённый в свои печальные мысли, не сразу увидел, как и в этом дворе те же самые ребятишки лепят нового снеговика, больше прежнего. (24) Они уже скатали нижний шар, на него взгромоздили огромное туловище и теперь, схватившись впятером, силились водрузить на самый верх снежную голову. (25) Силёшек у них не хватало, подбадривая друг друга надсадным «давай, давай», они пытались что есть мочи закатить голову на туловище, но тяжёлый снежный ком не поддавался и уже начал сползать вниз, ещё секунда – и он разобьётся. (26) Я бросил свой портфель и метнулся к ним на подмогу. (27) Подоспел я вовремя, вшестером мы закатили голову наверх и утвердили её на положенном месте. 
 (28) Дети довольно засмеялись, а веснушчатая девочка побежала домой за маминой соломенной шляпой, чтобы надеть её на голову новорождённого великана.  
 (По Д.Губанову) 
"
129,"Текст Гумилёва Л. 
  (1)Детские годы всегда заняты освоением многоцветного, разнообразного мира, в котором важно и интересно всё: природа, люди и – главное – язык, изучение коего – «условие, без которого нельзя». (2)Только с шести-семи лет человек может начать выбирать интересное и отталкивать скучное. (3)Интересными, увлекательными для автора оказались история и география, но не математика и изучение языков. (4)Почему это было так – сказать трудно, да и не нужно, ибо это относится к психофизиологии и генетической памяти, а речь не о них. 
 (5)Школьные годы – это жестокое испытание. (6)В школе учат разным предметам. (7)Многие из них не вызывают никакого интереса, но тем не менее необходимы, ибо без широкого восприятия мира не будет развития ума и чувства. (8)Если дети не выучили физику, то потом они не поймут, что такое энергия и энтропия; без зоологии и ботаники они пойдут завоёвывать природу, а это самый мучительный способ видового самоубийства. (9)Без знания языков и литературы теряются связи с окружающим миром людей, а без истории – с наследием прошлого. (10)Но в двадцатых годах история была изъята из школьных программ, а география сведена к минимуму. (11)Это на пользу делу не пошло. 
 (12)К счастью, тогда в маленьком городе Бежецке была библиотека, полная сочинений Майн Рида, Купера, Жюля Верна и многих других авторов, дающих информацию, усваиваемую без труда, но с удовольствием. (13)Там были хроники Шекспира, исторические романы Дюма, Вальтера Скотта… (14)Чтение накапливало первичный фактический материал и будило мысль.    
 (Л. Н. Гумилёв) 
"
130,"Текст Гумилёва Н. 
 (1)Весь конец этого лета для меня связан с воспоминаниями об освобождённом и торжествующем пламени. (2)Мы прикрывали общий отход и под самым носом немцев поджигали всё, что могло гореть: хлеб, сараи, пустые деревни, помещичьи усадьбы и дворцы. (3)Да, и дворцы. (4)Однажды нас перебросили вёрст за тридцать на берег Буга. (5)Там совсем не было наших войск, но не было и немцев, а они могли появиться в любую минуту. 
 (6)Мы с восхищением обозревали ещё не затронутую войной местность. (7)С лесистого пригорка нам отлично было видно деревню на том берегу реки. (8)Перед ней уже кружили наши разъезды. (9)Но вот оттуда послышалась частая стрельба, и всадники карьером понеслись назад через реку, так что вода поднялась белым клубом от напора лошадей. (10)Тот край деревни был занят, нам следовало узнать, не свободен ли этот край. 
 (11)Мы нашли брод, обозначенный вехами, и переехали реку, только чуть замочив подошвы сапог. (12)Рассыпались цепью и медленно поехали вперёд, осматривая каждую ложбинку и сарай. (13)Передо мной в тенистом парке возвышался великолепный помещичий дом с башнями, верандой, громадными венецианскими окнами. (14)Я подъехал и из добросовестности, а ещё больше от любопытства, решил осмотреть его изнутри. 
 (15)Хорошо было в этом доме! (16)На блестящем паркете залы я сделал тур вальса со стулом - меня никто не мог видеть, - в маленькой гостиной посидел на мягком кресле и погладил шкуру белого медведя, в кабинете оторвал уголок кисеи, закрывавший картину, какую-то Сусанну со старцами, старинной работы. (17)На мгновение мелькнула мысль взять эту и другие картины с собой. (18)Без подрамников они заняли бы немного места. (19)Но я не мог угадать планов высшего начальства; эту местность решено ни за что не отдавать врагу. 
 (20)Что бы тогда подумал об уланах вернувшийся хозяин? (21)Я вышел, сорвал в саду яблоко и, жуя его, поехал дальше. 
 (22)Нас не обстреляли, и мы вернулись назад. (23)А через несколько часов я увидел большое розовое зарево и узнал, что это подожгли тот самый помещичий дом, потому что он заслонял обстрел из наших окопов. (24)Вот тогда я горько пожалел о том, что идёт война. 
 (По Н.С. Гумилеву) 
"
131,"Текст Джафарли Т.  
 (1)Вечером 27 января 1837 года по Петербургу разнеслась страшная весть: на дуэли ранен Пушкин!.. (2)Этому не хотели верить, хотя муссировавшиеся в последние дни сплетни, исходившие от представителей определённых кругов и оскорблявшие честь поэта, честь его семьи, давали повод к рождению трагической развязки. 
 (3)И вот преступление свершилось. (4)Близ столицы, около Чёрной речки, в сосновой роще в пять часов, когда сумерки только-только стали окутывать покрытую толстым слоем снега землю, а усилившийся ветер стал гнать белую пыль из снежинок, раздался роковой выстрел Дантеса. (5)Тяжело раненный, поэт упал лицом в снег... 
 (6)В эти дни все, кому были дороги слава и величие России, жили одной мыслью, одной надеждой: лишь бы выжил! (7)Толпы людей стояли у дома поэта, бросаясь к каждому выходящему из подъезда с одним и тем же тревожным вопросом. (8)Две ночи в доме Пушкина не гас свет. (9)В одной из комнат находились друзья поэта - Жуковский, Вяземский, Даль... (10)29 января 1837 года по старому календарю в 2 часа 45 минут перестало биться его сердце... 
 
 (13)И Пушкин, и Лермонтов погибли на дуэли, один - защищая честь семьи, другой - свою. (14)С тех пор прошло более века. (15)Мы живём в другую эпоху. (16)Многое из прошлого кануло в Лету. (17)Не стало больше и дуэлей. (18)Но это не означает, что сегодня люди больше не должны беречь своё достоинство, поддерживать свою честь! (19)А порою, к сожалению, подобное случается. 
 (20)... Пожилой писатель ехал в электричке домой, а рядом сидел человек, который без особых на то причин изощрялся в оскорблениях человечества вообще и двух сидящих напротив женщин в частности. (21)Писатель не выдержал и заявил, что, если хулиган немедленно не успокоится, он вынужден будет отвести его в милицию. 
 (22)- Да бросьте, и охота вам была - говорит и пусть себе говорит, мы привыкли... - возразили женщины. 
 (23)- И очень жаль, - грустно заметил писатель. 
 (24)- Чего жаль-то? - переспросила одна из женщин. 
 (25)- Вашего достоинства, раз вы к этому привыкли... 
 (26)Писатель, в котором исповедуемые им моральные принципы выработали чуткую и неуступчивую гражданскую совесть, стал на защиту достоинства и чести окружающих, то есть моральных ценностей, которые как бы стабилизируют добропорядочность личности, а тем самым общества в целом. (27)Благодаря выработанности в нас этих моральных качеств мы оказываемся в силах сохранить за собой нравственные позиции, чётко видеть границу между добром и злом, между истиной и ложью, между сиюминутной утилитарной выгодой для себя и непреходящим истинным благом народа, общества, человечества. 
 (28)Ещё мыслители древнего мира аккумулировали в своих суждениях и выводах общечеловеческое стремление разобраться в основаниях, придающих позитивную значимость мотивам поведения и самим действиям, установить, какой жизнью и какими поступками завоёвывается уважение людей и право быть человеком. 
 (29)Герои великого певца Древней Греции Гомера вступили в войну, известную как Троянская, из-за оскорбления чести одного из своих товарищей; другая его героиня - Пенелопа, жена Одиссея, оберегала своё женское достоинство долгие годы разлуки с мужем. (30)О том, что у афинян было сильно развито чувство чести, говорил ученик Сократа Ксенофонт... 
 (31) От эпохи к эпохе формировалась мысль о том, что истинная ценность человеческой жизни утверждается нравственными деяниями, что важнейшим атрибутом личности следует признать сознание собственного достоинства, умение беречь свою честь. 
 (По Т.М. Джафарли) 
 * Теймураз Мамедович Джафарли (род. в 1938 г.) - публицист, автор книг на морально-этические темы.  
 
"
132,"Текст Довлатова С. 
 (1)Это письмо дошло чудом. (2)Вывезла его из Союза одна героическая француженка… (3)Вот это письмо. (4) Я пропускаю несколько абзацев личного характера.(5) И дальше: 
 «(6) Твоя эмиграция – не частное дело. (7) Иначе ты не писатель, а квартиросъемщик. (8)Ты вырвался, чтобы рассказать о нас и о своем прошлом. (9)Все остальное мелко.(10) Все остальное унижает достоинство писателя. 
 (11)Ты ехал не за джинсами и не за подержанной автомашиной. (12)Ты ехал – рассказывать. (13)Так помни же о нас... 
 (14)Говорят, вы стали американцами, свободными, раскованными, динамичными. (15)Почти такими же стремительными, как ваши автомобили.(16) Почти такими же содержательными, как ваши холодильники… (17)Мы смеемся над этими разговорами.(18) Смеемся и не верим. (19)Да какие же вы американцы?! (20)Не бывать тебе американцем.(21) И не уйти от своего прошлого. (22)Это кажется, что тебя окружают небоскребы. (23)Тебя окружает прошлое. (24)То есть мы. (25)Ещё раз говорю – помни о нас...» 
 (26) Я много раздумывал над этим письмом. 
 (27) Есть свойство, по которому можно раз и навсегда отличить благородного человека.(28) Благородный человек воспринимает любое несчастье как расплату за собственные грехи. (29)Он винит лишь себя, какое бы горе его ни постигло. 
 (30) Если изменила любимая, благородный человек говорит: «Я был невнимателен и груб.(31)Подавлял ее индивидуальность. (32) Не замечал её проблем.(33)Оскорблял её чувства.(34) Я сам толкнул её на этот шаг». 
 (35) Если друг оказался предателем, благородный человек говорит: «Я раздражал его своим мнимым превосходством.(36) Высмеивал его недостатки.(37) Задевал его амбиции.(38)Я сам вынудил его к предательству...» 
 (39) А если произошло что-то самое дикое и нелепое?(40) Если родина отвергла нашу любовь?(41) Унизила и замучила нас? (42) Предала наши интересы? 
 (43) Тогда благородный человек говорит: «Матерей не выбирают.(44) Это моя единственная родина.(45) Я люблю Америку, восхищаюсь Америкой, благодарен Америке, но родина моя далеко.(46) Потерявшая, загубившая и отвергнувшая лучших сыновей!(47) Где уж ей быть доброй, веселой и ласковой?!» 
 (48) Берёзы, оказывается, растут повсюду.(49)Но разве от этого легче?(50) Родина – это мы сами.(51)Наши первые игрушки.(52)перешитые курточки старших братьев.(53) Бутерброды, завернутые в газету.(54) девочки в строгих коричневых юбках.(55)Экзамены, шпаргалки...(56)Нелепые, ужасные стихи…(57) Армейская махорка…(58) Косо перечеркнутые строки…(59) Рукописи, милиция... 
 (60) Все, что с нами было, - родина!  И все, что было, - остается навсегда... 
 (С. Довлатов) 
"
133,"Текст Долининой Н. 
 (1)Все про это говорят, и никто не знает, что это значит. (2)Во всяком случае, я не знала. (3)Говорила, как все: у человека должен быть богатый внутренний мир. (4)И ещё: духовное богатство. (5)Но если бы меня спросили, как я понимаю эти привычные слова, не нашлась бы, что тут ответить. (6)Внутренний мир - это книги, музыка, интерес к театру, понимание природы, любовь к поэзии, вообще к искусству - так я думала. 
 (7)И получалось: полный, интересный внутренний мир бывает только у образованных, даже высокообразованных людей. (8)Но жизненный опыт не подтверждал этого. (9)Полуграмотная деревенская старуха вдруг открыла мне такое понимание человеческой психологии, такую глубину терпимости и доброты, какие не часто найдёшь в самой образованной среде. (10)Городской мальчишка, приехавший на отдых в деревню, казалось, ничем, кроме футбола, не интересовался. (11)Но однажды вечером он, загадочно улыбаясь, повёл меня на берег реки. (12)Усевшись на поваленное дерево, мы молчали, и я недоумевала: зачем он меня сюда привёл? (13)Солнце торопливо катилось к закату, за рекой ложился туман - из тумана вдруг послышались звуки. (14)Я не сразу поняла: это был рожок. (15)Древний пастушеский рожок - почти забытое искусство. (16)Мы слушали молча, лицо мальчика выражало терпеливое ожидание. (17)И вот солнце коснулось складок тумана, было мгновение - всё вокруг озарилось фантастическим светом. (18)Глаза мальчика заблестели. (19)Он смотрел и смотрел и слушал - не знаю, что запомнилось мне острее: последние секунды дня, заходящее сквозь туман солнце и далёкие звуки рожка - или вдохновенное лицо мальчика. 
 (20)Когда я читала в книгах о Левине, слышавшем, как растёт трава, или о Печорине, растворяющем свою мятежную душу в дикой кавказской природе, я думала: это люди особенные, необыкновенные. (21)С годами поняла: каждый человек может быть необыкновенным, если откроет свою душу красоте мира и она властно войдёт в эту душу.   (Н. Долинина) 
"
134,"Текст Долининой Н. 
 (1)Ревность - чувство естественное. (2)Его в той или иной мере испытывают все люди. (3)И я даже не уверена, что было бы хорошо, если бы ревность совсем исчезла: боюсь, что от этого обеднела бы любовь. (4)Беда не в том, что один не ревнует, а другой ревнует. (5)Беда в том, что эгоизм, свойственный любви, становится безмерным, если мы его не контролируем, не сдерживаемся и не стараемся «властвовать собою», как говорил Пушкин. 
 (6)Ведь, в сущности, ревность - это неверие в себя. (7)Это постоянно грызущее душу подозрение, что ты недостоин любви своего избранника или своей избранницы, что есть или может быть кто-то более достойный. (8)Все горькие упрёки в том, как можно было предпочесть МНЕ другого, имеют в подтексте сомнение в своём праве на любовь. 
 (9)И, с другой стороны, это недоверие к тому, кого любишь. (10)Значит, ты допускаешь возможность, что другой может стать ближе и дороже твоей возлюбленной, что ты для неё не единственный на белом свете. (11)На самом-то деле мы знаем (из сказки Антуана де Сент-Экзюпери «Маленький принц»), что среди пяти тысяч роз всегда есть ОДНА, и только от нас самих зависит, найдём ли мы в себе силы и терпение, чтобы радоваться ей. (12)А ревность отравляет нашу радость, мы страдаем сами да ещё мучим того, кого любим. 
 (13)Я вас любил так искренно, так нежно,  
 Как дай вам Бог любимой быть другим, —  
 в этих пушкинских строках нет худшего из людских пороков — самодовольства, но есть достоинство, есть уверенность в силе и ценности своей любви, есть забота о любимой. 
 (14)Когда любовь рождается, она, как новорождённый младенец, беспомощна. (15)Но вот она крепнет, встаёт на ноги, шагает. (16)Она растёт -на её нежном, чистом теле появляются первые царапины, шрамы, иногда - раны. (17)3алечивать их каждый учится сам. (18)Но общее для всех людей, наверное, одно: как жалеем мы ударившегося ребёнка, так надо жалеть свою любовь и своего любимого. 
 (19)Крушение любви начинается с той минуты, когда один из двоих начинает жалеть себя, оправдывать себя, думать о себе. (20)В любви не бывает одного страдающего сердца: все чувства делятся двумя, и думать о втором человеке - непременный закон. (21)Любовь даёт силы на самоотречение, отказ от эгоизма, преодоление ревности. (22)Ведь в настоящей любви каждый переступает через себя ради другого. (23)И это не значит уничтожить своё «я», это значит найти себя в самом значительном из чувств, которые дарованы человеку. 
 (По Н. Долининой) 
 Долинина Наталья Григорьевна (1928-1979) - прозаик, литературовед, драматург, автор книг о произведениях русской литературы. 
 Информация о тексте. 
 Основные проблемы: 
 1. Проблема определения ревности (Что такое ревность?)  
 2. Проблема соотношения любви и ревности (Бывает ли любовь без ревности?)  
 3. Проблема преодоления ревности (Как преодолеть ревность?) 
 4. Проблема становления и крушения любви (Как крепнет и разрушается любовь?) 
 Позиция автора по выделенным проблемам: 
 1. Ревность – чувство, которое, с одной стороны, связано с неверием в себя, а с другой – с недоверием к тому, кого любишь.  
 2. Любовь без ревности бывает, хотя возникновение любви часто сопровождается сомнениями, неуверенностью, а значит, и ревностью.  
 3. Через отказ от эгоизма происходит обретение подлинного чувства любви, преодоление ревности.  
 4. С преодолением ревности связано становление любви, а крушение любви начинается с эгоизма. 
"
135,"Текст Долининой Н. 
 (1)Любовь – трудная душевная работа, её не каждый осилит. (2)Но каждый мечтает о ней, ищет её. (3)Чего мы ищем в любви? (4)Мы ищем в ней ухода от одиночества, душевной опоры. (5)Нам важно знать, что любящему человеку важно и дорого всё, что происходит с нами, всё, что касается нас. (6)И с другой стороны, этот человек нуждается в нас, в нашей заботе, помощи, в нашем понимании. (7)Друзья – даже самые близкие – могут только любить нас. (8)А мы ищем того, кто разделит нашу жизнь, с кем у нас будут общими не только радости, но и боли, и обиды… 
 (9)Но когда рождается любовь, как растить её, чтобы она выжила? (10)Чем удержать себя, чем держать того, кого любишь, чтобы оставаться одной-единственной среди всех женщин, как роза Маленького принца осталась одной-единственной в саду, где было пять тысяч таких же роз? 
 (11)Много лет назад, когда я была ещё подростком, немолодая женщина открыла мне тайну: завоевать любовь нетрудно, трудно её удержать. (12)Тогда я не могла понять житейскую мудрость этого секрета: мне виделось что-то постыдное в слове «удержать». (13)Я ведь читала Пушкина: «Кто в силах удержать любовь?» и Блока: «О да, любовь вольна, как птица». 
 (14)А на самом-то деле есть, существуют тайны и законы любви, и Сент-Экзюпери был одним из тех, кто знает эти тайны. 
 (15)Когда Маленький принц только начал своё путешествие, он посетил планету, на которой жил старый король. (16)Увидев, что его гость устал и потому зевает, правитель не обиделся, а приказал ему зевать. 
 «(17)С каждого надо спрашивать то, что он может дать. (18)Власть должна быть разумной», – сказал король. 
 (19)В молодости мы не задумываемся о пределах нашей власти над любимым и любящим человеком и очень часто нарушаем мудрый закон старого короля: «власть должна быть разумной». (20)Молодые жёны, вчерашние девочки, ощутив на пальце кольцо – символ абсолютной власти, – вдруг начинают требовать от ошарашенных мужей ничуть не меньше, чем знаменитая старуха требовала у золотой рыбки. 
 (21)А в любви никто никому ничего не должен. (22)Главный и неоспоримый закон любви – её добровольность: я стою здесь, под твоими окнами, не потому, что ты мне приказала, а потому, что не могу иначе. 
 (23)И с другой позиции: я варю тебе суп и глажу твои рубашки, потому что для меня радость служить тебе. 
 (24)Когда знаешь, что всё перетерпишь и выдержишь ради того, кого любишь, тогда и начинается любовь. (25)Когда знаешь, что твоя власть над ним терпелива, ты не станешь приказывать ему обернуться морской чайкой, ты будешь терпеливо приручать его, а он будет приручать тебя, пока вы не станете друг для друга единственными в целом свете. 
 (По Н. Долининой*) 
 * Наталья Григорьевна Долинина (1928–1979) – филолог, педагог, писатель. 
 Информация о тексте 
 
"
136,"Текст Достоевского Ф. 
 (1)Было мне тогда всего девять лет от роду. (2)Как-то раз в лесу, среди глубокой тишины, ясно и отчётливо почудился мне крик: «Волк бежит!» (3)Я вскрикнул и вне себя от испуга выбежал на поляну, прямо на пашущего землю мужика. 
 (4)Это был Марей – наш крепостной лет пятидесяти, плотный, довольно рослый, с сильною проседью в тёмно-русой бороде. (5)Я немного знал его, но до того почти никогда не случалось мне заговорить с ним. (6)Я в детстве мало общался с крепостными: эти чужие, с грубыми лицами и узловатыми руками мужики казались мне опасными, разбойными людьми. (7)Марей остановил кобылёнку, заслышав мой напуганный голос, и когда я, разбежавшись, уцепился одной рукой за его соху, а другою за его рукав, то он разглядел мой испуг. 
 − (8)Волк бежит! – прокричал я, задыхаясь. 
 (9)Он вскинул голову и невольно огляделся кругом, на мгновенье почти мне поверив. 
 − (10)Что ты, какой волк, померещилось: вишь! (11)Какому тут волку быть! – бормотал он, ободряя меня. (12)Но я весь трясся и ещё крепче уцепился за его зипун и, должно быть, был очень бледен. (13)Он смотрел с беспокойною улыбкою, видимо боясь и тревожась за меня. 
 − (14)Ишь ведь испужался, ай-ай! – качал он головой. – (15)Полно, родный. (16)Ишь, малец, ай! 
 (17)Он протянул руку и вдруг погладил меня по щеке. 
 − (18)Полно же, ну, Христос с тобой, окстись. 
 (19)Но я не крестился: углы моих губ вздрагивали, и, кажется, это особенно его поразило. (20)И тогда Марей протянул свой толстый, с чёрным ногтем, запачканный в земле палец и тихонько дотронулся до вспрыгивающих моих губ. 
 − (21)Ишь ведь, − улыбнулся он мне какою-то материнскою и длинною улыбкой, − господи, да что это, ишь ведь, ай, ай! 
 (22)Я понял наконец, что волка нет и что мне крик про волка померещился. 
 − (23)Ну, я пойду, − сказал я, вопросительно и робко смотря на него. 
 − (24)Ну и ступай, а я те вослед посмотрю. (25)Уж я тебя волку не дам! − прибавил он, всё так же матерински мне улыбаясь. – (26)Ну, Христос с тобой, − и он перекрестил меня рукой и сам перекрестился. 
 (27)Пока я шёл, Марей всё стоял со своей кобылёнкой и смотрел мне вслед, каждый раз кивая головой, когда я оглядывался. (28)И даже когда я был далеко и уже не мог разглядеть его лица, чувствовал, что он всё точно так же ласково улыбается. 
 (29)Всё это разом мне припомнилось сейчас, двадцать лет спустя, здесь, на каторге в Сибири… (30)Эта нежная материнская улыбка крепостного мужика, его неожиданное сочувствие, покачивания головой. (31)Конечно, всякий бы ободрил ребёнка, но в той уединённой встрече случилось как бы что-то совсем другое. (32)И только бог, может быть, видел сверху, каким глубоким и просвещённым человеческим чувством было наполнено сердце грубого, зверски невежественного человека и какая тонкая нежность таилась в нём. 
 (33)И вот когда здесь, на каторге, я сошёл с нар и огляделся кругом, я вдруг почувствовал, что могу смотреть на этих несчастных каторжников совсем другим взглядом и что вдруг исчезли всякий страх и всякая ненависть в сердце моём. (34)Я пошёл, вглядываясь в встречавшиеся лица. (35)Этот обритый и шельмованный мужик, с клеймами на лице, хмельной, орущий свою рьяную сиплую песню, может быть, такой же Марей. (36)Ведь я же не могу заглянуть в его сердце. 
 (по Ф.М. Достоевскому*) 
 *Фёдор Михайлович Достоевский (1821–1881 г.) – русский писатель, мыслитель. 
 Примерный круг проблем:   
 1. Проблема внешнего и внутреннего проявления доброты. (Может ли за грубой внешностью(поведением), скрываться доброе сердце?)   
Сердце грубого, невежественного человека может быть наполнено глубочайшей добротой и нежностью.  
 2. Проблема оценки личности. (Всегда ли можно судить о человеке по его внешнему облику и поведению?)   
Нельзя судить о человеке, оценивая лишь его внешние качества (облик и поведение). Нужно уметь заглянуть в человеческое сердце, где может жить доброта, умение сочувствовать и любить. 
 3. Проблема способности к состраданию, сочувствию, поддержке. (Кто способен сострадать (сочувствовать) другим? Умение сострадать (сочувствовать) присуще только образованным людям?)   
Сострадать (сочувствовать) способны люди, у которых есть сердце. И неважно, насколько образован и воспитан человек.  
 4. Проблема отношения к преступникам (Как относиться к преступникам?) 
Нужно уметь видеть человека во всех, даже в преступниках. 
 5. Проблема значимости человеческого сочувствия, проявленного по отношению к ребёнку (Какое значение имеет вовремя оказанное ребёнку со стороны взрослого сочувствие, сопереживание? Какое влияние это будет иметь на ребёнка?)    
Очень важно вовремя проявить сочувствие к ребёнку, выразить ему своё сопереживание: это благотворно скажется на детской душе, положительно отразится на ребёнке в будущем.


 



 "
137,"Текст Драгунского В. 
 (1)Когда в выходной выедешь с ребятами за город и тоже целый день собираешь землянику, то потом, ночью, когда земляника уже давно съедена или костяшки убраны, все равно перед глазами долго еще мелькают красные ягодиночки или белые очочки, и никак от них не избавишься. (2)Так было и сейчас. (3)Что бы я ни делал, в голове моей мерно взлетали лопаты. (4)Лопаты. (5)Лопаты. (6)Лопаты. (7)Они погружались в мягкую глинистую почву, сочно чавкающую под режущим лезвием. (8)Они отрывали комья, цепляющиеся за родной пласт, они несли на себе землю, эти непрерывно движущиеся лопаты, они качали землю в своих железных ладонях, баюкали ее или резали аккуратными ломтями. (9)Лопаты шлепали по земле, били по ней, дробили ее, поглаживали, рубили и терзали, заравнивали и подскребывали ее каменистое чрево. (10)Иногда одна лопата, которой орудовал стоящий глубоко внизу человек, взлетала кверху только до половины эскарпа, до приступочки в стене, оставленной для другого человека, тот подставлял другую свою лопату и ждал, пока нижняя передаст ему свой груз, после чего он взметал свою ношу еще выше, к третьему, и только тот выкидывал этот добытый трудом троих людей глиняный самородок на гребень сооружения. (11)Лопаты, только лопаты, ничего, кроме лопат. 
 (12)И мы держались за эти лопаты, это было наше единственное орудие и оружие, и все-таки, что там ни говори, а мы отрыли этими лопатами такие красивые, ровные и неприступные ни для какого танка рвы, что сердца наши наполнялись гордостью. (13)Эти лопаты, любовь к ним и ненависть крепко сплотили нас, лопатных героев, в одну семью. 
 (14)Постепенно, день за днем, я узнавал новых людей на трассе. (15)Теперь я уже знал, что вон там, за леском, показывает небывалые рекорды казах Байсеитов - батыр с лицом лукавым и круглым, как сковорода. (16)Но им гордились, его знали все, и я гордился тоже, что знаю его. (17)Я знал также, что слева от меня работает Геворкян, оператор из кино, знаток фольклора и филателист, а с ним рядом Ванька Фролов, голенастый пекарь, белый, словно непроявленный негатив. (18)Вон частушечник, толстый, как сарделька, Сечкин, он любит показывать фотокарточку своих четырех ребят, похожих друг на дружку, точно капельки. (19)Это вот Киселев, печатник, он хворый, грудь болит. (20)Вот неугомонный шестидесятилетний бабник аптекарь Вейсман. (21)Волосатый гигант Бибрик, задумчивый пожарник Хомяков. (22)Масса ополченцев, такая безликая вначале, распалась для меня на сотни частичек - разных, по-разному интересных, построенных на свой манер каждая. (23)Снег падает, вон его сколько, сугробы, а каждая снежинка откована по-особому - протри глаза! 
 (24)В эти дни установилась славная, почти летняя погодка, здесь не было затемнения, налетов не было и бомбежек, не было патрулей, ночных дежурств, и все мы немного оздоровились, подзагорели, налились в мускулах. (25)Работали горячо, на совесть, потому что отчаянно верили, что делаем самое главное, помогаем своими руками, своим личным трудом близкому делу победы.  
 (По В. Драгунскому*) 
"
138,"Текст Дудинцева В. 
 (1) Добро и зло родят действия, специфические для соответствующих случаев. (2) Добро приносит ближним приятные переживания, а зло, наоборот, хочет ему страдания. (3) Чувствуете? (4) Добро хочет уберечь кого-то от страдания, а зло хочет оградить от удовольствия. (5) Добро радуется чужому счастью, зло - чужому страданию. (6) Добро страдает от чужого страдания, а зло страдает от чужого счастья. (7) Добро стесняется своих побуждений, а зло - своих. (8) Поэтому добро маскирует себя под небольшое зло, а зло себя - под великое добро. (9) Как это, говорите, бывает? (10) Как это добро маскируется? (11) Неужели не замечали?.. 
 (12) Ежедневно это происходит, ежедневно! (13) Добро великодушно и застенчиво старается скрыть свои добрые мотивы, снижает их, маскирует под морально-отрицательные. (14) Или под нейтральные. (15) «Не нужно благодарности, мне это ничего не стоило». (16) «Эта вещь лишнее место занимала, я не знал, куда её деть». (17) «Не заблуждайтесь, я не настолько сентиментален, я страшно жаден, скуп, и это получилось случайно, накатила блажь вдруг. (18) «Берите скорей, пока я не раздумал». (19) Добру тягостно слушать, когда его благодарят. (20) А вот зло... (21) Этот товарищ охотно принимает благодарность за свои благодеяния, даже за несуществующие, и любит, чтобы воздавали громко и при свидетелях. 
 (22) Добро беспечно, действует не рассуждая, а зло - великий профессор нравственности. (23) И обязательно даёт доброе обоснование своим пакостям. 
 (24) Разве вас не удивляет стройность, упорядоченность этих проявлений? (25) Как же люди слепы! (26) Впрочем, трудно разобраться, где светлое, а где тёмное. (27) Светлое мужественно говорит: «Да какое же  я светлое, на мне много тёмных пятен». (28) А тёмное кричит:«Я всё из серебра и солнечных лучей, да кто же может заподозрить во мне изъян!» (29) 3лу иначе и вести себя нельзя. (30) Как только скажет: «Вот  и у меня есть тёмные пятна, критиканы и обрадуются, и заговорят. (31) Нет, нельзя! (32) Что добру выставлять свои достоинства и подавлять людей своим благородством, что злу говорить о своих пакостях - ни то, ни другое немыслимо. 
 (33) Способен ли человек противостоять злу, победить его, утвердить добро, или, обречённый на поражение, он должен отступить, прижать своё бессилие? 
 (34) Нет предела совершенствованию мира, человека, поэтому и зло можно ограничить, но победить окончательно... (35) Вряд ли. (36) Но, пока жив человек, он будет стремиться к добру и к обузданию зла. 
 (по В. Дудинцеву) 
"
139,"Текст Дудинцева В. 
 (1)Я  ушёл  в  армию  восемнадцатилетним  мальчишкой,  и  было  это в тридцать девятом году. (2)Я был беспечным, видел в жизни только яркие пятна. (3)Я тогда ещё ни о чём не задумывался. (4)Должно быть, потому, что был мал, самоуверен и не видел границ отпущенного нам времени. 
 (5)Полковая школа сделала меня немногословным и строгим сержантом. (6)Я знал, что война будет и что враг мой готовит где-то оружие, и был готов к встрече. 
 (7)И тогда я не верил в мужские слёзы, гордился собою, потому что ни одна слезинка не падала из моих возмужалых глаз. (8)Но что-то изменилось. (9)Потом. (10)На войне. 
 (11)Когда мне резали в госпитале раненое бедро, глаза у меня были сухими.  (12)А  через  день,  когда  я  расставался  со  своим  другом  Мишей Ноготовым, раненным в грудь, когда его уносили на носилках и он, уезжая от меня навсегда в далёкий, какой-то специальный госпиталь, повернул ко мне жёлтое лицо и повёл на меня угольным глазом навыкате и еле кивнул, – зажмурился тогда я, вздохнул и заплакал. (13)Не стесняясь. 
 (14)Через  год, в  другом  госпитале,  в  Польше,  медсестра  дала  мне почитать книжку стихов Есенина. (15)Читал его впервые, читал всей палате и заметил, что мне тяжело читать. (16)А «Анну Снегину» я дочитать не смог. (17)Прочитал: «Когда-то у той вон калитки мне было шестнадцать лет, и девушка в белой накидке сказала мне ласково: „Нет“». (18)И сколько ребята ни просили, не стал читать дальше. (19) И дышать вдруг стало трудно.(20)Накрылся  одеялом  с  головой.  (21)И заплакал.  (22)И  вспомнил  свою историю, которая до сих пор не имеет конца. 
 (23)И вот война позади – Москва! 
 (24)Показался  мой  дом  вдали,  среди  зелени  Сокольников,  и  я почувствовал новый для меня острый укол в груди. (25)И что-то прямо заныло глубоко во мне, когда я наконец прижал мать, плачущую, после шести одиноких лет, седую, в аккуратно заштопанном платье. 
 (26)А потом я собрался к НЕЙ. (27)Позвонил в знакомую дверь. (28)Но открыли мне незнакомые люди и сказали, что Мария Фёдоровна Сорокина здесь не живёт.  
 (29)Я  вышел  из  метро  и  через  парк  побрёл  домой.  (30)На  улице смеркалось; в Сокольниках над тёмными прудами берёзы тяжело замерли в безветрии; прямая аллея, пересечённая корнями, напоминала мне тридцать девятый год, когда будто бы не я, а другой Владимир, восемнадцатилетний и беспечный, догонял здесь свою Фёдоровну, как я называл Машу, а она то и дело убегала от него. 
 (31)Сокольники –    такое место, где на каждом шагу скамейка. (32)Но нелегко сесть на скамейку вечером. (33)Не знаю, как сейчас, но в тридцать девятом Владимир и Маша всегда находили скамьи занятыми. 
 (34)Тогда  Владимир  оторвал  дома  в  сарае  две  доски  и  сделал  под берёзой прочную лавочку – на двоих. (35)И в этот же вечер они пришли сюда, и здесь Владимир обещал Маше помнить о ней вечно, а она только смотрела на него покорно и нежно и иногда качала головой, как старшая, хотя было ей всего семнадцать лет. 
 (36)Потом он получил повестку и уехал в армию. (37)А вместо него прибыл я. 
 (38)Опять передо мной стена молодого тёмно-зелёного ельника. (39)Он по-прежнему топорщился и загораживал всем путь к нашей лавочке. 
 (40)Я попробовал найти нашу тайную лазейку – и не нашёл, полез прямо в  иглы.  (41)Пролез,  берёзу  увидел – белую,  неприкосновенную.  (42)Но лавочки  под  нею  не  было.  (43)Даже  ямок  не  осталось.  (44)Трава  росла бессмертная на  этом  месте – осенью пожелтеет, весной оживёт, – она и затянула все следы, чтобы никто не помнил. 
 (45)Я опустился на траву и лёг лицом вверх – к вечерней сини, раскинув руки. (46)Моя берёза жила надо мной каждым листочком. (47)И по стволу рыскали муравьи. 
 (48)И тут же я вскочил. 
 (49)На берёзе выше моего роста на коре была надпись, вырезанная глубоко: 
 «(50)Уезжаю с заводом, куда – не знаю. (51)Милый, мы встретимся!». 
 (52)И  я  сразу  догадался,  как  она  достала  так  высоко:  она  вырезала буквы, став на нашу лавочку. (53)А потом выдернула её, чтобы никто не достал, не заровнял букв. 
 (54)Я обнял берёзу и зажмурил полные слёз глаза.  
 (55)Нет, я не в обиде на войну за то, что она научила меня плакать... 
 (По В.Д. Дудинцеву*) 
 *Владимир  Дмитриевич  Дудинцев   (1918–1998) – русский  советский писатель. 
"
140,"Текст Евдокимова И. 
 (1)Тяжёлая нужда, унизительная нищета, постоянные болезни, рвущая сердце тоска преследовали Исаака Левитана в начале его творческого пути. (2)Однажды молодой художник, работая в лютый мороз над этюдом Москвы-реки, простудился и заболел воспалением лёгких. (3)На лечение ушли последние деньги. (4)Давно было занято-перезанято у всех, не на что было даже купить хлеба.(5)На Арбате жил учитель рисования Ревуцкий. (6)Левитан уныло поплёлся к нему, в ту отвратительную квартиру, которую приходилось посещать в самые безвыходные дни своей жизни. (7) Ревуцкий подённо нанимал молодых художников, задавая им тему картины. (8)Беззастенчивый делец пользовался большой известностью в мещанских и обывательских кругах, сбывая дешёвый товар. (9)Подёнщик-художник заканчивал свой безрадостный труд, Ревуцкий с ним скупо расплачивался, подписывал своим именем картины и отправлялся по невзыскательным клиентам. (10)Вещи Ревуцкого висели во многих купеческих особняках, по трактирам. (11)Упитанное сладкое лицо мошенника самодовольно засияло при виде знакомого художника, о первых успехах которого он знал из газет. 
 (12)– А-а-а, – протянул он насмешливо, – я думал, вы забыли, в каком арбатском переулке проживает человек, спасающий художников от голодной смерти... – (13)Москва, ведь она неприветливая, чёрствая, скопидомная... (14)Один Ревуцкий готов беззаветно служить искусству. 
 (15)– Давайте тему, – перебил его Левитан. 
 (16)– Ах, что вы! – выкрикнул «меценат» манерно.  
 (17)– Ах, дерзну ли признанному мастеру докучать подсказками!.. 
 (18)– Предупреждаю: плата у меня та же.(19)Левитан сказал резко и прямо: 
 (20)– Платите, что хотите. (21)Давайте тему! 
 (22)Он торопливо скинул своё пальто, размотал шарф с шеи и начал тереть руки, разогревая их с мороза. (23)Ревуцкий задумался, поднял глаза на старинную хрустальную люстру. 
 (24)– Слушайте, – приказал наниматель, – речка, на бережку домик, вокруг домика плетень, развешано разноцветное белье, сушится на солнышке, кругом лес... (25)Ах да, по воде плывет лебедь с лебедятами! (26)Это ходкий мотивчик у моих покупателей... (27)Нанимаю на три дня. (28)Размер – аршин с четвертью на три четверти. (29)Да, да... (30)Небо делайте фиолетовое, воду тёмную...  
 (31)– Эй, Стёпка, – крикнул он прислуживающему в мастерской рыжему веснушчатому парню, – принеси господину Левитану из кладовой подрамник с натянутым холстом. (32)Да осторожнее, гляди, дуралей, не продави холст лапой, как с тобой это бывает.  
 (33)...В конце третьего дня Левитан закончил картину. (34)По привычке он чуть не подписал её и, морщась, остановился. (35)Заказчик мельком взглянул, стал искать свою кисть и недовольно забормотал: 
 (36)– Какая несмелая рука! (37)Эх вы, молодо-зелено, никакого размаха! (38)Раньше писали более подходяще. (39)Вот я сейчас «пройдусь» по ней, и всё заиграет. (40)Смотрите-ка, молодой человек, что значит опытность. (41)Левитан не смотрел, испытывая страшную тоску и отвращение к этой самодовольной бездари, мнящей себя великим мастером. (42)Такие минуты для молодого художника были самыми тяжёлыми, потому что на его глазах глумились над чистым и священным, а он, беспомощно опустив голову, обречённо ждал обещанной платы.  
 (По И. Евдокимову*) 
 *Евдокимов Иван Васильевич (1887–1941) — русский писатель, искусствовед, автор книг о жизни и творчестве таких выдающихся художников, как М. Врубель, В. Суриков, И. Репин, И. Левитан 
"
141,"Текст Екимова Б. 
  (1)По утрам теперь звонил телефон-мобильник: «(2)Мама, здравствуй! (3)Ты в порядке? (4)Молодец! (5)Вопросы и пожелания? (6)Целую, будь-будь!»  
 (7)Коробочка тухла, смолкала. (8)На это чудо чудное старая Катерина дивилась, не могла к нему привыкнуть. (9)Вроде малость — спичечный коробок. (10)Никаких проводов. (11)Лежит- лежит — и вдруг заиграет, засветит, и голос дочери послышится. 
 (12)—Одно слово — мобила! — горделиво повторяла Катерина слова городского внука. —(13)Нажал кнопку, и враз —Мария, другую кнопку нажал  — Коля. (14)Кому хочешь, жалься. (15)И чего  нам не жить? (16)Зачем уезжать, хату кидать, хозяйство бросать? 
 (17)В последние годы она уезжала зимовать к дочери в город. (18)Но с хутором, с гнездом  насиженным так трудно расставаться. (19)Куда девать малую живность: Тузика, кошку да кур?  (20)Распихивать по людям?.. (21)И о хате душа болит. (22)Вот  и думала опять: ехать, не ехать?.. (23)А тут ещё телефон привезли на подмогу — мобилу эту самую. (24)Долго объясняли про кнопки: какие нажимать, а какие не трогать. (25)Обычно звонила дочь из города по утрам: 
 (26)—Мама, здравствуй! (27)Ты в порядке? (28)Молодец. (29)Вопросы есть? (30)Вот и хорошо. (31)Целую.  
 (32)Не успеешь опомниться, а уже свет потух, коробочка смолкла. (33)На следующий день то же самое: «Мама, слышишь меня?.. молодец... целую... будь-будь». 
 (34)—Не телефон –свиристелка, —ворчала старая женщина. —(35)Прокукарекал: будь-будь... вот тебе и будь, а тут... 
 (36)А тут, то есть в жизни стариковской, было много всего, о чем рассказать хотелось, о чём посоветоваться думалось. 
 (37)—Мама, слышишь меня?.. 
 (38)—Это ты, доча! (39)А голос будто не твой, какой-то хрипловатый, как у деда старого, словно ты хвораешь. (40)Ты не болеешь? (41)Гляди одевайся теплей. (42)А то вы городские  — модные, платок пуховый повяжи, и нехай глядят. (43)Здоровье дороже. (44)А то я ныне сон видала такой нехороший. (45)Вроде  на нашем подворье стоит не то коза, не то лошадь... 
 (46)—Мама, — донеслось строгое. —(47)Мы же тебе объясняли: деньги. 
 (48)—Прости Христа ради, — опомнилась старая женщина.  
 (49)И впрямь ведь упреждали тогда, когда телефон привезли, что он дорогой и нужно говорить только о самом главном. (50)Но что оно в жизни, главное? (51)Особенно у старых людей?..(52)И в самом деле ведь привиделась ночью такая страсть... 
 (53)Вот и ещё прошёл один день. (54)А тут слегка подморозило. (55)Шла-шла, запнулась, упала, больно ударившись о корневище. (56)Неловко начался день, да так и пошел не в лад. (57)А на следующее утро, как всегда, засветил и запел телефон мобильный. 
 (58)—Здравствуй, моя доча, здравствуй, одно лишь звание, что — живая. (59)Я так вдарилась: не то нога подыграла, а может, склизь... (60)Где, где... возле ворот, где растет грушина-черномяска, которую ты любишь. (61)Сладимая, я из этой черномяски вам компот варю. (62)Её иначе давно ликвидировала бы ... 
 (63)—Мама,—раздался в телефоне далекий голос, — конкретней говори... 
 (64)—А я тебе о чем и толкую: тама корень из земли вылез, как змеюка, а я шла и не глядела. (65)Да тут ещё глупомордая кошка под ноги суется, ну я об этот корень... этой проклятущей черномяски... 
 (66)—Мама, говори, пожалуйста, о себе, а не о черномяске. (67)Чего болит? (68)Ничего не сломала? 
 (69)—Вроде бы не сломала, прикладаю капустный лист. 
 (70)На том и закончился с дочерью разговор. (71)Остальное самой себе стала досказывать: (72)«Все у меня болит, каждая косточка: такая жизнь позади...» (73)И, отгоняя горькие мысли, старая  женщина занялась привычными делами. (74)Но старалась больше толочься под крышей, дабы ещё не упасть. (75)И тут совсем неожиданно, в обеденный неурочный час, заиграла музыка и засветился, проснувшись, мобильный телефон. (76)Старая женщина испугалась: 
 (77)—Доча, доча, чего случилось?.. (78)А я всполохнулась: не к сроку звонишь. (79)Ты на меня, доча, не держи обиду. (80)Я знаю, что дорогой телефон, деньги большие, но я ведь взаправду  чуток не убилась возле этой дулинки... (81)Господи, опять я про эту противную дулинку... прости, моя доча... 
 (82)Издалека, через многие километры, донесся голос дочери: 
 (83)—Говори, мама, говори... 
 (84)—Вот я и гуторю: ныне мокро, склизь, а тут еще эта кошка да корень этот под ноги лезут, от грушины-то. (85)Нам, старым, ныне ведь всё мешает. (86)Я бы эту грушину навовсе ликвидировала, но ты её любишь. (87)Запарить её и сушить, как бывалоча... (88)Опять я не то плету... прости, доча. (89)Ты слышишь меня?.. 
 (90)В далеком городе дочь её слышала и даже видела, прикрыв глаза, старую мать свою, маленькую, согбенную, в белом платочке. (91)Увидела, но почуяла вдруг, как все это зыбко и ненадежно: телефонная связь, видение. 
 (92)—Говори, мама, говори... 
 (93)Дочь боялась лишь одного: вдруг оборвется и, может быть, навсегда этот родной голос и жизнь самого родного человека. 
 (94)—Говори, мама, говори...  
 (По Б. Екимову*) 
 *Борис  Петрович  Екимов (род. 19 ноября 1938) —русский прозаик и публицист 
"
142,"Текст Екимова Б. 
 (1)Рано утром впотьмах поднимался я и брёл к электричке, ехал в битком набитом вагоне. (2)Потом – слякотный перрон... (3)Городские зимние угрюмые
сумерки. (4)Людской поток несёт тебя ко входу в метро. (5)Там давка: в дверях, у турникетов, у эскалаторов, в подземных переходах. (6)В жёлтом электрическом свете течёт и течёт молчаливая людская река... 
 (7)К вечеру наглядишься, наслушаешься, устанешь, еле бредёшь. 
 (8)Снова – метро, его подземелья… (9)Выберешься оттуда, вздохнёшь и спешишь к электричке, в её вечернюю толкотню, Бога моля, чтобы не отменили. 
 (10)Так и текла моя московская жизнь: за днём – день, за неделей – другая. (11)Затемно встанешь, затемно к дому прибьёшься. (12)Ничему не рад, даже зиме и снегу. 
 (13)Уже пошёл декабрь, спеша к новогодью... 
 (14)Однажды вечером мне повезло вдвойне: электричку не отменили и вагон оказался не больно набитым. (15)Уселся, газету развернул. (16)Хотя чего там вычитывать: убили, взорвали, ограбили... (17)Вечерний поезд, усталые люди. (18)Зима, теснота, из тамбура дует, кто-то ворчит… 
 (19)Глаза прикрыл, но задремать не успел: застрекотали рядом молоденькие девушки. (20)Хорошо, что обходились без убогого «короче», «прикольно». (21)Обычная девичья болтовня: лекции, практика, зачёты – словом, учёба. (22)Потом Новый год вспомнили, ведь он недалеко. 
 (23)– Подарки пора покупать, – сказала одна из них. (24)– А чего дарить? (25)И всё дорого. 
 (26)– Ты ещё подарки не приготовила?! – ужаснулась другая девчушка. 
 (27)– Когда же ты успеешь?! 
 (28)– А ты? 
 (29)– Ой, у меня почти всё готово. (30)Маме я ещё осенью, когда в Кимрах была, купила домашние тапочки на войлоке, старичок продавал. (31)Ручная работа, недорого. (32)У мамочки ноги болят. (33)А там – войлок. (34)Ой, как мама обрадуется! – голос её прозвенел такой радостью, словно ей самой подарили что-то очень хорошее. 
 (35)Я голову поднял, взглянул: обычная молоденькая девушка. (36)Лицо живое, милое, голосок, как колокольчик, звенит. 
 (37)– А папе… (38)У нас такой папа хороший, работящий… (39)И я ему подарю… (40)А дедушке... (41)А бабушке... 
 (42)Не только я и соседи, но, кажется, уже весь вагон слушал счастливую повесть девушки о новогодних подарках. (43)Наверное, у всех, как и у меня,
отступило, забылось дневное, несладкое, а проснулось, нахлынуло иное, ведь и вправду Новый год близок... 
 (44)Я вышел из вагона с лёгким сердцем, торопиться не стал, пропуская спешащих. (45)Дорога славная: берёзы да сосны сторожат тропинку; не больно холодно, а на душе вовсе тепло. (46)Спасибо той девочке, которую унесла электричка. (47)А в помощь ей – малиновый чистый закат над чёрными елями,
бормочущая во тьме речушка под гибким деревянным мостком, говор вдали, детский смех и, конечно, надежда. 
 (48)Так что шагай, человече... 
 (По Б. П. Екимову)* 
 * Борис Петрович Екимов (род. в 1938 г.) – русский прозаик и публицист. 
 Информация о тексте 
"
143,"Текст Екимова Б. 
 (1)Дискуссии о состоянии русского языка ведутся ещё со времён могучих витий веков прошлых: А. С. Пушкина, Ф. И. Тютчева, А. И. Герцена, В. Г. Белинского, Ф. М. Достоевского. (2)Ныне для нас их споры, размышления о судьбе родного языка являются высокими уроками русской литературы, человеческой мысли. 
 (3)А что до «деградации», «ослабления», а то и непременной «гибели» русского языка, литературы – это не более чем гипербола, основанная довольно часто на искренней, естественной и понятной тревоге за судьбы своего народа, особенно во времена перемен, потрясений. 
 (4)Нынешние потрясения и глубокие перемены в России происходят, на мой взгляд, скорее в умах и душах людей. (5)Для русского же языка они мне представляются не очень значительными, если вспомнить такие испытания, как «монгольское нашествие» или петровское «окно в Европу». 
 (6)«Восточный ветер» да «западный ветер» приходят и уходят, не в силах пошатнуть укоренённое в веках и на широких просторах могучее древо русского языка, лишь освежая его, а значит, усиливая. 
 (7)В подобных случаях, испытаниях могучий океан великого языка (и не только русского) своей несравнимой с пришельцами массой, мощью, энергией, мерной и неустанной работой огранит, отшлифует чужие слова, пристраивая их к собственным нуждам, окропит живыми ключами родной земли, принимая в народную речь, письменность, художественную литературу. (8)Так было. (9)Видимо, так и будет. (10)Двести тысяч слов одного лишь словаря В.И. Даля – разве не океан? (11)Чужое перетрёт, перемелет, а грязное с пеною выбросит. (12)Рядовой, нынешний, орфографический словарь, и тот – сто тысяч слов, каждое из которых – не старая плесень, а живая речь, которая, конечно, богаче любых словарей, недаром из неё черпают щедро, но дна, слава Богу, не видно. (13)Русский язык не только живёт, но животворит! 
 (14)Одно из химических производств свои, конечно же ядовитые, отходы давно и поныне закачивает в глубокие земные пласты, губя воды живые. (15)Укорам да упрёкам не внемлют. (16)Главное для них – прибыль. 
 (17)На этой же земле, сохраняя воды живые, ребятишки-школьники хуторов Малоголубинского, Пятницкого и других, конечно же с учителями, земные родники да ключи берегут, чистят их. (18)Каждому – своё. 
 (19)То же – в нашей литературе, журналистике, которые, конечно же, влияют на состояние русского языка. (20)Тут дело в совести и, главное, в таланте. (21)Толстой, Тургенев, Шолохов, Шукшин не ставили себе задачей охранение русского языка. (22)У них это получалось естественно, потому что они были рождены русской землёй, от которой приняли великий дар и достойно им распорядились. (23)Вот и всё объяснение. (24)Для меня лично оно основательно. (25)В меру сил и возможностей следую ему, понимая малую свою силу. 
 (26)Но ведь на хуторе Малоголубинском родники расчищают вовсе малые ребятишки, из начальной школы. (27)Эти родники да ключи текут помаленьку, оживляя речки Малую Голубую, Ростошь, Еруслань, а далее – Дон, его могучие воды. 
 (По Б. П. Екимову*) 
 *Борис Петрович Екимов (род. в 1938 г.) – российский прозаик и публицист. 
 Информация о тексте 
 
"
144,"Текст Екимова Б. 
 (1)В Москве осень, а в Коктебеле бархатный сезон.  
 (2)Хотя времена иные, но и нынче хорошо в Крыму. (3)Вдоль набережной — сплошные магазины-скворечники с яркой пестрядью этикеток и оберток, кафе, шашлычные, закусочные.  (4)Но остались главное — море, небо, горы, степь;  их молчание,  ропот волн, шелест травы — словом, главное.  
 (5)А вечерами  — шумная набережная, от затенённой диким виноградом веранды до музея Волошина.  (6)Прогулки, разговоры, толкотня. (7)Занятные безделушки на парапете и лотках.  (8)Что-то рассмотришь, что-то купишь  — себе или родным и друзьям в подарок.  
 (9)Всё славно.  (10)И лишь пожилая женщина с букетами полыни тревожила меня.  (11)Она была так ни к месту и своим видом  — потёртое пальто, 
тёмный платок, старость — и своими жалкими, никому не нужными букетами.  (12)Вечерами она, сгорбившись, одиноко сидела на скамейке на самом краю  набережной. (13)Она была лишней на этом осеннем, но всё же празднике на берегу моря. 
 (14)В первый же день я, конечно, купил у неё букетик полыни, выслушав: «Повесите на стенку и так хорошо будет пахнуть!» (15)Купил, словно долг отдал. (16)Но от этого не стало легче! (17)Конечно же,  не от хорошей жизни прибрела она сюда.  (18)Сидит, потом медленно бредёт во тьме домой.(19) Старая мать моя обычно, ещё солнце не сядет,  уже ложится в постель. (20)Говорит, что устала. (21)Ведь и в самом деле устала: такая долгая жизнь. (22)И такой долгий летний день  — для старого человека.  
  (23)Старые люди...  (24)Сколько их ныне с протянутой рукой!   
 (25)И эта одинокая пожилая женщина на набережной!  (26)Просить милостыню, видно, не хочет. (27)Хотя подали бы ей много больше, чем выручит за свои жалкие сухие веточки. (28)Но просить не хочет. (29)Сидит...  
 (30) Прошёл день, другой, третий.  (31)Ещё радовали солнечные дни, тёплое море, голубое небо, яркие клумбы оранжевых бархоток и пахучих петуний, зелень деревьев.  (32)В Москве слякотно, холодно и даже снег прошёл, а здесь ласковое лето. (33)Днем — хорошо, вечером приятно погулять по набережной, постоять на причале возле рыбаков.  
 (34)И всякий же вечер была старая женщина, одиноко сидящая возле букетов сухой полыни.  
 (35)Но однажды, выйдя на набережную, увидел я, что возле старой женщины, на её скамейке, сидит пара: бородатый мужчина — на краешке скамьи, на отлете, мирно покуривает, а супруга его живо беседует со старушкой. (36)Сухой букетик — в руке, какие-то слова о пользе полыни и всяких других растений. (37)А разговоры  «о пользе» весьма притягательны.  
 (38)Вот возле старой женщины, у её букетиков, заслышав что-то «о пользе», стали останавливаться.  (39)День на исходе, забот никаких. (40)Самое время побеседовать  «о пользе».  (41)Беседуют и, гляжу, покупают. (42)Дело-то копеечное.  
  (43)Поглядел я, порадовался, побрёл потихоньку своей дорогой.  
 (44)А на душе как-то спокойно стало.  (45)Ведь так тревожно было видеть её одиночество, словно заноза вонзалась в сердце.  
 (46)Следующим вечером  — та же картина: женщины беседуют, бородатый мужчина спокойно покуривает рядом.  (47)Слышу, старушку уже по имени-отчеству величают.  (48)Значит, познакомились.  (49)Это и вовсе хорошо.  
 (50) В один из последних вечеров видел я и старую женщину с сухими  цветами, и её новых друзей.  (51)Последние, видимо, уезжали.  (52)Мужчина что-то записывал на бумажке. (53)Наверное, адрес. 
  (54)На следующий день — гроза, ливень, потом моросило. (55)Вышел я вечером — никого. (56)И старушки тоже, конечно, нет.  
 (57)Но тогда, в тот последний мой крымский вечер, и теперь, от Коктебеля вдали, я вспоминаю о старой женщине без горечи и печали. (58)Нашлись люди добрые, посидели возле неё, поговорили.  (59)А что ещё нужно старому человеку?  (60)Теперь она зимует и ждёт весны. (61)Как и все мы, грешные, ждём тепла, небесного ли, земного. (62)Любое — в помощь.  
 (по Б. П. Екимову*)  
 *Борис Петрович Екимов  (род. в  1938  г.) — российский прозаик и публицист.    
 Информация о тексте 
 
"
145,"Текст Екимова Б. 
  (1)Соседство через дорогу от нашего дома всегда было тихим. (2)Хозяйничала там пожилая супружеская пара. (3)Женщина в огороде возится, по дому хлопочет. (4)Муж ее из тех, кого уважительно зовут работягами. (5)Худощавый, седой, жилистый, с утра до ночи он в непрестанных делах: всё время он что-то строит, мастерит, ремонтирует. (6)Разговоров особых у них не слышно. (7)На выходные ко многим приезжают из Москвы дети да внуки - шум да гам начинается. (8) А у этих соседей тишина.   
 (9)А потом вдруг объявилась молодая внучка. (10)Родила она мальчика, замуж не выходя, и теперь приехала к бабке на лето, потому что родители её пилят и пилят, внука не признают и требуют сдать его в приют, чтобы не портить им жизнь.  
 (11)Это было совсем недавно: разговоры, пересуды, охи да ахи. (12)Ведь и впрямь ничего хорошего. (13)Потом пересуды смолкли.   
 (14)Мальчика никуда не отдали. (15)Старики помогают: зимой, в городе, он больше у них живет, а уж летом - тем более на природе, на даче. (16)Молодая мама работает, ей некогда, а её родители внука, как и раньше, особо не жалуют. (17) Такие вот дела.  
 (18)Потом, слышу, объявилась другая забота: мальчик на ножки встал, уже и бегает, а вот говорит совсем плохо.(19) Больше молчит.  
 (20)Соседская округа, всколыхнувшись, снова вздыхала да охала. (21) А мальчик взял да и заговорил. (22)Теперь поёт и поёт без остановки.   
  (23)Снова лето - июль: днём детвора кипит на теплом мелководье. (24) Соседский мальчонка вместе со всеми.  
 (25)Он молотит по воде ножками, пытаясь плыть, от кого-то убегает, кого-то догоняет в веере светлых брызг; порой окунается с головой, тут же выказывая мокрую сияющую мордаху.  
 -(26)Не ныряй! - грозит ему пальцем бабушка, которая рядом, на посту.(27)По утрам они ходят за молоком в деревню, через поле. (28)Возвращаются не только с полным бидончиком, но еще и с букетом цветов.   
 -(29)Деда, мы цветочков тебе принесли, сообщает малыш…   
 (30)Потом приходит время отдыха, когда мальчик спит, умаявшись. (31)А потом снова звенит и звенит в соседском дворе - теперь уже дотемна.  
 -(32)Деда, я тебе помогать буду! (33) Я твой помощничек! (34)Тебе без меня трудно!  
 - (35)Конечно, трудно… - подтверждает дед.   
 (36)У хорошего хозяина на своем подворье дел хватает. (37)Нынче старик, какой уже день, занимается цоколем дома: просеивает песок, месит раствор, заливает да затирает.   
 (38)Мальчонка крутится рядом, больше, конечно, мешая.   
 -(39)Измажется весь… - укоряет бабушка. -(4)Отмоется, воды много, - заступается дед.  
  -(41)Я отмоюсь! - обещает внук. –(42) Мы с дедом на речку пойдем!   
 (43)Вспоминаю, как недавно еще судила округа: «А деду он вовсе не нужен, ведь дед-то в таких годах, да с таким-то характером…» (44)Оказалось, что нужен. (45)Душа в душу живут - старый да малый.   
  (46)Мой брат - человек прагматичный и строгий; но даже он, заслышав голос мальчика, теплеет лицом. (47)Супруга его тоже человек непростой, но, отбывая на городской рынок, заходит к соседке, спрашивает, что нужно купить. (48)Покупает, привозит. (49) Прежде такого не бывало.   
 (50)Живёт по соседству суровая, нелюдимая старуха. (51)И вдруг с удивлением слышу, словно не её, такой мягкий голос:  
 -Что же ты не приходили вчера, Егорка? (52)Я и крапиву посекла у калитки, не будет тебя теперь кусать.   
  (53) Июль уж проходит, скоро август. (54)Скворцы, подняв на крыло молодых, оставили людские селенья. (55)Теперь они кормятся в полях. (56)Лишь в нашем невеликом дачном поселке поёт и поёт скворушка - ясноглазый, загорелый мальчонка. (57) Поёт и поёт на радость всем.   
 ( По Б. Екимову*) 
 *Борис Петрович Екимов (род.в 1938 г.) – российский прозаик и публицист. 


 етский писатель, публицист.  
"
146,"Текст Екимова Б. 
 (1)От этой остановки автобусы поворачивали направо, к заводу, а потом ехали по самым окраинным улицам. (2)И лишь два из них, третий номер и четвёртый, шли прямо, через сотню метров выбегая из посёлка, и катили себе по степи к Ильевке и Пятиморску — так близлежащие селения назывались. (3)И вот здесь, на этой последней общей остановке, люди часто путались. (4)Второпях или просто в рассеянности входили они в автобус, а когда тот набирал скорость, оказывалось, что номер автобуса другой, и едет он вовсе не туда, куда человеку надо. (5)Начинался шум и крик, автобус чаще всего останавливался, высаживая незадачливого пассажира. (6)Кондуктор и шофёр совестили ротозея. 
 (7) Не первый день ходили так автобусы и не первый год, пора бы уж и привыкнуть, но все же иной раз путались люди. 
 (8) Так случилось и в этот весенний день. (9)Старушке надо было ехать на завод или дальше куда-то, а влезла она в четвёртый номер, который шёл в Ильевку. (10)Автобус побежал прямо и поворачивать, куда старушке надобно, вовсе не собирался. (11)Она это, естественно, заметила и заохала: 
 —(12)Ой, ой! (13)Куда же он едет! (14)Мне ж не туда совсем! 
 —(15)Глядеть надо, — сказала кондукторша, — и слушать. (16)Ясно написано —четвёртый номер. (17)И объявила я. 
 —(18)Дочка, не разобрала я, — оправдывалась бедная старушка, — недоглядела. (19)Останови, Христа ради. (20)Мне с переезда-то больно далеко идти. 
 —(21)Старый человек, надо уважить, — поддержал кто-то. 
 (22)Кондукторша, симпатичная молодая женщина, была недовольна и старухиной нерасторопностью, и этой поддержкой. (23)Но тут объявилась ей выручка. 
 (24)Молодой мужчина, круглолицый, в берете, наставительно произнёс: 
 —(25) Существуют надписи. (26)Надо читать. (27)Ясно написано — четвёрка. (28)И нечего претензии предъявлять, — поглядел он на старушку свысока. 
 (29)Кондукторша, которая уже потянулась было к кнопке, чтобы автобус остановить, тут же передумала. 
 —(30)Конечно, — обратилась она к мужчине, — номер написан, и объявила я. (31)Не глядят, не слушают, а лезут. 
 —(32)Да глаза у меня, дочка, старые, — жаловалась старушка. — (33)Где уж я разгляжу! (34)Может, ты вправду сказала, а я недослышала. (35) Уж прости... 
 —(36) А вот надо слушать, — наставительно произнёс круглолицый в берете. — (37) Подходишь, надо не лезть сломя голову, а посмотреть. (38) Не видите, у людей спросите, они подскажут, — тоскливо объяснял мужчина. —(39)Ведь и спереди номер написан, и сбоку, и сзади.(40) Всё как положено. (41)И кондуктора объявляют. (42) А мы лезем на дурачка, чего, мол, глядеть. (43)Если не туда попадём, сразу в крик: остановите! (44)Остановите! (45)А у автобуса график. 
 (46)Старушка, вначале было привставшая, печально поглядела, как пронеслись мимо последние дома посёлка и началась степь, и уселась на место. 
 —(47) О-ох, — вздохнула она и задумчиво, вовсе не зло, добавила: 
 —(48) А вы либо всю жизнь будете молодыми, не постареете... (49) Дай Бог, дай Бог, — и замолчала. 
 —(50) Надо к порядку приучаться. (51) Как в городе. (52) Там, небось, никто не запросит: останови! (53) Номер обозначен — пожалуйста, — продолжал свою песню мужчина. 
 (54) И слушала его кондукторша, согласно кивала головой, а прочие люди глядели в окна. (55) И старушка тоже. 
 (По Б. Екимову) 
 Борис Петрович Екимов — русский прозаик и публицист. 
 Информация о тексте 
 
"
147,"Текст Ерашова В. 
 (1)Это был первый настоящий бой Кати. (2)Артиллерийская подготовка началась перед рассветом, под её прикрытием заняли исходные позиции. 
 (3)Накануне вечером писали письма. (4)Только Кате писать было некуда: все родные погибли. (5)Так что терять в бою ей, по сути, было нечего — кроме собственной жизни. (6)Но её она, молодая девчонка, после перенесённых страданий, к сожалению, уже мало ценила. 
 (7)И вот он, бой. (8)Танк, в котором они находились, мотало из стороны в сторону, трясло так, что Катя едва удерживалась на сиденье. (9)«Если так будет дальше, как же стрелять?» — думала она. (10)Хотя её дело было не наводить пушку, а подавать снаряды. (11)Тужливо рыча, машины настырно карабкались вверх, от моторов, пущенных на полные обороты, жара стояла несусветная, ещё пахло соляркой, забивало отработанными газами, свежим воздухом тянуло только через технические зазоры и смотровую щель. 
 (12) Тут по раскалённой от боя броне танка что-то застрекотало, однако Катя не сразу осознала, что их обстреливают. (13)Всё дальнейшее слилось для неё в сплошной грохот, дым, крики в переговорном устройстве. (14)Лупили то подкалиберными, то бронебойно-зажигательными, то осколочными снарядами. (15)Катя не понимала, что происходит снаружи, не могла ещё по видам снарядов, подаваемых ею, определить обстановку. (16)Она только слышала грохот; её, такую хрупкую и маленькую девушку, дёргало вместе с огромной машиной. (17)Страха, как ни странно, Катя вовсе не испытывала: она плохо соображала, что к чему, только слышала команды и выполняла их. (18)Бой шёл как бы сам по себе, а она была сама по себе. 
 (19) И тут вдруг случилось нечто неожиданное и дикое: машина как бы провалилась, после чего Катю подкинуло, ударило больно сверху, внутренность танка наполнило теперь вовсе нестерпимым жаром и тяжёлыми угарными запахами, а после в один миг погасли плафоны освещения. 
(20) Командир открыл крышку башенного люка, Катя протиснулась вслед за ним. 
 (21)Ока залось, танк ухнулся в бомбовую воронку, без посторонней помощи было не выбраться. (22)Катя вспомнила, сколько раз им напоминали, твердили, требовали повторять вслух железный закон: если танк подбит, но не горит, экипаж обязан защищать боевую технику до конца. (23)И Катя приготовилась биться до конца, ведь это был её воинский долг. (24)В этот момент она видела немцев: они были так близко, как никогда, почти рядом, бежали, строчили из шмайсеров. (25)«Всё, — подумала Катя, — сейчас конец». 
 (26) Но, как ни странно, даже сейчас она страха не ощутила: слишком невероятно было всё происходящее вокруг этой молодой женщины, у которой война отняла юность, семью, мечты о счастливой жизни... 
 (27) Катя дёрнула цепочку револьверной заглушки, высунула в отверстие рыльце автомата и начала лупить, не видя немцев, наугад, и ждала: сейчас, вот-вот... (28)Она почему-то увидела: часы на щитке приборов остановились — было девять часов двадцать минут. 
 (29) Они с командиром отбились-таки и сохранили танк, вот только механик Генка погиб. (30)В сентябре сорок четвёртого сержант Екатерина Мушкина, отмеченная орденом, стала командиром танка. (31)Не женой, не матерью, не хранительницей семейного очага — командиром танка. 
 (по В.П. Ерашову*) 
 *Валентин Петрович Ерашов (1927-1999) — русский писатель, автор многочисленных произведений о войне.  
"
148,"Текст Жаровой Т. 
 (1)Какое же зеркало жизни наш язык! (2)Нет, он поистине велик, оставаясь и поныне свободным, правдивым. (3)Всё приемлет, на всё отзывается, как пушкинское эхо, больше того - он вберёт и чужестранные слова и научит их плодить новые формы (не клонировать!) от устаревших и заёмных слов. (4)Беда только, что всё это идёт порой в безобразном, безграмотном смешении. 
 (5)Так, за короткий срок сумели обрусеть и даже размежеваться по значению такие привычные в среде спорта слова, как «фанатик» и «фанат», а теперь и «фан», и даже религиозный фанатизм приобретает иную окраску. (6)Были когда-то «поклонники», даже «клакёры» (франц.) театральные, а теперь фанатики размежевались с «фанатами». (7)Есть ещё футбольные фанаты (не «болельщики»), эстрадные. 
 (8)Даже старомодное «приватный», когда-то редко встречаемое в  обыденной речи, в словаре В. Даля толкуемое как «частный», «личный»,  «особенный», «домашний» («приват-доцент», «приватная беседа»), мы сумели так национализировать, что слово «приватизация» даже в бытовом, всегда чутком на оттенки языке приобрело пренебрежительное звучание, став «приХватизацией». (9)А ведь известно, что слово, герой, явление, попавшие в народный язык, в фольклор, анекдот, становятся уже «нашими», «свойскими», как остроумные словечки из фильмов Данелия, Рязанова, Гайдая. 
 (10)Всюду языковое разноцветье. (11)Какое поле для наблюдения лингвистов, литераторов, актёров! (12)Но как необычно, одухотворённо звучат в нашей сверхделовой речи старинные слова, которые ушли временно, но живут на страницах классиков и ждут светлых дней. 
 (13)Ни в коем случае не стоит закрывать глаза на то, что, кроме иноязычных слов, нас захлёстывает и уголовная лексика. (14)Откуда пришли эти «крутые», «прикольные», «крыши», «клёвые»? (15)Их источник ясен. (16)Но почему они расцветают среди вполне приличной молодёжи, звучат с экрана, пестрят в печати? 
 (17)Этот разговор может продолжить каждый, кто радеет за наш язык. (18)Он ведь и сейчас «великий, могучий, правдивый и свободный». (19)Только портим его мы сами, забывая о том, что он живой, поэтому не надо обижать его пошлостью, чужим сором, ненормативной лексикой, канцелярскими изысками, несовместимой мешаниной.  
 (По Т. Жаровой) 
 * Таисия Васильевна Жарова (родилась в 1923 году), член Союза журналистов, ветеран Великой Отечественной войны. Основная тема творчества – судьба русского языка. 
"
149,"Текст Журенкова К. 
 (1)Компьютеры и Интернет вытесняют книги. (2)С этим убийственным фактом многие успели смириться. (3)Кажется, что компьютер вот-вот расправится с книгой. (4)Но есть несколько причин, почему этого никогда не случится. 
 (5)Некоторые виды книг, конечно, отомрут. (6)К примеру, справочная литература. (7)Ею удобнее пользоваться в электронном виде. (8)Люди стараются не покупать многотомные справочники из-за нехватки места. 
 (9)Иное дело – литература художественная, которая требует вдумчивого чтения. (10)Как фотография не убила живопись, так и книга продолжит существовать, может быть, передав некоторые свои функции более совершенным технологиям. 
 (11)Первое преимущество книги – это возможность неспешного размышления над текстом. (12)Второе преимущество – бумага долговечнее. (13)Третье – она не требует источника питания. 
 (14)Сегодня, когда цивилизация ориентирована на зрительные образы, компьютер может быть нашим спасением, так как снова возвращает людей в мир слов. (15)Интернет активно возрождает эпистолярный жанр через электронную почту. 
 (16)Правда, он всё равно не заменит книг. (17)Ведь качество информации из Сети ниже качества информации библиотечной. 
 (18)Не изменится под влиянием Интернета и форма литературы. (19)Некоторые предсказывают, что вся словесность будет опираться на гипертекст. (20)Аборигены Сети помнят один из первых популярных сайтов – сетевой роман. (21)Он начался с одного абзаца, датируемого 1987 годом. (22)С тех пор каждый мог дописывать к нему всё что угодно. (23)Интернет можно использовать, чтобы обучать импровизации, сочинительству, но к будущему литературы он не имеет никакого отношения. (24)Одно дело – законченная и закреплённая на магнитофонной ленте или ином носителе музыка, и совсем другое – джаз как не загнанная в рамки импровизация. (25)Возможно, в будущем ограничений здесь будет меньше. (26)Но в результате всё сведётся к формуле Умберто Эко из эссе «Как написать роман»: (27)«Я бы просканировал около сотни романов и столько же научных трудов, два-три телефонных справочника (там много имён собственных). (28)Это составило бы 1200000 страниц. (29)Затем я запустил бы простенький генератор случайных чисел, чтобы смешать всё это, и внёс небольшую правку… (30)В конце концов у меня получился бы роман-липограмма. (31)Затем его стоило бы распечатать, перечитать раза два и подчеркнуть важные места. (32)Следующий шаг – погрузить в трейлер и отвезти на… мусоросжигательный завод. (33)И, глядя, как всё это горит, сидеть под деревом, предаваясь праздным раздумьям, пока в голову не придёт пара строк типа: (34)«Луна плывёт высоко – лес шумит». (35)Кажется, это и есть ответ на данный вопрос. 
 (36)Так что обычные наши книги не умрут: их не съедят вирусы и не сотрёт невнимательный пользователь, они не требуют программ для прочтения. (37)Поэтому главный аргумент в пользу книги – её вещественность, стабильность. (38)Книга не забросает вас электронной почтой и не зависнет на самом интересном месте. (39)Книга никогда не бежит впереди нас, она идёт с нами в ногу. 
 (По К. Журенкову*) 
 *К. Журенков – журналист, редактор отдела информации журнала «Огонёк». 
"
150,"Текст Жуховицкого Л. 
 (1)Кто в той или иной степени не ощущал гнёт одиночества? (2)Оно угнетает 
душу, рождает нерадостное настроение, озлобленность, тоску. (3)Но когда-то 
великий Репин признавался, что лучшие часы его жизни — одинокие часы в 
мастерской. (4)И пожалуй, самая счастливая случайность нашей культуры – 
болдинское одиночество Пушкина.  
 (5)Вдохновение, размышление, поиск – ведь это тоже имена одиночества! 
(6)А если будем говорить не о великих и прославленных людях, а о простых 
смертных? (7)Каждый год сотни тысяч людей стремятся в синее одиночество 
моря, зимнее одиночество тайги, белое одиночество горных вершин или 
тундры. (8)Известно, наконец, что любая серьёзная учёба требует времени, то есть 
опять-таки изрядного куска одиночества. (9)Словом, существует немало ситуаций, 
когда это человеческое состояние идет со знаком «плюс».  
 (10)Но самое, на мой взгляд, важное – та огромная роль, которую играет 
одиночество в развитии нашей личности. (11)Нужен ли нам собеседник, когда мы 
любуемся прекрасными картинами природы? (12)Восход солнца над морским 
горизонтом… (13)Волны спелой пшеницы, бьющие в глаза брызгами тяжёлого 
золота… (14)Вершины лесных елей, вычерченные на фоне лёгкой сентябрьской 
дымки... (15)Только тот по-настоящему понимает природу, кто умеет и любит 
разговаривать с ней с глазу на глаз.  
 (16)Мы берем с полки книгу. (17)Мы пойдем туда, где останемся с этой книгой 
«без свидетелей и компаньонов». (18)И там мы прочтем ее в одиночестве. (19)А 
потом так же без свидетелей обдумаем прочитанное. (20)Не потому ли, кстати, 
литература остается ведущим из искусств, что с книгой мы всегда наедине, что 
почти весь процесс постижения ее происходит в творческом, напряженном, 
пронизанном мыслью одиночестве?  
 (21)Одиночество – школа, в которой мы учимся стойкости, мудрому, 
выстраданному спокойствию, уверенности в себе. (22)Одиночество – тот 
единственный дом, в котором без помех и суеты разговаривает с человеком его 
собственная совесть. (23)На людях такой разговор получается предельно редко. 
(24)Вспомните хрестоматийно любимых героев. (25)Такие разные, они схожи 
были в одном: Робинзон был одинок на своем острове, Дон Кихот – в своем 
безумии, Гамлет – в своих сомнениях, Фауст – в своих поисках, князь Мышкин – в 
своей доброте. (26)Случайность? (27)Вряд ли...  
 (28)Даже самая красочная картина пишется на сером холсте. (29)Чем прочнее 
холст, тем долговечнее живопись. (30)В основе ярких человеческих личностей и 
судеб почти всегда лежит плотный пласт одиночества…  
 (31)Какой вывод можно сделать из сказанного? (32)Да хотя бы тот, что не стоит 
смотреть на одиночество трагически. (33)Раз уж нашла на вас именно эта 
жизненная полоса, используйте на все сто ее плюсовые стороны! (34)Чтобы потом, 
когда пройдет тёмная полоса, ты был полностью готов к счастливой случайности.  
 (По Л. А. Жуховицкому*) 
 *Леонид Аронович Жуховицкий (род. 5 мая 1932 года в Киеве) – русский
писатель, публицист, педагог.  
"
151,"Текст Жуховицкого Л. 
"
152,"Текст Жуховицкого Л. 
 (1) Говорят, красиво жить не запретишь. (2) И для этого не всегда хочется отправляться в далёкие края - желательно видеть красоту каждый день в собственном доме. 
 (3) Ради домашней красоты мы идём на денежные жертвы: покупаем французские обои или турецкий ковер, вешаем чешскую люстру, привозим из турпоездки разные сувениры. (4) Но вот что огорчительно: испытывая пламенную любовь к иностранной красоте, мы слишком часто выкидываем из дома то старье, которое через три-четыре десятка лет станет уже не рухлядью, а вещью в стиле ретро. 
 (5) Друг рассказывал: как-то раз знакомые зашли в гости и увидели у него дома керосиновую лампу и медный самовар, ещё дореволюционный. 
 (6) Кто-то восхищенно причмокнул: 
 (7) - Ишь ты! (8) Где достал? 
 (9) А друг постеснялся в ответ сказать правду ... (10) Потому что не достал - нашёл вещи на свалке несколько лет назад. 
 (11) Мы, люди, стареем довольно быстро - не так уж долог человеческий век. (12) Но нас окружает множество вещей, которые старятся и уходят из жизни ещё быстрее нас. (13) Ну-ка постарайтесь вспомнить вещи вашего детства, что ушли в историю, и если вернутся оттуда, то лишь в качестве мудрых и полезных украшений наших квартир. 
 (14) Я, например, учился писать ручкой с пёрышком, а чернила носил в замечательной посудине - чернильнице-невыливайке. (15) Помнится, редкие в ту пору иностранцы спрашивали, где можно купить русский компьютер - счеты. (16) Говорили, что на этом агрегате наши чиновники подсчитывали даже государственный бюджет. 
 (17) Когда мы жили в коммуналке, под потолком у нас висел оранжевый абажур, может, даже шелковый, который вручную смастерила мама. (18) Абажур был огромным, но невесомым - материал был туго натянут на обычную проволоку. (19) Он казался нам маленьким домашним солнышком. (20) И как же уютно становилось в комнате, когда зажигали свет! 
 (21) А у кого сейчас найдется чудом уцелевшая старинная прялка? 
 (22) Сколько их нашло свой конец в беленых печках и скромных буржуйках в морозные российские зимы! 
 (23) Я назвал предметы не слишком далекой старины мудрыми и полезными. (24) Вот почему. (25) Нас когда-то в школе учили, что прошлое страны - это войны, сухопутные и морские сражения, царские указы, боярские интриги, крестьянские восстания и победные революции. (26) Отчасти всё это верно. (27) Но ведь помимо торжественной государственной истории была ещё иная, не менее значимая история наших семей - частная жизнь прабабушек и прадедушек. (28) Их ежедневная борьба за существование. (29) Их бытовая смекалка, реализованная во множестве привычных для людей того времени вещей. 
 (30) К сожалению, до нас пока еще не дошла одна важная мысль. (31) И в наших современных, вполне комфортабельных городских жилищах стоит хранить вещественную память о наших папах, мамах, дедушках, бабушках и более далеких предках. (32) О тех людях, которые вопреки всем властям, и отечественным, и чужеземным, сберегли и передали нам тоненькую свечечку жизни. 
 (По Л. А. Жуховицкому*) 
 *Леонид Аронович Жуховицкий (род. 5 мая 1932 г.) – русский писатель, публицист, педагог.  
 Информация о тексте 
"
153,"Текст Жуховицкого Л. 
 (1) В старинном приволжском городе, на одной из узких улочек центра, стоял двухэтажный дом. (2)Он был старый, изрядно потрепанный временем. (3)Стены из темного кирпича, который еще сильнее потемнел от городской копоти. (4)Наверху деревянный мезонинчик, некогда нарядный. (5)Дом этот ещё до Наполеона построил какой-то забытый купец по своему провинциальному вкусу. 
 (6)Дом тихо ветшал. (7.)Его сломали бы уже давно, если бы в своё время не объявили памятником истории и культуры. (8)Это, правда, не отразилось ни на внешнем виде здания, ни на состоянии его помещений. (9)Несколько лет назад власти внесли его в список аварийного жилья. (10)Ещё через некоторое время из него выселили в новостройки последних жителей. (11) А потом пустой уже дом вдруг сгорел. (12)За одну ночь. (13)Милиция выдвинула две версии пожара: короткое замыкание либо небрежность бомжей. (14)Между тем жители окрестных переулков были уверены в третьей версии. (15)Дом стоял в центре, и на его месте некая фирма уже давно собиралась построить современный комфортабельный храм торговли. 
 (16)Было бы лицемерием утверждать, будто памятники истории и культуры стали исчезать только сейчас, в 21 веке. (17)Сколько в советское время было порушено храмов, которые теперь постепенно восстанавливаются! (18)И разве только храмы пали жертвой эпохи, которая недавно миновала? (19)Ведь наши предки ещё и где-то жили, где-то работали, и этот столь дорогой нам российский быт остался разве что только в Третьяковской галерее на полотнах Перова и Маковского, Саврасова и Поленова. (20)Ведь в той же Москве, кроме легендарных «сорока сороков» церквей, были и Красные ворота, и знаменитые арбатские переулки, и загадочное Зарядье! (21)Увы, всё это тоже снесли, кое-что подчистую, когда вместо старой «большой деревни» власти
создавали новый социалистический город. (22)С новым городом получилось так себе, а старого уже не воротишь. 
 (23)Между тем за последнее время самым прибыльным в мире бизнесом стал туризм, и, пожалуй, вся Европа живет в первую голову за счёт желающих повидать мир. (24)Россией тоже интересуются многие. (25)Едут в Петербург и Москву, в Суздаль… (26)Ну, ещё в некоторые города, в какой-то мере восстановленные. (27)А вся прочая огромная Россия современными богатыми странниками практически не освоена. (28)И не случайно. (29)Что мы им можем там показать, если то, что осталось от былых времен, исчезает у нас на глазах? (30)И вместе с этим исчезает надежда на грядущий туристический бум. 
 (31)Старинные дома нынче горят по всей нашей неохватной родине. (32)И это легко объяснить: в старых зданиях и проводка старая, и земля в центре любого города намного дороже, чем на окраине. 
 (33)С сожалением и легкой грустью смотрим мы, как горит наше прошлое... (34)А это горит наше будущее. 
 (По Л. А. Жуховицкому*) 
 *Леонид Аронович Жуховицкий (род. 5 мая 1932 г.) – русский писатель, публицист, педагог.  
 Информация о тексте 
"
154,"Текст Жуховицкого Л. 
 (1)Когда-то существовало государство, где «слабость» в человеке начинали искоренять даже не с колыбели, а прямо с момента рождения.  
 (2)Помню, как восхищала меня в детстве суровая и гордая романтика Древней Спарты. (З)Мне нравилось всё в этой удивительной стране: и то, что слабых детей сбрасывали со скалы, и что мать-спартанка провожала сына на войну не слезами, а прекрасной, афористичной фразой: «Со щитом или на щите», и что маленький спартанец, пронёсший в школу под рубахой живого лисёнка, не плакал и не кричал, когда зверёк вгрызался в его тело. (4)Мальчик умер - но молча! 
 (5)3начительно позже я задал себе один вопрос: почему же история Спарты была такой бедной - войны да восстания рабов? (6)Почему государство, где основной доблестью считалась стойкость, всё-таки не сумело выстоять? (7)Почему спартанцы, которых готовили к борьбе, и только к борьбе, всё равно потерпели в этой борьбе поражение? 
 (8)Постепенно я понял: всё было закономерно. (9)Мужественная Спарта погибла от собственной  бездарности.  
 (10)В этой стране с бюрократической планомерностью сразу после рождения убивали гениев. (11)В пропасть швыряли слабосильных и нестандартных, то есть тех, кто в дальнейшем просто вынужден был бы противопоставить безукоризненной мужественности окружающих мощь разума и силу духа. (12)Тех, кого непосильная тяжесть меча поневоле отталкивала бы к резцу, линейке и перу. (13)Тех, для кого «выжить» означало бы - «изобрести». 
 (14)Со скалы сбрасывали не только будущих учёных и поэтов, но и полководцев. (15)Хилый Суворов и маленький Наполеон полетели бы в пропасть на общих основаниях. 
 (16)Кстати, убивая больных, спартанцы попутно убивали талант в здоровых. (17)Ничто так не стимулирует прогресс, как забота о слабом. (18)Избавляясь от слабых и калек, спартанцы избавлялись от прогресса. 
 (19)От знаменитого государства, кроме памяти о воинской доблести, не осталось ничего: ни мудрых стихов, ни статуй, ни научных законов. (20)Неинтересная была страна. 
 (21)Нам известно из легенд, что спартанки, матери и жёны, умели отказываться от любви. (22)Умели ли они любить — легенды об этом молчат. (23)Холодная была страна. 
 (24)История юного героя, убитого лисёнком, говорит, увы, не только о мужестве мальчика. (25)Этот смельчак был ещё и трус. (26)Боли не испугался, смерти не испугался - испугался общественного мнения. (27)Конечно, любое общество без общественного мнения разваливается. (28)Но ведь общество, где против общественного мнения не восстают, перестаёт развиваться, загнивает и тоже разваливается. (29)В Спарте боялись общественного мнения. (30)Робкая была страна. 
 (31)Спартанцы умели защищаться - но что им было защищать? (32)Нелюбимых жён и нелюбящих матерей? (33)Право сбрасывать со скалы? (34)Свободу? (35)Но ведь и свобода нужна человеку не сама по себе, а как средство развития личности. (36)Там, где личность не развивается, свобода постепенно отмирает за ненадобностью. 
 (37)Насколько же ярче и богаче была история Афин, где детей растили для всего многообразия жизни! 
 (38)Конечно, реальная Спарта была обычней, будничной легендарной и не столь разительно отличалась от Афин. (39)Но и этого различия оказалось достаточно, чтобы Спарта умерла, не оставив после себя ничего, кроме славы, а Афины заложили фундамент современной культуры. (40)Кстати, напряжённая духовная жизнь, бурное развитие науки и искусства нисколько не мешали афинянам быть мужественными: ведь борьбу греков против персидских завоевателей возглавили именно Афины. 
 (41)Воспитание воли и решительности - задача важная, но далеко не единственная. (42)Прежде всего человека нужно воспитать человечным - иначе он всю жизнь будет бороться только за себя. 
 (По Л. Жуховицкому) 
"
155,"Текст Залыгина С. 
 (1)Ничто не представляет таких возможностей для развития личности, как культура. (2)И в науке, и в культуре в целом всегда сокрыта универсальная тайна наших способностей, их происхождения, их начальной энергии, которая, очевидно, так и останется тайной. 
 (3)Мы знаем, что способность созидать сочетается в человеке со способностью разрушать, что наряду с культурой, которая для нас истинна и нам во благо, давно уже параллельно развивается псевдо- или антикультура, результат которой - апокалипсис, гибель человека и самой природы. 
 (4)Тем более необходимо в наше время - время высочайшего развития науки и техники - разобраться, под каким знаком культуры этот уровень достигнут теми или иными людьми. (5)Что они представляют - культуру или антикультуру? 
 (б)Выдающиеся люди оказывают непрерывное воздействие на наш духовный мир, влияют на повседневную, элементарную оценку того, что происходит рядом с нами. (7)Нам нужно понять, что вокруг нас хорошо и что плохо. (8)Ошибиться в этой оценке нам никак нельзя. 
 (9)Однако такое распознание отнюдь не просто, не элементарно. (10)Псевдокультура ни словом, ни жестом может и не отличаться от культуры, но делом, но последствием слова - отличается. (11)Теперь-то мы знаем, что далеко не всегда время исправляет ошибки, оно, вопреки истине, может многократно их повторять и усугублять. 
 (12)Наше же время такое, что каждая ложь, каждая даже невольная ошибка дополняют и усиливают ошибку глобальную, умаляя и ослабляя при этом культуру истинную, умаляя и ослабляя то достоинство человека и человечества, которые только и могут быть апокалипсису противопоставлены. 
 (По С. Залыгину) 
"
156,"Текст Захарова В. 
 (1)Как  совместить  непреложные, бескомпромиссные  законы справедливости и незаглушаемый голос милосердия? (2)Может быть, следует  признать, что есть какая-то высшая справедливость, которая выше норм  общественной морали, потому что допускает к принятию решений  всепонимающее и всепрощающее добро? (3)А может, напротив, законы, не  знающие  исключений, одинаковые для всех граждан, являются высшей  ступенью нравственного развития? (4)Трудно ответить однозначно.   
 (5)Известный русский поэт И. Анненский некоторое время работал  инспектором Петербургского учебного округа и ездил с проверками по  разным учебным заведениям. (6)Надо ли говорить о том, как боялись учителя  чопорного, застёгнутого на все пуговицы чиновника с пугающей  неподвижностью лица!   
 (7)Однажды ему в руки попала пачка письменных переводов с латинского языка, одна из работ ему понравилась художественным  изяществом и точностью. (8)Анненский похвалил её автора, но тут ему сообщили, что написавшего этот перевод гимназиста придётся отчислить, потому что за письменный экзамен по математике комиссия поставила ему двойку.   (9)Инспектор  попросил контрольную  по математике. 
 (10)Неудовлетворительную оценку экзаменаторы выставили в строгом  соответствии с утверждёнными нормами, и потому не могло быть никаких сомнений в её справедливости. (11)Но… речь шла о судьбе талантливого  гимназиста. (12)Трудно сказать, какими последствиями для юноши  обернулось бы это исключение. (13)Не погибнет ли в нём природный дар?    
 (14)Однако есть правила, которые невозможно нарушить, как говорится, суров закон, но он закон. (15)Чем необходимо руководствоваться в принятии решения: сочувствием, состраданием или буквой закона? (16)Ведь если  нарушить закон один раз, то, значит, можно будет нарушить его и второй раз, и третий… (17)Какой же тогда это закон?   
 (18)Анненский прекрасно понимал всю тяжесть ответственности,  прекрасно понимал, что правильнее, да и легче всего признать нерушимую  силу закона. (19)Но он, подумав, предложил исправить двойку на три с минусом. (20)Учителя с недоумением переглянулись: всегда строгий и  принципиальный инспектор сам идёт на нарушение правил… (21)Оценку  исправили, гимназиста оставили.   
 (22)Наверное, можно было бы добавить, что спасённый юноша  впоследствии стал известным художником-графиком, но, как вы понимаете, смысл поступка Анненского не в этом. (23)Неужели проявлять участие  нужно  только в том  случае, если  есть  уверенность, что облагодетельствованный тобою человек станет выдающимся художником, писателем или учёным? (24)А если бы юноша обманул ожидания, что тогда получилось бы: милосердие потеряло свой смысл, превратилось в  беспринципность?  
 (25)К сожалению, пока никто не придумал прибора, с помощью которого  можно было бы выявить те нравственные побуждения, которые становятся  причиной того или иного поступка. (26)Одно дело, когда жалость куплена за  деньги, когда подвиг обусловлен честолюбием, и совсем иное дело, когда благодеяние совершено из чувства любви, когда в другом человеке ты  видишь «своего», самого себя, и твоё сочувствие становится не просто  естественным, а единственно возможным душевным движением.   
 (По В. Захарову*)  
 *В. А. Захаров (родился в 1956 г.) – писатель и публицист. 
 Информация о тексте 
 
"
157,"Текст Захарова В. 
 (1)Когда учительница литературы рассказала нам о смерти Пушкина, то сразу же несколько человек спросили: «А что потом стало с Дантесом? (2)Как сложилась его жизнь?» (З)Учительница смутилась и сказала, что он уехал за границу, прожил счастливую жизнь, окружённый теплом семейного уюта. (4)Было видно, что она не хотела об этом говорить, потому что испытывала то же самое чувство, какое испытали мы, - недоумение. (5)Как такое могло произойти, почему такое страшное злодеяние осталось безнаказанным, почему убийцу не настигла карающая рука справедливого возмездия? 
 - (6)Трудно сказать, насколько счастливой на самом деле была жизнь этого человека. (7)Возможно, его терзала совесть, наверное, он чувствовал на душе тяжесть греха! 
 (8)Но эти слова вызвали возмущённый гул: подумаешь, «терзала совесть», да за такое преступление полагается лютая казнь. 
 (9)Я хорошо помню ощущение какой-то фатальной несправедливости в устройстве мироздания, как будто бы в фундамент вселенской постройки залили некачественный бетон и по стене пошли трещины. (10)Нет, в целом жизнь зиждется на прочном основании справедливости! (11)Злых людей наказывают, добрых воспевают. (12)Но почему-то возникают какие-то необъяснимые бреши: почему-то некоторые злодеяния пропускаются, словно чьё-то бдительное око на секунду потеряло эту свою бдительность и безнаказанный подлец успел затеряться в толпе. (13)Вот, например, читаешь про какого-то нацистского преступника, который во время Второй мировой войны расстреливал мирных людей. (14)Живёт сейчас где-нибудь в Южной Америке, на берегу тёплого моря, ему девяносто лет, а он бодр, свеж и здоров. (15)Но почему его не загрызла совесть, где следы мучительных страданий? 
 (16)Может быть, справедливость, как и медаль, имеет свою оборотную сторону? (17)И, скажем, Дантеса, убившего великого поэта, если смотреть на этот факт глазами беспристрастного судьи, следует считать участником дуэли, тогда было бы несправедливым карать человека, защищавшего в поединке свою честь? (18)Или тот, кого мы называем нацистским преступником, всего лишь солдат проигравшей армии, который, как и подобает военному, послушно выполнял приказы своего начальства? (19)А вот если бы фашисты победили в той войне, тогда что же: преступниками объявили бы тех, кого мы сегодня называем героями? (20)Да, если покрутить справедливостью туда-сюда, то многое может поменяться в наших взглядах и оценках! 
 (21)Но мне думается, что манипуляции со справедливостью, с общечеловеческими ценностями, нормами морали становятся возможными, когда добро уравнивается со злом. (22)Вроде бы как пришёл человек на рынок жизни, а там два продавца: одного зовут Добро, оно скучное, неразговорчивое, торгует простым товаром в блёклой упаковке, а рядом стоит весёлое Зло, шутит с покупателями, нахваливает свой товар, который хоть и дрянь, но зато в позолоченной фольге. (23)Неискушённый человек покупается на яркую упаковку! (24)И кто же виноват в том, что он обманулся? (25)Конечно, Добро! (26)Надо сражаться за своего клиента, не следует отдавать инициативу более креативному конкуренту. 
 (27)Но Добро и Зло не выступают в нашем мире как физические силы, существующие помимо человека. (28)Они прямой результат наших действий. (29)3ло ничего не созидает, оно не строит домов, не лечит больных, не рожает детей, не кормит голодных, не пишет сказок... (З0)Оно разрушает. (З1)Вот почему несправедливо ставить знак равенства между Добром и Злом как между двумя равноправными силами жизни. (32)Вот почему справедливость неустанно ищет убийц, презирает трусов и ненавидит лжецов. 
 (По В.А. Захарову) 
 В.А. Захаров (родился в 1956 г.) - современный писатель-публицист. 
 Информация о тексте. 
 Основные проблемы: 
 1. Проблема возмездия (Может ли преступление остаться безнаказанным?)  
 Авторская позиция. Любое преступление рано или поздно наказывается, в том числе осуждением потомков.  
 2. Проблема существования вечных ценностей в контексте времени (Стираются ли с течением времени границы добра и зла?)   
 Авторская позиция. Меняются взгляды, оценки людей, но невозможно отменить вечные ценности, добро и зло нельзя поменять местами.  
 3. Проблема манипуляции общечеловеческими ценностями (Можно ли манипулировать такими ценностями, как справедливость?)  
 Авторская позиция. Человек не должен манипулировать справедливостью и другими общечеловеческими ценностями.  
 4. Проблема возможности сопоставления Добра и Зла (Можно ли считать Добро и Зло равноправными силами жизни?) 
 Добро и Зло сопоставлять нельзя, их нельзя уравнивать, так как это взаимоисключающие понятия: Добро всегда созидает, а Зло разрушает. 
"
158,"Текст Иванова В. 
 (1) Любите ли вы литературу так, как люблю её я? (2) То есть любите ли вы читать книги? 
 (3) Затратное занятие. (4) Но это как посмотреть. (5) Есть книги, не сокращающие жизнь на часы, что потрачены на их чтение, а удлиняющие её. (6) Словно побывал в местах, где никогда не был, сошёлся с людьми, с которыми никогда бы не пересёкся, они стали близкими, часто ближе друзей, реальнее друзей, откровеннее самых близких людей. 
 (7) Человек узнаёт из книг то, что он уже знал о себе, но не знал, что знает. 
 (8) Есть и другие. (9) Потраченное на них время вычеркнуто из жизни. (10) Будто просидел три часа на бесполезном собрании. (11) После таких книг становишься только глупее. 
 (12) Вечная проблема выбора. (13) Электронные версии толстых журналов немного облегчают жизнь. (14) Можно спокойно полистать, присмотреться, принюхаться. (15) Но полиграфия нынче быстрая, книгу издают за две-три недели. (16) А в «толстяках» редакционный цикл — полгода, а то и больше. (17) Ничего удивительного, что многие писатели предпочитают не связываться с журналами, а сразу несут рукопись в издательство. (18) Так и получается: заходишь в любой книжный — глаза разбегаются. (19) Хочется купить всё. (20) Как голодный перед колбасной витриной. (21) Но уже знаешь, что не всё съедобное. (22) А что съедобное и что несъедобное? (23) На обложках рейтинговые звёзды не вытиснены. (24) А те, что вытиснены, враньё. (25) Плавали, знаем, успели распробовать. 
 (26) Экспансия коммерческой литературы сужает круг потенциальных читателей, которых в России осталось не так уж много. (27) Казалось бы, что за беда? (28) Читают — и пусть себе. (29) Всё лучше, чем пьянствовать. (30) Но не так-то всё просто. 
 (31) Есть книги, без которых можно спокойно прожить. (32) Есть телевизор, есть газеты, есть компьютерные стрелялки. (33) А есть книги, без которых жить трудно. (34) И если в юности не попалась книга, перепахавшая душу, читатель для литературы потерян. (35) Он будет жевать литературный попкорн в полной уверенности, что читает книгу, не подозревая о том, что она всего лишь похожа на книгу, а к животворной литературе никакого отношения не имеет. (36) И таких читателей становится всё больше. 
 (37) Но неужели всё так безнадёжно? (38) Неужели читателю, любящему живую книгу, остаётся утешаться нетленной классикой? (39) К счастью, нет. (40) Поразительная закономерность. (41) Живая книга чудом пробивается к читателю. (42) И диктат рынка ей не слишком большая помеха. 
 (По В. Иванову) 
"
159,"Текст Ивановой А. 
 (1)В последние несколько лет к обычным страхам родителей прибавился ещё один. (2)Всё чаще подростки пугают нас пристрастием к виртуальному общению. (3)Вот примеры жалоб. 
 «(4)Детей не оттащишь от компьютера. (5)Сидят сутками. (б)Какие-то аськи, агенты, чаты, форумы...» 
 «(7)Я не понимаю, какое может быть от этого удовольствие. (8)Но сын сидит у монитора, смеётся чему-то, а то и кулаком по столу бьёт. (9)Мне кажется, он сходит с ума — разговаривает сам с собой». 
 «(10)Раньше играл в видеоигры, это отнимало много времени, уроки забросил, а теперь вообще из рук вон — будто его нет дома. (И)Целыми днями в Сети, говорит, у них там тусовка...» 
 (12)Примерно так начинается разговор обеспокоенных родителей с педагогами и психологами. (13)Потом выясняются детали: вместе с увлечением компьютерными разговорами стала падать успеваемость, ребёнок всё время проводит дома, сидит и смотрит в экран. (14)Уроки подросток не делает, по дому не помогает, на улицу не ходит, спортом не занимается. 
 (15)Вместо разговоров по телефону и прогулок допоздна всё чаще дети общаются друг с другом через Интернет. (16)Вообще-то и раньше мы подобные жалобы слышали, только зло исходило тогда не от компьютера, а от телефона или телевизора. (17)Теперешние «компьютерные» дети — потомки своих «телевизионных» родителей. 
 (18)Как решалась эта проблема, когда сегодняшние родители были подростками? (19)Скорее всего, они из неё просто выросли... (20)Мне могут возразить, что не все же просиживали бесконечные часы у телеэкрана; кто-то уже в юности чётко знал, чем будет заниматься в жизни. (21)Многие рано стали ответственными, потому что у кого-то были младшие братья и сестры, на кого-то подействовал пример ответственных взрослых, а кто-то — неизвестно как и почему. (22)И хотя родители всерьёз опасались за их будущее, они стали вполне самостоятельными людьми, с разными профессиями и судьбами, у многих семьи... 
 (23)К чему я всё это говорю? (24)К тому, что вот телевидение оказалось не опасным само по себе. (25)Как ни обидно кому-то сознавать собственную «отсталость», придётся смириться с тем, что Интернет стал частью нашей жизни и уже никуда не денется. (26)Умение ориентироваться в нём и использовать его возможности становится условием успешной жизни во многих смыслах. (27)Из неограниченного источника информации он превратился также в торговую сеть, способ общения, средство образования... (28)То ли ещё будет. 
 (29)Нам стоит поучиться у детей. (ЗО)Мне тоже в своё время пришлось пройти через период раздражения и недовольства. (31)А сейчас с помощью сына стала неплохо ориентироваться в виртуальном пространстве. (32)Бывает, тоже «не оттащишь»... 
 (33)Времяпрепровождение в он-лайне вполне допустимо для подростков. (34)Скорее всего, это невредное увлечение лежит в пределах возрастной нормы. (35)Хотя в отдельных случаях необходимо провести анализ ситуации. 
 (36)Если виртуальное общение стало всепоглощающей страстью, подросток замкнулся или стал агрессивен, обеднел его словарный запас или есть другие волнующие вас симптомы, нельзя откладывать визит к специалисту. (37)Только важно учесть: борьбу надо будет вести не с компьютером, а с причинами, породившими зависимость. 
 (По А. Ивановой*)  
 *Александра Георгиевна Иванова — семейный психолог. 
 Основные проблемы: 
 1. Проблема увлечения подростков виртуальным общением. (Как нужно относиться к увлечению подростков общением в Сети?) 
 2. Проблема взаимопонимания родителей и детей. (Как родителям и детям достичь взаимопонимания в вопросах увлечений?)	 
 3. Проблема использования Интернета. (Полезен или вреден Интернет?) 
 Авторская позиция:  
 1. Увлечение подростков виртуальным общением должно вызывать опасение взрослых только в том случае, если оно стало всепоглощающей страстью, но в этом случае бороться нужно не с компьютером, а с причинами, породившими зависимость. 
 2. Чтобы лучше понимать своих детей-подростков, родители должны помнить о том, что сами переживали периоды увлечения техническими новинками, и стараться научиться у детей более уверенно обращаться с современной техникой. 
 3. Интернет предоставляет людям большие возможности, и умение их использовать сегодня является условием достижения успеха. 
"
160,"Текст Иванушкина А. 
 (1)Настоящий, огромный, дикий лес не пустит в себя человека суетливого, человека самонадеянного. (2)Такому в нём страшно. (3)Такой в нём беспомощен. (4)Если не способен разбить изнутри обросшую липким мусором окостеневшую скорлупу повседневности, то не входи в лес. (5)Иначе нарушишь его строгую чистоту. (6)Иначе он тебя напугает и накажет... 
 (7)Лес был стар, его было много. (8)И он был обречен. (9)Неумолимое надвигалось с юга, поглощало массив за массивом, переваривало с грохотом и треском, перерабатывало с копотью и вонью.  (10)Болезнь началась давно, и была она уже неизлечима. (11)И называлась эта болезнь - человек... 
 (12)Отпросившись на два дня у бригадира, однажды утром, Васечка неспешно устремился по тракторному следу, единственному ориентиру в хаосе леса.
(13)В лесу Васечка работал. (14)За месяц он изучил свои полтора квадратных километра до навязчивых снов, теперь же он шёл по незнакомому лесу, впервые обращая на него отвлечённое внимание. (15)Васечка стоял прислушиваясь, в том месте, где тракторный след уходил в изумрудный сумрак леса. (16)На опушке и вдоль дороги, благодаря отсутствию тени, вызрела плантация первой в этом году земляники. (17)Настоящий, без привкуса консервантов и пищевых заменителей, аромат лесной ягоды стал для него откровением; Васечка присел на корточки и принялся набивать рот. (18)Остановился он только тогда, когда почувствовал, что мир вокруг изменился. (19)Солнце исчезло, все небо закрывали тяжёлые, тёмные тучи, а изумрудный сумрак превратился в чёрно-зеленый мрак. (20)Сразу же хлынул ливень, настолько плотный, что лес за водяной завесой отдалился и потерял очертания. 
 (21)Васечка бросился к мгновенно размокшему тракторному следу, который в один момент стал одной бесконечной, глубокой лужей. (22)Джинсы же после часа непрерывной ходьбы стали потихоньку расползаться на сгибах. (23)Но неожиданно след вдруг просто исчез. (24)Вокруг стоял дикий лес. (25)Шуршал дождь. (26) С каждой минутой становилось темнее. (27)Васечка сел на землю и заплакал. (28)Выходил он вчера по последнему, свежему следу, но ливень все следы сделал последними. (29)В отчаянной попытке вернуться к спасительной луже он побежал, натыкаясь на деревья, падая, и не переставая плакать... 
 (30)Лесной бог его хранил. (31)Васечка, исцарапанный, мокрый, отчаявшийся неожиданно выскочил на открытое место. (32)В десяти шагах от него, в глубоких сумерках, чернела покосившаяся времянка. (33)Дверь висела на одной петле, стёкол в узких окнах не было, но внутри было сухо. (34)Благословенный этот человек оставил после себя голый топчан, неразрушенную печь с запасом дров, а самое главное, подвешенный к потолку мешок окаменевшей муки и три коробки спичек на косой полочке. (35) Васечка высох, согрелся и заснул на голых досках, под гудение дымохода и шум дождя. 
 (36)Васечка крошил муку, размачивал и пек на плите грязные, пресные блины. (37)Каждый день он выходил на поиски утраченного тракторного следа, затем возвращался той же дорогой к своему убежищу. (38)Лес перестал пугать и водить за нос, каждый распадок, каждый холмик, имел свое лицо, а множество звериных троп помогало путешествовать. (39)И однажды, Васечка попал на участок: едва намеченные коротенькие тропинки, во множестве вьющиеся между деревьями, сливались в одну, прямую, торную тропу, которая быстро вывела к людям…  
 (40)Сидя на вокзале в ожидании поезда Васечка думал, что обязательно ещё вернется на ту, драгоценную сопочку. (41)И не только. (42)Он ещё побывает во множестве интереснейших мест, а жизнь его будет наполнена значительными и необыкновенными событиями.  
 (43)Васечка уехал, а лес остался. (44)Бескорыстно дающий. (45)Слепо дарящий. (46)Но увы, не способный изменить порядок вещей. 
 (По А. Иванушкину*) 
 *Александр Иванушкин (род. 1967) – современный прозаик, публицист.  
"
161,"Текст Измайлова П. 
 (1)«Отправь голову в отпуск!»  –  такой призыв сплошь и рядом украшает сегодня столичное метро и пригородные электрички, страницы самых популярных газет и журналов и улицы крупнейших городов страны, звучит по радио  и на ТВ... (2)Только не подумайте, что эта  «беспрецедентная рекламная кампания» направлена на раскрутку высокоградусных напитков.  (3)Всё гораздо возвышеннее:  «новый формат периодики покоряет Россию»!   
 (4)Теперь благодаря некоему российскому издательству любой обладатель  15 рублей запросто окунётся в мир чувств, спектр которых достаточно широк.   (5)Например,  книжная серия  «Виражи любви»  «вскружит Вам голову изощрёнными сюжетными интригами, причудливым переплетением неожиданных поворотов судьбы, расставаний и встреч, переживаний и настоящих чувств, для которых не бывает непреодолимых преград ...». (6)Причём новый  «бурный роман» обещан читателям еженедельно, и уже есть первые три выпуска    –   «Звёздное кружево»,   «Убиться веником» и  «Бриллианты из морозилки ». (7)Лично меня привлекло название No2: есть в нём некая простота  – и в то же время тайна ...   (8)Правда, аннотация разочаровала :   «(9)Убиться веником    –   что это? (10)Любимое выражение героини или коктейль со свекольным соком? (11)Для того чтобы понять, о чём идёт речь, не обязательно иметь большой опыт общения по Интернету.  (12)Умные люди считают, что настоящей любви в чате не место.  (13)Какая любовь , если ни разу не видел предмет своей страсти?  (14)Только голос и буквы на мониторе...  (15)Именно в такой ситуации оказались герои этой истории».  
 (16) Да и к чему эти виртуальные надрывы,  если имеется специальная серия «Дыхание страсти», посвящённая вполне земным радостям. (17) Главное  – во время чтения «не сбейтесь с ритма!»  (18)(Издательство предупреждает !).  (19)«У Мэтта Дэвидсона и Джилли Тэйлор много общего: они не просто долго работают в одной рекламной фирме, они оба инициативны,  напористы и энергичны.  (20)Босс сталкивает их лбами, и они становятся соперниками.   (21)Но постепенно враждебность уступает место чему-то иному...  (22)И пока Мэтт и Джилли пытаются добиться победы друг над другом в карьерной борьбе,  одновременно они воюют сами с собой . (23)Однако в какой-то момент они понимают, что не могут больше думать о работе...»  (24)Наверное, воистину гамлетовский выбор  «между карьерой и чувствами»  персонажей  «Соперников»  кого-то действительно собьёт с ритма и даже выбьет из привычной жизненной колеи, но у меня возникло стойкое ощущение скуки.  (25) И уже не захотелось ни  «Дороги домой»,  ни «Готики»,  ни  «По ту сторону»  –  так называются другие серии,  предлагаемые издательством. (26)Даже по  15 рублей за книгоштуку.   
 (27)Охотно верю , что еженедельными темпами издатели добьются своей цели и скоро их мини-романы отправят в отпуск сотни, тысячи, десятки тысяч российских головушек.  (28)Вот только слово  «отпуск»  не совсем точное: привыкание к подобному чтиву чревато более длительными последствиями, и головам грозит не отпуск, а пенсия.  (29)Причём по инвалидности. (30)Хотя издательство об этом не предупреждает: наверное, безголовая Россия его вполне устроит. (31)А вас,  читатель?   
 (По П. Измайлову*)  
 *Пётр Андреевич Измайлов  – современный писатель-публицист. 
 Информация о тексте 
 
"
162,"Текст Ильина И. 
 (1)О  несправедливости говорят и пишут с древних времён — возможно, с тех пор, как человечество вообще научилось говорить и писать. (2)Что же такое несправедливость — всё ещё не ясно. 
  (3)Очень непросто прийти к согласию в этом вопросе, поскольку в данном случае спор ведётся с достаточной долей заинтересованности. (4)Каждый хочет, чтобы с ним обошлись «справедливо», и жалуется на «несправедливость», однако пытается так истолковать ситуацию, чтобы сразу же стала очевидной несправедливость по отношению к нему. (5)И каждый обладает достаточным самомнением, чтобы судить «справедливо» об отношении к другим людям, и совсем не замечает, что другие возмущаются его мнимой «справедливостью». (6)Так проблема искажается страстями и окутывается предрассудками. (7)Целые поколения застревают в этих предрассудках, и замечаешь порой, как само слово «справедливость» вызывает язвительную улыбку. 
 (8)От предыдущих поколений человечеству досталось по наследству убеждение, будто люди от рождения равны и вследствие этого с ними надо обходиться одинаково. (9)Однако сущность справедливости состоит как раз в неодинаковом обхождении с неодинаковыми людьми. 
 (10)Если бы люди были действительно равны, жизнь была бы предельно простой и справедливость было бы чрезвычайно легко найти. (11)Стоило бы только сказать: одинаковым людям — одинаковую долю или всем всего поровну. (12)Тогда справедливость можно было бы обосновывать арифметически и создавать механически; и все были бы довольны, потому что люди стали бы не чем иным, как одинаковыми атомами, своего рода всюду катящимися механическими шариками, которые были бы похожи внешне и имели бы внутренне одинаковый душевный склад. (13)Как наивно, как просто, как мелко! 
 (14)На самом же деле люди не равны ни телом, ни душою, ни духом. (15)Они родятся существами различного пола, с различным здоровьем и силой, с совершенно различными предрасположенностями, дарами, инстинктами и желаниями, они принадлежат к различному духовному уровню, и с ними (в силу справедливости!) надо обходиться различно. (16)В этом заключается основа и главная трудность справедливости: людей — бесконечное множество; все они различны; как сделать, чтобы каждый получил согласно справедливости? (17)Если люди неодинаковы, значит, и обходиться с ними надо каждый раз согласно их живому своеобразию. (18)Иначе возникает несправедливость. 
 (19)Таким образом, справедливость означает именно неравенство: беречь ребёнка, помогать слабому, снисходить к уставшему, ухаживать за больным; проявлять больше строгости к безвольному, больше доверия честному, больше осторожности к болтуну; герою оказывать почести. 
 (20)Справедливость поэтому — искусство неравенства, и она присуща лишь благородным душам. (21) У неё обострённое чувство реальности; проистекающая от доброго сердца и живой наблюдательности, она отвергает механический подход к людям. (22)Она хочет индивидуально подойти к каждому случаю, располагая человека к состраданию. (23)Она старается уловить в человеке его сущность и своеобразие и соответственно этому обходиться с ним. 
 (По И. Ильину*) 
 *Иван Александрович Ильин (1882—1954) — известный русский философ, литературный критик, публицист.   
"
163,"Текст Ильина И. 
  (1)Нет сомнения — человечество найдёт пути, ведущие к обновлению, углублению и окрылению своей культуры. (2)Но для этого оно должно научиться благодарности, чтобы строить на ней свою духовную жизнь. 
 (3)Современное человечество не ценит того, что ему даётся; не видит своего естественного и духовного богатства; не извлекает из своего внутреннего мира того, что в нём заложено. (4)0но ценит не внутреннюю силу духа, а внешнюю власть — техническую и государственную. (5)Оно хочет не творить, создавать и совершенствовать, а владеть. (6)Распоряжаться и наслаждаться. (7)И поэтому ему всегда мало и всего мало: оно вечно считает свои «убытки» и ропщет. (8)Оно одержимо жадностью и завистью и о благодарности не знает ничего. 
 (9)И вот каждый из нас должен прежде всего научиться благодарности. 
 (10)Стоит вам только раскрыть наше духовное око и присмотреться к жизни — и мы увидим, что каждое мгновение как бы испытывает нас, созрели ли мы для благодарности и умеем ли мы благодарить. (11)И тот, кто выдерживает это испытание, оказывается человеком будущего: он призван творить новый мир и его культуру, он уже носит их в себе. (12)Он творческий человек; а тот, кто не выдерживает этого испытания, одержим духовной слепотою и завистью, он носит в себе разложение гибнущей культуры, он человек отживающего прошлого. (13)Вот критерий духовности, вот закон и мера, о которых мало кто думает, но по которым необходимо различать людей. 
  (14)Что такое благодарность? (15)Это ответ живого, любящего сердца на оказанное ему благодеяние. (16)Оно отвечает любовью на любовь, радостью на доброту, излучением на свет и тепло, верным служением на дарованную благодать. (17)Благодарность не нуждается в словесных изъявлениях, и иногда бывает лучше, чтобы человек переживал и проявлял её бессловесно. (18)Благодарность не есть и простое признание чужого благодеяния, ибо озлобленное сердце сопровождает такое признание чувством обиды, унижения или даже жаждою мести. (19)Нет, настоящая благодарность есть радость и любовь и в дальнейшем — потребность ответить добром на добро. (20)Эта радость вспыхивает сама, свободно и ведёт за собою любовь — свободную, искреннюю. (21)Дар есть зов, взывающий к доброму ответу. (22)Дар есть луч, требующий ответного излучения. (23)Он обращается сразу и к сердцу, и к воле. (24)Воля принимает решения; она желает ответить и начинает действовать; и это действие обновляет жизнь любовью и добротою. 
 (25)Так благодарность очищает душу от зависти и ненависти. (26)И будущее человечества принадлежит именно благодарным сердцам. 
 (По И. Ильину*) 
 *Иван Александрович Ильин (1882—1954) — известный русский философ, литературный критик, публицист.   
"
164,"Текст Ильина И. 
 (1)Природа никогда не создаёт шума. (2)Она учит человека величию в тишине. (3)Молчит солнце. (4)Беззвучно разворачивается перед нами звёздное небо. (5)Мало и редко слышим мы что-либо из «сердцевины земли». (6)Милостиво и блаженно покоятся царственные горы. (7)Даже море способно к «глубокой тишине». (8)Самое великое в природе, то, что определяет и решает как таковую нашу судьбу, происходит бесшумно... 
 (9)А человек шумит. (10)0н шумит спозаранку и допоздна, преднамеренно и непреднамеренно, работая и развлекаясь. (11)И этот шум никак не соотносится с достигаемым благодаря ему результатом. (12)Так и хочется сказать, что шум составляет «привилегию» человека в мире, ибо всё, что природа даёт нашему слуху, — это таинственный и многозначительный звук, а не назойливый и пустой шум. (13)Поражённые и захваченные, стоим мы, когда свой голос поднимает гром, вулкан или ураган, и внимаем этому голосу, который вознамерился сказать нам нечто величественное. (14)Рокот Рейнского водопада или моря, обвалы горной лавины, шёпот леса, журчанье ручья, пение соловья мы слышим не как шум, а как речь или песню родственных нам, но таинственных сил. (15)Грохот трамваев, треск и шипение фабрик, рёв мотоциклов, визг тормозящих автомобилей, хлопанье кнута, отбивание косы, резкие звуки мусорных машин и, ах, так часто... рёв радио — это шум, докучливый шум, так ничтожно мало значащий в духовном смысле. (16)Шум присутствует везде, где звук мало значит или вовсе ничего не значит, где громыхание, свистение, жужжание, гудение, рёв, проникая в человека, мало что дают ему. (17)Шум — дерзкий и разочаровывающий, кичливый и пустой, самоуверенный и поверхностный, беспощадный и лживый. (18)Можно привыкнуть к шуму, но никогда нельзя им наслаждаться. (19)Он не таит в себе ничего духовного. (20)Он «говорит», не имея что сказать. (21)Поэтому всякое плохое искусство, всякая глупая речь, всякая пустая книга — шум. 
 (22)При этом шум возникает из духовного «ничто» и растворяется в духовном «ничто». (23)Он выманивает человека из его духовного убежища, из его сосредоточенности, раздражает его, связывает, так что тот живёт уже не духовной, а исключительно внешней жизнью. (24)Говоря языком современной психологии, он прививает человеку «экстравертную установку», ничем не возмещая ему это. (25)Примерно так: «Приветствую тебя, человек!.. (26)Послушай-ка! (27)Впрочем, мне нечего тебе сказать!..» 
 (28)И снова... (29)И снова... (30)Бедный человек подвергается нападкам и даже не может отразить нападающего: «Если тебе нечего сказать, оставь меня в покое». (31)И чем больше человек захвачен шумом, тем привычнее для его души внимание к чисто внешнему. (32)Благодаря шуму внешний мир делается значимым. (33)Он оглушает человека, поглощает его. (34)Шум, так сказать, «ослепляет» восприятие, и человек становится духовно «глух». 
 (35)Шум перекрывает всё: во внешнем — пение мира, откровение природы, вдохновение от космического безмолвия. (36)Во внутреннем — возникновение слова, рождение мелодии, отдохновение души, покой разума. (37)Потому что воистину, где нет тишины, там нет покоя. (38)Где шумит ничтожное, там смолкает Вечное. 
  (39)Робка также и муза. (40)Как легко спугнуть её шумом!.. (41)Нежна её сущность, голос её нежен. (42)А шум — дерзкий парень. (43)Ничего не знает этот грубиян о таинственной изначальной мелодии, которая поднимается из колодца души, иногда вопрошая, иногда взывая, иногда вздыхая. (44)Он вытесняет эту мелодию из земной жизни и земной музыки... 
  (45)От этого бедствия я не знаю утешения. (46)Есть только одно: побороть шум... 
 (По И. Ильину*) 
 *Иван Александрович Ильин (1882—1954) —  известный русский философ, правовед, литературный критик, публицист.  
"
165,"Текст Искандера Ф. 
 (1) Главным и неизменным признаком удачи художественного произведения является желание вернуться к нему, перечитать его и повторить наслаждение. (2) В силу жизненных обстоятельств мы можем и не вернуться к любимому произведению, но сама надежда, мечта вернуться к нему греет сердце, придает жизненные силы. 
 (3) Насколько легко ограбить, обмануть культурного человека в жизни, настолько трудней его ограбить в духовном отношении. (4) Потеряв многое, почти все, культурный человек, по сравнению с обычным, крепче в сопротивлении жизненным обстоятельствам. (5) Богатства его хранятся не в кубышке, а в банке мирового духа. (6) И многое потеряв, он может сказать себе и говорит себе: я ведь еще могу слушать Бетховена, перечитать «Казаков» и «Войну и мир» Толстого. (7) Далеко не все потеряно. 
 (8) Чтение Достоевского в юности производило потрясающее впечатление. (9) Я до сих пор уверен, что человек, прочитавший «Преступление и наказание», гораздо менее способен убить другого человека, чем человек, не читавший этого романа. (10)   И дело не в том, что Достоевский говорит о справедливой наказуемости преступления.  
 (11) Дело в том, что Достоевский в этом романе разворачивает перед нашими глазами грандиозную психическую сложность человека. (12) Чем отчетливее мы понимаем психическую сложность живого существа, тем трудней его уничтожить. 
 (13) Нормальный человек может срубить дерево, некоторым образом чувствуя жалость к нему, с еще большим чувством жалости, но,  преодолевая его, он может зарезать животное, чтоб воспользоваться его мясом, но перед убийством человека для нормального человека встает невидимая, но хорошо ощущаемая стена. (14) И эта стена — сама психическая сложность человека. Человек слишком сложен, чтобы убивать его. Убивая человека, ты слишком многое убиваешь заодно с ним, и прежде всего свою ушу.  
 (Ф. Искандер) 
"
166,"Текст Мамина-Сибиряка Д. 
 (1)...Его звали Костей. (2) Я не помню, чтобы этот мой первый друг хотя бы когда-нибудь рассердился, – он вечно был весел и всегда улыбался. (3) Милый Костя! (4) Его давно нет на свете, и я вспоминаю о нём с особенной любовью, как о родном и таком близком человеке, которого не можешь отделить от самого себя.  
 (5) В детской дружбе заложена какая-то таинственная сила, которая проходит через всю остальную жизнь. (6) Те, кого мы любили в детстве, служат точно путеводными маяками для остального жизненного пути. (7) Моя встреча с Костей окрасила не только мое детство, но и юность дорогими впечатлениями и первым дорогим опытом. (8) С ним вместе мы начали самостоятельную жизнь… (9) Вместе с Костей же явилась и новая книга.  
 (10) – У меня отец всё романы читает, – рассказывал Костя, коверкая ударение. – (11) И чем страшнее, тем лучше для него. (12) Хочешь, почитаем вместе? (13) Есть «Черный ящик», «Таинственный монах», «Шапка юродивого, или Трилиственник». 
 (14) Я, конечно, согласился с величайшим удовольствием.  
 (15) Отец Кости имел привычку перечитывать свои любимые ""романы"" по нескольку раз, и книги имели очень подержанный вид, а некоторые листы были точно изжеваны теленком...    
 (16) – Люблю почитать романы, – говорил отец Кости. – (17) Только я по-своему читаю... (18) Меня, брат, никакой сочинитель не проведет. (19) Я сперва прочитаю конец романа, если все благополучно кончилось, ну, тогда я уж с начала за него примусь. (20) Учен я довольно... (21) Прежде, бывало, читаешь-читаешь, а до конца дочитал, – глядь, либо кого убили, либо кто умер. (22) Нет, покорно благодарю!.. (23) Я и без сочинителя знаю отлично, что все мы помрем. (24) Мало ли горя кругом, а тут ещё в книге его вычитывай...  
 (25) Его звали Романом Родионычем. (26) Это был человек маленького роста, с большой кудрявой головой. (27) Он тоже вечно улыбался, как и Костя, – это была фамильная черта. (28) Роман Родионыч был заводским служащим и занимал должность запасчика, то есть заведовал амбарами с хлебом, овсом и разными другими материалами, как сальные свечи, веревки, кожи и проч. (29) Наш завод хотя и был небольшой, но служащих было достаточно. (30) Они все были из крепостных и образование получили в заводской школе. (31) Дальнейшее образование шло «своим умом» и почерпалось главным образом из случайно попадавшихся под руки книг.  
 (32) Мы сейчас слишком привыкли к книге, чтобы хотя приблизительно оценить ту громадную силу, которую она представляет. (33) Важнее всего то, что эта сила, в форме странствующей книги в коробке офени, сама приходила уже в то далекое время к читателю и, мало того, приводила за собой другие книги... (34) Я сравнил бы эти странствующие книги с перелётными птицами, которые приносят с собой духовную весну. (35) Можно подумать, что какая-то невидимая рука какого-то невидимого гения разносила эти книги по необъятному простору Руси, неустанно сея «разумное, доброе, вечное». (36) Да, сейчас легко устроить домашнюю библиотеку из лучших авторов, особенно благодаря иллюстрированным изданиям; но книга пробивала себе дорогу в самую глухую пору, в доброе старое время ассигнаций, сальных свечей и всякого движения родным «гужом"". (37) Здесь нельзя не помянуть добрым словом старинного офеню-книгоношу, который, как вода, проникал в каждую скважину. (38) Для нас, детей, его появление в доме являлось настоящим праздником. (39) Он же руководил и выбором книг и давал, в случае нужды, необходимые объяснения. 
 (40) Один из таких офеней лично мне невольно доставил большое огорчение. (41) Как все дети, я очень любил рисовать, а у него в коробе среди других сокровищ оказался атлас для самообучения рисованию. (42) Вся беда была в том, что он стоил целых два рубля, – сумма, по тогдашнему счету и по нашему бюджету, громадная… 
 (43)– Нет, не могу, – заявил отец. – (44) Если рубль, то еще можно, а двух рублей нет.  
(45) Я отлично понимал, что значит слово «нет», и не настаивал. (46) Так атлас и ушёл в коробе офени к другому, более счастливому покупателю, а мне его жаль даже сейчас. (47) Уж очень хотелось учиться рисовать, а учиться было не по чему. 
  (По Д. Мамину-Сибиряку*) 
 *Д. Мамин-Сибиряк (1852 – 1912) – русский прозаик и драматург. 
"
167,"Текст Искандера Ф. 
 (1)Поговорим о брезгливости. (2)Тема эта в сегодняшней России особенно актуальна. (3)Откуда она  вообще взялась? 
 (4)Брезгливость - плод цивилизации и культуры. (5)Это легко подтверждается на примере ребёнка. (б)Маленький ребёнок в состоянии полуразумности, как маленький дикарь, тянет в рот всё, что попадает ему под руку. (7)Позже, наученный окружающими людьми, он усваивает уровень брезгливости своего времени. 
 (8)Как наглядно, что физическая брезгливость человека развивается вместе с цивилизацией, и какая драма человечества, что нравственная брезгливость нисколько не развивается вместе с ней! (9)3десь чистое тянется к чистому, но и грязное тянется к чистому, чтобы запачкать его, чтобы почесаться о него, как свинья о дерево. 
 (10)Нравственная      брезгливость      связана с прирожденным нравственным слухом.  (11)Слух этот, если он есть, поддерживается культурой. 
 (12)Я предполагаю, что нравственная брезгливость в человеке развивалась вместе с религией и культурой. (13)Не обязаны ли мы более всего Евангелию за то отвращение, которое испытываем к предательству? (14)Образ Иуды стал нарицательным. (15)И хотя поток доносов достаточно мощен до сих пор, не был бы он ещё более мощным, если бы люди не содрогались, уподобляя себя Иуде? 
 (16) Настоящее художественное произведение не может обойтись без этического напряжения. (17)Читая настоящую литературу, мы не только наслаждаемся красотой, но и невольно развиваем в себе нравственные мускулы. (18)И в этом, грубо говоря, практическая польза культуры. 
 (19)Но культура таит в себе свою трагедию. (20)До тех, кому она нужнее всего, до широких народных масс, она доходит медленно, слишком медленно. (21)Культурой в основном пользуются культурные люди. (22)В этом её трагедия. 
 (23)Как её преодолеть - вопрос грандиозной сложности, который должно пытаться разрешить общество в целом и государство. (24)Техническое развитие человеческого ума вырвалось вперёд, оторвалось от культуры и грозит человечеству гибелью то ли от рук террористов, то ли от рук безумного диктатора, овладевшего атомным оружием. (25)То ли просто от нового варварства вседозволенности псевдокультуры, которой народ пичкают глупые книги и средства массовой информации и которую народ активно поглощает и потому, что она примитивная, и потому, что она поощряет низменные человеческие инстинкты. (26)Проявляя нравственную брезгливость, мы должны уже сегодня с этой псевдокультурой бороться беспощадно. 
 (По Ф. Искандеру) 
"
168,"Текст Искадера Ф. 
 (1)Сейчас, где бы я ни жил, у меня нет и в помине той жаркой радостной тяги в город, которая была в юности. (2)Наоборот, я всё чаще и чаще чувствую, что мне не хватает дедушкиного дома. 
 (3)Может быть, потому, что дедушкиного дома уже нет — старые умерли, а молодые переехали в город или поближе к нему. (4)А когда он был, всё не хватало времени бывать там чаще, я его всё оставлял про запас. (5)И вот теперь там никого нет, и мне кажется, что я ограблен, что какой-то мой главный корень обрублен. 
 (6)Даже если я там бывал редко, самой своей жизнью, своим очажным дымом, доброй тенью своих деревьев он помогал мне издали, делал меня смелей и уверенней в себе. (7)Я был почти неуязвим, потому что часть моей жизни, моё начало шумело и жило в горах. (8)Когда человек ощущает своё начало и своё продолжение, он щедрей и правильней располагает своей жизнью и его трудней ограбить, потому что он не все свои богатства держит при себе. 
 (9) Мне не хватает дедушкиного дома с его большим зелёным двором, со старой яблоней  (обнимая её ствол, лезла к вершине могучая виноградная лоза), с зелёным шатром грецкого ореха. 
 (10)Сколько недозрелых яблок посбивали мы с нашей старой  яблони, сколько недозрелых орехов, покрытых толстой зеленой кожурой с еще нежной скорлупой, с ещё не загустевшим ядрышком внутри! 
 (11)Мне не хватает просторной кухни в дедушкином доме с   земляным полом, с большим жарким очагом, с длинной тяжёлой скамьей, стоящей у очага. (12)На ней мы сидели по вечерами и слушали бесконечные охотничьи истории или рассказы о разрытых кладах в старых крепостях. 
 (13)Мне не хватает вечерней переклички женщин с холма на холм, или с котловины в гору, или с горы в ложбину. 
 (14)Как одинок, как чист женский голос в холодеющем  вечернем воздухе!  
 (15)Я всё чаще и чаще чувствую, как мне не хватает дедушкиного дома.   (По Ф. Искандеру)  
 Основные проблемы: 
 1) проблема памяти о родине, о родном доме (надо ли человеку помнить о тех местах, где он родился и вырос? Зачем? Как меняется это чувство с годами?); 
 2) проблема памяти о детстве (что даёт человеку память о детских годах?). 
 Авторская позиция. 
 1. Когда человек помнит о тех местах, где началась его жизнь, он правильнее живёт и чувствует себя менее уязвимым, как будто сам дом помогает человеку; чувство тоски по родному дому с годами становится сильнее; родной дом как главный корень, питающий человека всю жизнь. 
 2.  Детские впечатления, память о тех людях, которые были рядом с тобой в детстве, делают человека увереннее, помогают ему сохранить свою душу.   "
169,"Текст Искандера Ф. 
 (1)Шестидесятипятилетнего Георгия Андреевича, известного физика-ядерщика, лауреата нескольких международных премий, беспокоило, что младший сын увлекается спортом и почти ничего не читает. (2)Неужели это свойство поколения, неужели книга перестала быть тем, чем она уже была в России в течение двух столетий для образованных людей? (3)Не может быть, чтобы книга, самый уютный, самый удобный способ общения с мыслителем и художником, ушла из жизни! 
 (4)Он сам стал читать двенадцатилетнему сыну. (5)Но сын не улавливал того очаровательного перемигивания многих смыслов, которое дает настоящий художественный текст и в который автор вовлекает благодарного читателя. (6)Неужели телевизор и компьютерные игры победили? (7) И нельзя же все время читать ему вслух. (8)Георгия Андреевича в этом возрасте невозможно было оторвать от книги! (9)Более того, он был уверен, что его успехи в физике каким-то таинственным образом связаны с прочитанными и любимыми книгами. (10)Занимаясь физикой, он заряжал себя азартом вдохновения, который охватывал его при чтении. (11)А ведь счастье этого состояния он испытал до физики. (12)Книга была первична. 
 (13)Нет, надо приучить сына читать самостоятельно. (14)Но сын этого не хотел, морщился, пытался любым способом увильнуть от постылой обязанности. 
 (15)На даче отец с сыном играли в бадминтон. (16) Из-за язвительных насмешек постоянно выигрывавшего сына отец вдруг понял, что он, хотя и физик высокого класса, никаким авторитетом у сына не пользуется. (17)Нужно завоевать авторитет. (18)Но как это сделать? 
 (19) Спорт — единственное, что увлекает мальчика кроме телевизора и компьютерных игр.(20) Он должен через спорт завоевать авторитет у сына. (21)Он должен переиграть его в бадминтон. 
 (22)На следующий день, когда сын предложил поиграть, отец сказал ему: 
 — (23)Если я у тебя выиграю, будешь два часа читать книгу! 
 — (24)Ты у меня выиграешь... — презрительно ответил сын. — (25) Папа, у тебя крыша поехала! 
 — (26)Но ты согласен на условия? 
 — (27)Конечно! 
 (28)Отец, решив во что бы то ни стало выиграть у сына, внутренне сосредоточился, напружинился, хотя внешне держался равнодушно. 
 ...(29)То и дело слышалось шлепанье ракеткой по волану. (30)Хотя Георгий Андреевич весь был сосредоточен на игре, в голове его мелькали мысли, никакого отношения к игре не имеющие. 
 ...(31)Если бы Пушкин прожил ещё хотя бы десять лет, вероятно, история России могла быть совершенно другой... (32)Удар! 
 ...(33)Вся русская культура расположена между двумя фразами: пушкинской: подите прочь, какое дело поэту мирному до вас! (34) И толстовской: не могу молчать! … (35)Удар! 
 ...(36)Задыхаюсь! (37)Задыхаюсь! (38)Нельзя было почти всю жизнь работать по четырнадцать часов!...(39)Удар! 
 ...(40)Выражение «тихий Дон», кажется, впервые упоминается у Пушкина в «Кавказском пленнике»... (41)Если бы не перечитывал сыну, никогда бы не вспомнил... (42)Удар! 
 ...(43)Если предстоит конец книжной цивилизации, это удесятерит агрессивность человечества. (44)Ничто не может заменить натурального Толстого и натурального Шекспира... (45)Удар! 
 (46)Сын, не замечая необычайной сосредоточенности отца, пропустил достаточно много ударов, уверенный, что отец случайно вырвался вперёд. (47)Но при счёте десять — пять в пользу отца (а играть решили до двадцати одного очка) он как бы очнулся. 
 (48)Шквал сильных ударов посыпался на отца. (49)Но почти все удары, сам удивляясь себе, отец изворачивался брать и посылать обратно. (50)Он дотягивался до очень трудных подач и отбивал их, замечая в глазах у сына как бы комически-заторможенное уважение. (51)Однако сын порядочно загнал его своими подачами. (52) Сердце колотилось во всю грудную клетку, он был весь мокрый от пота.(53) Но чем трудней ему было, с тем большей самоотдачей он шел к победе. (54)В каждый удар он вкладывал все силы, как будто удар этот был последним и самым решительным. 
 (55)Игра приближалась к победному концу, и сын стал нервничать. 
 — (56)Эта ракетка соскальзывает с руки, — крикнул он, — я пойду возьму запасную. 
 (57)И побежал домой. (58)Отцу показалось, что эта передышка в две-три минуты спасла его. (59)Сейчас, когда игра остановилась и он осознал свою усталость, он чуть не отдал концы от пережитого напряжения. 
 (60)Отец слегка отдышался. (61)Сын прибежал с новой ракеткой, и они продолжили игру. (62)И хотя эта ракетка была ничуть не лучше прежней, сын стал бить по волану с такой размашистой силой, словно стремился не просто выиграть у отца, а вытолкнуть его из жизни. 
 (63) Сын опять загнал отца, но вдруг споткнулся, наступив на шнурок незавязанного кеда. 
 (64)Он занялся своими шнурками, а отец в это время старался отдышаться, иначе от переутомления он сам мог грохнуться. 
 (65)Через минуту отец выиграл, на два очка опередив сына, и вдруг почувствовал всем своим существом, что сын проникся к нему уважением. 
 (66)После обеда мальчик послушно пошел читать в свою комнату... 
 (По Ф.Искандеру) 
"
170,"Текст Искандера Ф. 
 (1)В каком соотношении между собой чувство жалости и чувство справедливости? 
 (2)Жалость выше справедливости, но справедливость долговечней. (3) Вспоминая момент проявления жалости к человеку с некоторого временного расстояния, мы можем осознать, что, пожалуй, переборщили. (4) Этот человек был недостоин этой степени жалости. (5) Но, вспоминая справедливое решение по отношению к человеку, мы не можем себе сказать, что переборщили по части справедливости. 
 (6) Жалость, я уверен, не объяснима никакими рациональными соображениями, она идет к человеку сверху, от Бога. (7) Однако почти всякий человек иногда мучительно вспоминает случаи из своей жизни, где должен был проявить жалость, но не проявил. (8)  Думаю,  сигналы  сверху  были,  но  мы сами  в  то  время  были  нас только  «расчеловечены», что не могли их принять. (9) Однако человек нравственно не тупой сохраняет этическую память и, восстанавливая картину своего равнодушия, мучается, кается и тем самым прочищает приемник своей души. 
 (10)Чувство справедливости, можно сказать, более горизонтальное: пытаясь найти справедливое решение по отношению к человеку, мы как бы сравниваем одного с многими, мысленно перебегаем от этого человека к другим и от этих многих - как вывод - этому одному. 
 (11)Первоначальным  толчком  чувству  справедливости  может  быть  жалость  к человеку, но человек в сложных случаях жизни, отталкиваясь от жалости, может так запутаться  в  поисках  формулы  добра,  что  приходит  к  самым безжалостным  и несправедливым выводам. 
 (12)Таким был наш социализм на практике. (13) Можно со всей безусловностью утверждать,  что  первоначальным  толчком  всех  социалистических теорий  была жалость к обездоленному человеку, жалость к «униженным и оскорбленным».(14) Как же могло получиться, что учение, в основе которого лежала жалость к человеку, породило  самое  безжалостное  общество? (15)  И  стали  его  лозунгом  не  совсем случайные  слова  Горького:  жалость  унижает  человека.  (16)  Были  же  среди революционеров  искренние,  желающие добра  люди.  (17)  Неужели  они  не  видели  противоречия между объявленным идеалом этого государства - любви к народу - и самым  безжалостным  отношением  к  нему  в  жизни?  (18)  Безусловно,  видели,  но оправдывали. (19) Чем безупречней выполнение единого революционного долга, тем свободнее  чувствует  себя  революционер  от  какого-либо  долга перед  конкретными окружающими людьми, ведь он дальше других пошёл ради будущей справедливой жизни. (20) Так он компенсирует свое революционное усердие и порождает новые (временные!) угнетения на пути к окончательной справедливости.  
 (21) Из живого опыта жизни человек знает, что иногда к человеку надо проявить безжалостность  для  его  же  пользы.  (22)  Так,  безжалостен  учитель, оставляющий нерадивого  ученика  в  школе  после  занятий,  безжалостен  родитель,  наказывающий расшалившегося ребенка, безжалостен хирург, распарывающий живого человека. 
 (23)  Хитрый  механизм  приспособляемости  легко  затмевает  разум. (24) Революционер, благословляющий пролитие крови, охотно уподобляет себя хирургу, чаще всего забывая, что хирург проливает кровь человека для того, чтобы спасти именно этого человека. (25) А революционер проливает кровь этого человека, чтобы сохранить верность идее, правильность которой ничем не доказана. 
 (26) Произошла подмена жалости к человеку жалостью к сказке, понятой как новая истина. Платонов в «Чевенгуре» это замечательно описал. (27) Все коммунисты этого произведения  вполне  искренние  люди,  и  они бесконечно  теоретизируют  о справедливости и безжалостно убирают тех, кто, по их мнению, мешает устанавливать будущее царство справедливости.  
 (По Ф. Искандеру) 
"
171,"Текст Каверина В. 
  (1)С перебитой ногой я лежал у окна санитарного поезда спиной к движению. (2)Уходящая местность открывалась передо мной, и поэтому я увидел эти три танка, когда мы уже прошли мимо них. (3)Открыв люки, танкисты смотрели на нас. (4)Они были без шлемов, и мы приняли их за своих. (5)Потом люки закрылись, и это была последняя минута, когда ещё невозможно было предположить, что по санитарному эшелону, в котором находилось, вероятно, не меньше тысячи раненых, другие, здоровые люди могут стрелять из пушек. 
 (6)Но именно это и произошло. 
 (7)С железным скрежетом сдвинулись вагоны, меня подбросило, и я невольно застонал, навалившись на раненую ногу. (8)Мне видно было через окно, как первые раненые, выскочив из теплушек, бежали и падали, потому что танки стреляли по ним шрапнелью. 
 (9)Кое-как я сполз с койки, и толпа раненых вынесла меня на площадку. (10)Я лёг под вагон, беспомощный, томящийся от бешенства и боли.
(11)Кто-то крепко взял меня за руку. (12)Это была санитарка. 
 – (13)Я никуда не пойду! – сказал я. – (14)Оставьте меня! (15)У меня есть пистолет, и живым они меня не получат. 
 (16)Но две санитарки схватили меня, и мы втроём скатились под насыпь. (17)Ромашов мелькнул где-то впереди в эту минуту. 
 (18)Кое-как перебравшись через болото, мы залегли в маленькой осиновой роще: девушки, я, Ромашов и два легко раненных бойца, присоединившихся к нам по дороге. (19)Я послал этих бойцов в разведку, и, вернувшись, они доложили, что на разных направлениях стоят немцы. 
 – (20)Уйти, конечно, можно, но, поскольку капитан не может самостоятельно двигаться, лучше воспользоваться дрезиной. 
 (21)Дрезину они нашли под насыпью у разъезда. (22)Бойцы и санитарки ушли, чтобы поднять её и поставить на рельсы. 
 (23)Мы с Ромашовым остались одни в маленькой мокрой берёзовой роще. (24)Мне трудно рассказать о том, каким был этот день. (25)Мы ждали и ждали без конца. 
 (26)Уходя, санитарка сунула мне под голову свой заплечный мешок. (27)Очевидно, в мешке были сухари: что-то хрустнуло, когда я кулаком подбил мешок повыше. (28)Ромашов стал ныть, что он умирает от голода, но я прикрикнул на него, и он замолчал. 
 – (29)Они не вернутся, – нервно сказал он. –  (30)Они бросили нас. 
 (31)Вероятно, у меня было плохое настроение, потому что я вытащил пистолет и сказал Ромашову, что убью его, если он не перестанет ныть. (32)Он замолчал и, кажется, с трудом удержался, чтобы не заплакать. 
 (33)Плохо было дело! (34)Уже первые сумерки крадучись стали пробираться в рощу, а девушки не возвращались. (35)Разумеется, я и мысли не допускал, что они могли уехать на дрезине без нас, как это подло предполагал Ромашов. (36)Пока лучше было не думать, что они не вернутся. 
 (37)Лёжа на спине, я незаметно уснул. (38)Когда я открыл глаза, туман лениво бродил между деревьями. (39)Ромашов сидел поодаль в прежней сонно-равнодушной позе. (40)Всё, кажется, было, как прежде, но всё уже было совершенно другим. 
 (41)Он посмотрел на меня искоса, очень быстро, и я сразу понял, почему мне так неудобно лежать. (42)Он вытащил из-под моей головы мешок
с сухарями. (43)Кроме того, он вытащил флягу с водой и пистолет. 
 (44)Кровь бросилась мне в лицо. (45)Он вытащил пистолет! 
 – (46)Сейчас же верни оружие, болван! – сказал я спокойно. 
 – (47)Ты всё равно умрёшь, – сказал он торопливо. – (48)Тебе не нужно оружие. 
 – (49)Верни пистолет, если не хочешь попасть под полевой суд. (50)Понятно? 
 
 (53)Он уложил мешки и пошёл по направлению к болоту, и через пять минут среди далёких осин мелькала его сутулая фигура. 
 (54)Оставить меня одного, голодного и безоружного, тяжело раненного в лесу, в двух шагах от расположения немецкого десанта… (55)Он ушёл, что было равносильно убийству, а может быть, даже и хуже. 
 (По В.А. Каверину*) 
 * Вениамин Александрович Каверин (1902–1989) – русский советский писатель, драматург и сценарист. 
 
"
172,"Текст Каверина В. 
 (1) Накануне вечером комиссар вызвал Корнева и Тумика в свою каюту и заговорил об этой батарее, дальнобойной, которая обстреливала передний край и глубину и которая всем давно надоела.  
 — (2)Мы несём от неё немалые потери, — сказал он, — и, кроме того, она мешает одной задуманной операции. (3)Нужно эту батарею уничтожить.  
(4)Потом он спросил, что они думают о самопожертвовании, потому что иначе её нельзя уничтожить. (5)Он спросил не сразу, а начал с подвига двадцати восьми панфиловцев, которые отдали за Отчизну свои молодые жизни. (6)Теперь этот вопрос стоит перед ними — Корневым и Тумиком — как лучшими разведчиками, награждёнными орденами и медалями. 
 (7) Тумик первый сказал, что согласен. (8)Корнев тоже согласился, и решено было высадиться на берег в девять часов утра. (9)По ночам немцы пускали ракеты, хотя стоял декабрь и днём было так же темно, как и ночью. 
 (10)Времени вдруг оказалось много, и можно было полежать и подумать, тем более что это, наверно, уже в последний раз, а больше, пожалуй, не придётся. 
 (11)Тумик воевал уже полтора года и дважды был ранен. (12)Он участвовал в захвате знаменитой сопки «Колпак», когда восемьдесят моряков семь часов держались против двух батальонов, и боезапас кончился, и моряки стали отбиваться камнями. (13)Как вчера, он видел перед собой маленький дом, крыльцо с провалившейся ступенькой и отца в саду — коротко стриженного, седого, с худым носом и ещё такого стройного, ловкого, когда он быстро шёл навстречу гостям, опираясь на трость, в своей кубанке набекрень и со своими тремя орденами. 
 (14) Когда началась война, он прислал Тумику письмо: «Воюй и за себя, и за меня». 
 (15) Тут Тумик вспомнил всю свою жизнь, самое главное, самое интересное в жизни. (16)Отец — это был родной дом, детство и школа, девушка Шура — это была любовь, а Миша Рубин — друг, который всегда говорил, что, может быть, и есть на свете любовь, но верно то, что на свете есть настоящая дружба навеки. 
 (17) Они были с ним всю войну — отец, та девушка и Миша — и были теперь, когда он лежал на своей койке под иллюминатором и слышно было, как волна, плеща, набегает на борт. (18)Это была его Отчизна! 
 (19) И вдруг всё стало так ясно для него, что он даже присел на койке, обхватив руками колени. 
 — (20)Недаром же я жил на земле, — сказал он себе. 
 (21)Он видел, как при свете огарка Корнев пишет письмо, и ему хотелось сказать Корневу, что нет для них смерти и что для них пришла эта торжественная, последняя ночь, когда замер весь свет и только под лёгким ветром волна, плеща, набегает на борт. (22)Но он ничего не сказал. (23)У Корнева были жена и маленький сын. (24)Он писал им, и кто знает, о чём он думал сейчас, хмуря крупные чёрные брови… 
 25)Утром они с первого взгляда поняли, что нельзя заложить тол и уйти: батарея работала, и кругом было слишком много народу. (26)Можно было только сделать, как сказал комиссар: подорвать её и самим подорваться. (27)И это было легко: неподалёку от батареи штабелями лежали снаряды. 
 
 (31) У Корнева были жена и маленький сын…   
 (32) Они обнялись, поцеловались. (33)На прощание Тумик отдал Корневу свою фотографию, где был снят с автоматом, лёжа, прицеливаясь, — ребята говорили, что вышел отлично. (34)И Корнев ушёл. (35)Он был метрах в сорока от батареи, когда раздался взрыв и пламя метнулось до самого неба, осветив пустынный край — снег и тёмные ущелья между скал, диких скал Отчизны… 
 (По В. А. Каверину*) 
"
173,"Текст Казакова Ю. 
 (1)В тo лето я жил в маленьком северном городе. (2)Я снял комнату на окраине, в старом двухэтажном доме. (3)Хозяин мой, доктор, был вечно занятой молчаливый человек. (4)Он жил один и лечил детей. 
 (5)Однажды в доме появился ещё один обитатель. (6)Вот как это произошло. 
 (7)Возвращаясь как-то с дежурства, доктор увидел слепого пса. (8)С обрывком верёвки на шее он сидел, забившись между брёвнами, и дрожал. (9)Доктор и раньше несколько раз видел его. (10)Теперь доктор остановился, рассмотрел его во всех подробностях, почмокал губами, посвистал, потом взялся за верёвку и потащил слепого к себе домой. 
 (11)Дома доктор вымыл его тёплой водой с мылом и накормил. (12)По привычке пёс вздрагивал и поджимался во время еды. (13)Ел он жадно, спешил и давился. (14)Лоб и уши его были покрыты побелевшими рубцами. 
 – (15)Ну, теперь ступай! – сказал доктор, когда пёс наелся, и подтолкнул его с террасы. 
 (16)Пёс упёрся и задрожал. (17)Потом улёгся на террасе и задремал. 
 (18)Он был худ, рёбра выпирали, спина была острой, и лопатки стояли торчком. (19)Иногда он приоткрывал свои мёртвые глаза, настораживал уши и поводил головой, принюхиваясь. (20)Потом снова клал морду на лапы и закрывал глаза. 
 (21)А доктор растерянно рассматривал его, ёрзал в качалке и придумывал ему имя. (22)Как его назвать? 
 – (23)Арктур… – пробормотал доктор. 
 (24)Пёс шевельнул ушами и открыл глаза. 
 – (25)Арктур! Иди сюда, Арктур! – уже уверенно, властно и радостно позвал доктор. 
 (26)Пёс встал, подошёл и осторожно уткнулся носом в колени хозяину. (27)Доктор засмеялся и положил руку ему на голову. 
 (28)Так для слепого пса началась новая жизнь. 
 (29)Собаки бывают разные, как и люди. (30)Есть собаки нищие, побирушки, есть свободные и угрюмые бродяги, есть глупо-восторженные брехуны. (31)Есть унижающиеся, вымаливающие подачки, подползающие к любому, кто свистнет им. (32)Извивающиеся, виляющие хвостом, рабски умильные, они бросаются с паническим визгом прочь, если ударить их или даже просто замахнуться. 
 (33)Много я видел преданных собак, собак покорных, строптивых, гордецов, стоиков, подлиз, равнодушных, лукавых и пустых. (34)Арктур не был похож ни на одну собаку в мире. (35)Чувство его к своему хозяину было необыкновенным и возвышенным. (36)Он любил его страстно и поэтично, может быть, больше жизни. 
 (37)У хозяина бывало минутами плохое настроение, но чаще всего он был добр, и тогда Арктур изнывал от любви. (38)Когда же хозяин начинал толкать его, щекотать, гладить и смеяться прерывистым воркующим смехом, что это было за наслаждение! (39)Тело его обмякало и замирало, только громко и часто колотилось сердце. (40)Ему хотелось вскочить и помчаться, захлёбываясь радостным лаем. (41)Но он сдерживался. (42)Он был целомудрен и редко позволял себе раскрываться до конца. 
 (По Ю. Казакову*) 
 *Юрий Павлович Казаков (1927–1982) – русский советский писатель-прозаик."
174,"Текст Казначеева С. 
 (1)Идёшь по улице, и вдруг в глаза бросается яркая афиша: «Концерт Zемфиры». (2)Рядом кинотеатр приглашает тебя на просмотр новой ленты под названием «Шиzа». (З)Захочется перекусить, а на дверях ресторана красуется «Бiблiотека». (4)Придёшь домой, берёшь газету, глядь - на первой странице сообщение «Кур$ валют». (5)Включаешь телевизор, чтобы отвлечься, но и тут назойливо рекламируются охранные системы «Аllигатор». (6)В смятении подходишь к окну видишь на стене соседнего дома приглашение на «Ве4ер отдыха» и теперь только понимаешь, что тебя обложили со всех сторон. 
 (7)Обогащается или портится природная речь благодаря заимствованиям - вопрос непростой и неоднозначный. (8)Языковая стихия берет из окружающего мира всё, что ей потребно, и выбрасывает на берег лишнее. (9)Но когда сплошь и рядом в кириллические устоявшиеся написания внедряются латинские и иные графические символы, то это ведет не к обогащению языка, а к нарушению его функционирования, к размыванию веками устанавливавшихся норм. 
 (10)Англо- и иноязычными словами в их натуральном написании сегодня пестрят страницы прессы, эти слова вторгаются в текст, наводняют рекламу. (11)Но одно дело, когда просто употребляется лексика на латинице, и совсем другое, если чужие буквы оказываются внутри слова, ломают его изнутри. (12)Любой юрист подтвердит, что это нарушение гораздо более тяжкое. 
 (13)Модная певица и производители автосигнализаций, вернее - их агенты по рекламе, используют латинские буквы в формировании и раскрутке образа чаще всего в погоне за оригинальностью. (14)Им кажется: внимание потенциальных потребителей легче привлечь необычным графическим начертанием имени или названия фирмы. (15)Дескать, наш глаз невольно цепляется за неправильное сочетание. 
 (16)Расчёт, вероятно, оправдывается, но насколько велика его отдача? (17)На мой взгляд, подобный подход к формированию имиджа является довольно поверхностным, примитивным, а главное - становится банальным. 
 (18)Варианты Zемфира (равно как и Глюк'ОZА) и «Аllигатор» есть выпендрёж и ненужное искажение письменной формы. (19)Применяя иностранные слова, не стоило заниматься порчей языка. (20)Великий и могучий Алфавит, подаренный нам славянскими святыми Кириллом и Мефодием, принесён в жертву золотому тельцу. 
 (21)Реальная жизнь, увы, приводит нам примеры такого рода, и не пришлось бы в близком будущем констатировать свершившийся факт словами Татьяны Бек: «До свидания, алфавит». 
 (По С. Казначееву) 
 Информация о тексте 
 
"
175,"Текст Карима М.     
 (1)Олег, отец Тимура, привёз из Бирска маленького серого щенка. (2)Внук тогда увлечённо учил английский язык и потому назвал его Грей. (3)Щенок рос не по дням, а по часам. (4)К трём месяцам чутьё навострилось, лучше и не надо. (5)Наши дети живут на третьем этаже. (6)Только кто-нибудь из нас откроет дверь и войдёт в подъезд, Грей сначала прыгает от радости, затем обежит всю квартиру, потом, уткнувшись носом в дверь, ждёт, когда раздастся звонок. (7)А чужие вверх-вниз по лестнице ходят – он и ухом не поведёт. 
 (8)Как потеплело, отвезли мы Серенького на дачу и посадили его на привязь. (9)Не посадили бы, да шастает по округе, всех соседей изводит. (10)Он крепко обиделся, положил голову на передние лапы и весь день скулил и плакал. (11)«Как же так получается? (12)Почему же люди, которых я люблю, которым предан телом и душой, посадили меня на цепь? (13)Ещё притворяются, что любят. (14)По голове, по спине гладят, за шею теребят, ласкают. (15)Значит, так они меня обманывают?» (16)Такого предательства двуногих четвероногий малыш в голове уместить не мог. 
 (17)Оказывается, не только люди к неволе привыкают, но и собаки. (18)К вечеру Грей ожил и, когда кто-то проходил мимо, вставал на задние лапы и пытался обнять. (19)Однако уже не с прежним пылом. (20)Привыкнув к ошейнику, с неволей он не смирился, но по молодости лет простил нас. 
 (21)Однажды на глазах у Грея у нас с Раузой возник такой разговор: 
 – (22)Надо что-то делать, — сказала Рауза, – не такие мы люди, чтобы собаку держать, как следует за ней смотреть. (23)И в городе, если детям надо куда-то ехать, оставить не на кого. (24)Только животное мучаем. 
 – (25)Может, в Кляшево какому-нибудь охотнику отдадим, если дети не будут против? (26)Тогда откладывать нельзя, совсем уже привяжутся, и Тимуру расставаться будет особенно трудно, — поддержал я. (27)Грей сидел рядом и слушал наш разговор. (28)Но кроме него за дубом строгал стрелу наш девятилетний внук, он тоже всё слышал. (29)Об этом мы узнали позже. (30)Вечером, когда навестить нас приехал его отец, он отправил с ним в заклеенном конверте такое письмо: «Мамочка! Дедушка с бабушкой хотят Грея отправить куда-то. (31)Будут нас троих уговаривать. (32)Не знаю, что и делать. (33)Голова уже идёт кругом. (34)Пришли ответ. (35)Тимур». 
 (36)Альфия с Олегом пришли к такому решению: до осени подержим Грея на даче, а уж там придётся подарить какому-нибудь охотнику. (37)До тех пор пока и сами не переберутся на дачу, решили держать Грея в городе. (38)Увезли его, а на следующий день я уехал по делам в Москву. (39)Пробыл там около недели. (40)Олег встретил меня в аэропорту. (41)Настроение его показалось мне подавленным. 
 – (42)Что случилось? — спросил я. 
 – (43)Грей умер, — ответил он. – (44)Как вы уехали, проболел два дня и умер. (45)У меня сердце похолодело. (46)Чувство вины чёрным туманом заползло в грудь. (47)Словно безгрешное это существо так сказало: «Вы хотели избавиться от меня. (48)А я с вами расставаться, в чужие руки уходить не хотел. (49)Я вас сам от самого себя избавляю. (50)Оно и лучше, – ещё не узнав мук и унижений этого мира, захотел оставить его». (51)За ошейник нас простил, а что к чужим людям отправят, вынести не мог… 
 (52)Возможно, что виной тому другая причина. (53)У язычников было такое поверье: порою, когда хозяину угрожает смерть, верный пёс принимает её на себя. (54)Будучи в тот раз в Москве, я переходил улицу и чуть-чуть не попал под машину. (55)Дня и часа теперь уже не помню… 
 (По М. Кариму*) 
 * Мустай Карим (1919–2005 гг.) — башкирский советский поэт, писатель и драматург. 
"
176,"Текст Кассиля Л. 
 (1)На Западном фронте мне пришлось некоторое время жить в землянке техника-интенданта Тарасникова. (2)Он работал в оперативной части штаба гвардейской бригады. (3)Тут же, в землянке, помещалась его канцелярия. 
 (4)Целые дни он надписывал и заклеивал пакеты, припечатывал их сургучом, согретым над лампой, рассылал какие-то донесения, принимал бумаги, перечерчивал карты, стучал одним пальцем на заржавленной машинке, тщательно выбивая каждую букву. 
 (5)Однажды вечером, когда я вернулся в нашу халупку, основательно промокнув под дождём, и сел на корточки перед печкой, чтобы растопить её, Тарасников встал из-за стола и подошёл ко мне. 
 —   (6)Я,  видите ли,  — сказал он несколько виновато,  — решил временно не топить печки. (7)А то, знаете, печка угар даёт, и это, видимо, отражается на её росте (8)Она совсем расти перестала. 
 —  (9)Да кто расти перестал? 
 —  (10)А вы что же, до сих пор не обратили внимания? — уставившись на меня с негодованием, закричал Тарасников. — (11)А это что? (12)Не видите? 
 (13)И он с внезапной нежностью поглядел на низкий бревенчатый потолок нашей землянки. 
 (14)Я привстал, поднял лампу и увидел, что толстый кругляш вяза в потолке пустил зелёный росток. (15)Бледненький и нежный, с зыбкими листочками, он протянулся под потолок. (16)В двух местах его поддерживали белые тесёмочки, приколотые кнопками к потолочине. 
 —  (17)Понимаете? — заговорил Тарасников. — (18)Всё время росла. (19)Такая славная веточка вымахнула. (20)А тут стали мы с вами топить часто, а ей, видно, не нравится. (21)Я вот тут зарубочки делал на бревне, и даты у меня проставлены. (22)Видите, как сперва быстро росла. (23)Иной день по два сантиметра вытягивала. (24)Даю вам честное благородное слово! (25) А как стали мы с вами чадить тут, вот уже три дня не наблюдаю роста. (26)Так ей и захиреть недолго. (27)Давайте уж воздержимся. (28)А меня, знаете, интересует: доберётся он до выхода? (29)Ведь так и тянется поближе к воздуху, где солнце, чует из-под земли. 
 (30)И мы легли спать в нетопленой, сырой землянке. (31)На другой день я сам уже заговорил с ним о его веточке. 
—   (32)Представьте  себе,   почти  на  полтора сантиметра  вытянулась.   (33)Я же говорил, топить не надо. (34)Просто удивительное это явление природы!.. 
 (35)Ночью немцы обрушили на наше расположение массированный артиллерийский огонь. (36)Я проснулся от грохота близких разрывов, выплёвывая землю, которая от сотрясения обильно посыпалась на нас сквозь бревенчатый потолок. (37)Тарасников тоже проснулся и зажёг лампочку. (38)Всё ухало, дрожало и тряслось вокруг нас. (39)Тарасников поставил лампочку на середину стола, откинулся на койке, заложив руки за голову: 
 —  (40)Я так думаю, что большой опасности нет. (41)Не повредит её? (42)Конечно, сотрясение, но тут над нами три наката. (43)Разве уж только прямое попадание. (44)А я её, видите, подвязал. (45)Словно предчувствовал... 
 (46)Я с интересом поглядел на него. 
 (47)Он лежал, запрокинув голову на подложенные за затылок руки, и с нежной заботой смотрел на зелёный слабенький росточек, вившийся под потолком. (48)Он просто забыл, видимо, о том, что снаряд может обрушиться на нас самих, разорваться  в  землянке,   похоронить  нас  заживо  под  землёй.   (49)Нет,  он думал  только о бледной зелёной веточке, протянувшейся под потолком нашей халупы, только за неё беспокоился он. 
 (51)И часто теперь,  когда я встречаю  на фронте  и в  тылу взыскательных, занятых, суховатых на первый взгляд, малоприветливых как будто людей, я вспоминаю техника-интенданта Тарасникова и его зелёную веточку. (52)Пусть грохочет огонь над головой, пусть промозглая сырость земли проникает в самые кости, всё равно — лишь бы уцелел, лишь бы дотянулся до солнца, до желанного выхода робкий, застенчивый зелёный росток. 
 (53)И кажется мне, что есть у каждого из нас своя заветная зелёная веточка. (54) Ради неё готовы мы перенести все мытарства и невзгоды военной поры, потому что твёрдо знаем: там, за выходом, завешенным сегодня отсыревшей плащ-палаткой, солнце непременно встретит, согреет и даст новые силы дотянувшейся, выращенной и сбережённой ветке нашей.  
 (По Л. Кассилю*) 
 *Лев   Абрамович   Кассиль   (1905-1970)   —    видный   русский   прозаик,    один   из основоположников отечественной детской и юношеской литературы. 
"
177,"Текст Кассиля Л. 
 (1)В последнее время мне приходилось самому наблюдать да и слышать от многих библиотекарей, что большая часть молодёжи у нас стала чрезмерно увлекаться детективно-приключенческой литературой и фантастикой. (2)Особенно в большом ходу книги с затейливым орнаментов на обложке, выпускаемые некоторыми издательствами в специальной серии «Библиотека приключений». (3)Большинство этих книг рассказывает о действительно героической деятельности разведчиков, о бдительности и бесстрашии пограничников, о сражениях за свободу на далёких планетах. (4)Конечно, книги, повествующие о борьбе с врагами, о космических экспедициях, книги, полные увлекательного действия, интересны молодым читателям. (5)И вообще я никак не хочу отнести к разряду литературы дурного вкуса всю приключенческую литературу. 
 (6)Мы знаем великолепные произведениях такого жанра, созданные его родоначальником Эдгаром По, с удовольствием перечитываем рассказы Конан Дойля, романы Коллинза, одобряем выход давно не переиздававшихся у нас известных рассказов Честертона, отдаём должное даже полузабытым «полицейским» романам Эжена Сю, оказавшего некоторое влияние на такого громадного писателя, как Достоевский. (7)Мы за хорошую, добротную приключенческую литературу – и за Жюля Верна, и за Герберта Уэллса, и за Джека Лондона, и за лучшие романы Дюма, и за превосходные романы и рассказы писателя-учёного Ефремова и других мастеровитых писателей-фантастов. (8)Словом, мы не против самого жанра, не против этого рода литературы, чрезвычайно нужной молодому читателю, отвечающему зову горячего сердца и воображению пылкого ума. (9)В произведениях перечисленных выше авторов действуют люди ярких и интересных характеров, совершаются волнующие события, пусть несколько условно сгущенные в своём драматизме, но создающие определённый художественный образ, соответствующий всем высоким требованиям подлинной литературы. 
 (10)Порой же под маркой приключенческой литературы выпускаются книги, прививающие несерьёзное отношение и к литературе, и к тому, что ею изображается. (11)Такие книги не только не помогают познать жизнь, не только не формируют сознание и не воспитывают чувства, но если и доставляют известное удовольствие, то лишь ленивому читателю. (12)Не приходится, читая эти книги, напрягать своё воображение,, мобилизовывать мысль, наслаждаться решением сложнейшей задачи, вместе с героем участвовать во всех событиях. (13)Здесь всё даётся уже готовым, неаппетитно разжёванным, остаётся только проглотить, это делает ленивый читатель, может быть, не без известного удовольствия, но, уж во всяком случае, без всякой пользы. 
 (14)Поэтому, когда я слышу в библиотеке или книжном магазине, как молодой человек отказывается от всех предлагаемых ему хороших книг и упрямо требует «что-нибудь про шпионов или инопланетян да позакрученней», я с сожалением думаю, глядя на него: пустельга! 
 (15)Скажу правду. (16)Такие «читатели» вызывают у меня  искреннее беспокойство. (17)Ведь они с юных лет сами лишают себя крайне необходимой для их роста духовной пищи, той богатой мыслями и яркими чувствами духовной пищи, какую так щедро нам дают большие и талантливые произведения искусства и литературы. 
 (18)Становится равнодушным к правде тот, кто ищут в книжке только бессмысленный, «круто завинченный» сюжет «пошпионистей», где людям и явлениям для удобства автора и для максимального облегчения усилий читательского внимания приданы положения, ситуации, мотивировки, главным образом оглушающие сознание и не имеющие ничего общего с реальной  жизнью. 
 (По Л.А. Кассилю) 
 *Лев Абрамович Кассиль (1905 – 1970) – видный   русский   прозаик,    один   из основоположников отечественной детской и юношеской литературы. 
"
178,"Текст Кассиля Л. 
 (1)Немецкие миномёты били по всей равнине, взметая снег вместе с комьями земли. (2)Вчера ночью через эту смертную зону связисты проложили кабель. (3)Командный пункт, следя за развитием боя, слал по этому проводу указания, приказы и получал ответные сообщения о том, как идёт операция. (4)Но вот сейчас, когда требовалось немедленно изменить обстановку и отвести передовую часть на другой рубеж, связь внезапно прекратилась. 
 – (5)Обрыв, – с сожалением резюмировал телефонист после отчаянных попыток выйти на связь. 
 (6)И вот тогда один человек поднялся, запахнул белый халат, взял винтовку, сумку с инструментами и сказал очень просто: 
 – (7)Я пошёл. (8)Разрешите? 
 (9)...Я не знаю, что говорили ему товарищи, какими словами его напутствовал командир. (10)Все понимали, на что решился человек, отправляющийся в эту проклятую зону… 
 (11)Провод шёл сквозь разрозненные ёлочки и редкие кусты. (12)Вьюга звенела в осоке над замёрзшими болотцами. (13)Человек полз. (14)Немцы вскоре заметили его. (15)Маленькие вихри от пулемётных очередей, курясь, затанцевали хороводом вокруг. (16)Снежные смерчи разрывов подбирались к связисту, как косматые призраки, и, склоняясь над ним, таяли в воздухе. (17)Горячие осколки мин противно взвизгивали над самой головой, едва не задевая взмокшие волосы, вылезшие из-под капюшона, и, шипя, плавили снег совсем рядом... 
 (18)Он не услышал боли, но почувствовал, должно быть, страшное онемение в правом боку. (19)Оглянулся и увидел, что за ним по снегу тянется розовый след. (20)Двинулся дальше и метров через триста нащупал среди вывороченных обледенелых комьев земли колючий конец провода. (21)Здесь прерывалась линия. (22)Очевидно, близко упавшая мина порвала провод и далеко отбросила другой конец кабеля. (23)Ложбинка эта вся простреливалась немецкими миномётами. (24)Но надо было отыскать другой конец оборванного провода, проползти до него, снова срастить разомкнутую линию, восстановить связь. 
 (25)Грохнуло и завыло совсем близко. (26)Невыразимая боль обрушилась на человека, придавила его к земле. (27)Но он, как одержимый, продолжал движение дальше по склону холма. (28)Он помнил только одно: надо отыскать висящий где-то там, в кустах, конец провода. (29)Нужно добраться до него. (30)Уцепиться. (31)Подтянуть. (32)Связать. (33)И он нашёл. (34)Два раза падал человек, прежде чем смог приподняться. (35)Что-то снова жгуче стегнуло его по груди, он повалился, но опять привстал и схватился за провод. 
 (36)...Он силится сблизить руки, свести концы провода вместе. (37)Он напрягает мышцы до судорог. (38)Всего лишь несколько сантиметров разделяют теперь концы провода! (39)Отсюда к переднему краю обороны, где ожидают сообщения отрезанные товарищи, идёт этот провод… (40)И назад, к командному пункту, тянется он. (41)И надрываются до хрипоты телефонисты… (42)А спасительные слова помощи не могут пробиться через какие-то жалкие сантиметры проклятого обрыва! (43)Неужели не хватит жизни, не будет уже времени соединить концы провода? (44)Он старается встать, опираясь на локти. (45)Потом он зубами зажимает один конец кабеля и в исступлённом усилии, перехватив обеими руками другой провод, подтаскивает его ко рту. (46)Теперь не хватает не больше сантиметра. (47)Человек уже ничего не видит. (48)Искристая тьма выжигает ему глаза. (49)Он последним рывком дёргает провод и успевает, закусив оба его конца в месте обрыва, сжать челюсти. (50)Есть ток! (51)И человек валится лицом в снег, неистово, всем остатком своих сил стискивая зубы. (52)Только бы не разжать… (53)А там, на командном пункте, просиявший телефонист кричит в трубку: 
 – (54)Да, да! (55)Слышу! (56)Арина? (57)Я – Сорока! (58)Петя, дорогой! (59)Принимай: номер восемь по двенадцатому. 
 (60)...Человек не вернулся обратно. (61)Так и остался на линии. (62)До конца. 
 (По Л. Кассилю*) 
 Лев Абрамович Кассиль (1905–1970) – русский советский писатель, один из основоположников отечественной детской и юношеской литературы. 
 
"
179,"Текст Катаева В. 
 (1) Прекрасное слово «ландшафт». (2) Оно стоит где-то в одном ряду со словами «пейзаж», «вид», может быть, даже «панорама».   
 (3) Я крепко сплю.  (4) Но едва я открою глаза, подойду к окну, отодвину штору и посмотрю в окно, как сразу делаюсь как бы неотъемлемой частью ландшафта, представшего перед глазами. 
 (5) Я глубокий старик.  (6) За свою долгую жизнь я становился частью самых разнообразных ландшафтов. (7) Особенно мне запомнились ландшафты моего детства.  
 (8) И живу я до сих пор ещё в одном военном ландшафте – второй мировой войны, Великой Отечественной. 
 (9) Вижу ржаное поле в Орловской области, которое не успели сжечь, и оно теперь все в чёрных пятнах военных ожогов.  
 (10) Посередине обугленных колосьев и голубых цветов цикория торчал разбитый танк, из люка которого высовывалась нога убитого танкиста в грубом полуобгоревшем башмаке.   
 (11) Кое-где кудрявились поросли дубняка, которым не было никакого дела до войны, совершавшейся вокруг.   
 (12) Ржаное поле и поросли дубняка в зареве заходящего солнца были так прекрасны, что на какой-то миг я перестал смотреть в безоблачное предвечернее небо, по которому со зловещим рокотом плыли десятки тяжелых бомбардировщиков, создавая впечатление, что движется все небо. (13) Как противоестественна война!  
 (14) О как ужасны были ее ландшафты! (15) Я никогда их не забуду, даже тогда, когда через десятки мирных лет, седой и старый, очнувшись после мучительных сновидений полубессонной ночи, в дряхлом халате, в поношенных теплых туфлях, ещё не успев принять душ и побриться, подхожу к окну и отодвигаю занавеску. 
 (В. Катаев) 
"
180,"Текст Катаева В.  
 (1)Больше месяца горсточка храбрецов защищала осаждённый форт от беспрерывных атак с моря и воздуха.  (2)Боеприпасов и продовольствия становилось всё меньше. (3) И вот наступила страшная минута. (4) Снарядов больше нет. (5) Запас продовольствия на одни сутки.  
 (6)В тот день немецкий истребитель сбросил вымпел с ультиматумом. 
 (7)Командир отвинтил крышку с алюминиевого цилиндра, вытащил бумагу, свёрнутую трубкой, и прочитал: (8)«Вы окружены со всех сторон. (9)Предлагаю вам капитулировать.  (10)Условия капитуляции: весь гарнизон форта без оружия идёт на площадь возле кирхи.   (11)Ровно в шесть часов по среднеевропейскому времени на вершине кирхи должен быть выставлен белый флаг.   (12)За это я обещаю вам подарить жизнь.  (13)В противном случае  – смерть.   (14)Командир немецкого десанта контр-адмирал фон Эвершарп». 
  (15)Всю ночь гарнизон форта шил флаг. (16)Незадолго до рассвета флаг размером по крайней мере в шесть простынь был готов.  (17) Моряки в последний раз побрились, надели чистые рубахи и один за другим, с автоматами на шее и карманами, набитыми патронами, стали выходить по трапу наверх. 
 (18) Фон Эвершарп стоял на боевой рубке. (19) Над силуэтом рыбачьего посёлка подымался узкий треугольник кирхи с чёрным прямым крестом, врезанным в пасмурное небо. (20) Большой флаг развевался на шпиле.  (21)В утренних сумерках он был совсем тёмный, почти чёрный.  
 (22) Фон Эвершарп отдал приказ, и флотилия десантных шлюпок и торпедных катеров направилась к острову.  (23)Остров вырастал, приближался.   (24)Теперь уже простым глазом можно было рассмотреть кучку моряков, стоявших на площади возле кирхи.  (25)В этот миг показалось малиновое солнце.  (26) Оно повисло между небом и водой, верхним краем уйдя в длинную дымчатую тучу, а нижним касаясь зубчатого моря. 
 (27)Угрюмый свет озарил остров. (28)Флаг на кирхе стал красным, как раскалённое железо. 
 (29)– Чёрт возьми, это красиво,  – сказал фон Эвершарп,  – солнце хорошо подшутило над русскими.  (30)Оно выкрасило белый флаг в красный цвет, но сейчас мы опять заставим его побледнеть. 
 (31)Десантные шлюпки выбросились на берег. (32)Немцы бежали к форту.  (33)И вдруг подземный взрыв чудовищной силы потряс остров. 
 (34)Скалы наползали одна на другую, раскалывались.   (35)Их корёжило, поднимало на поверхность из глубины, из недр острова, и с поверхности спихивало в открывшиеся провалы. 
 (36)– Они взрывают батареи! – крикнул фон Эвершарп. – (37)Они нарушили условия капитуляции! (38) Мерзавцы! 
 (39)В эту минуту солнце медленно вошло в тучу.  (40)Красный свет, мрачно озарявший остров и море, померк.  (41)Всё вокруг стало монотонного гранитного цвета.   (42)Всё, кроме флага на кирхе.  (43)Фон Эвершарп подумал, что он сходит с ума: вопреки всем законам физики, громадный флаг на кирхе продолжал оставаться красным.  (44) На сером фоне пейзажа его цвет стал ещё интенсивней.  (45)Тогда фон Эвершарп понял всё: флаг никогда не был белым, он всегда был красным. (46) Он не мог быть иным. 
 (47)Фон Эвершарп забыл, с кем он воюет.  (48)Это не был оптический обман.  (49)Не солнце обмануло фон Эвершарпа – он обманул сам себя.  
 (50)Фон Эвершарп отдал новое приказание – эскадрильи бомбардировщиков, штурмовиков, истребителей поднялись в воздух. (51)Торпедные катера, эсминцы и десантные шлюпки со всех сторон ринулись на остров. (52)И посреди этого бушующего ада, окопавшись под контрфорсами кирхи, тридцать советских моряков выставили свои автоматы и пулемёты на все четыре стороны света.  (53)Никто из них в этот страшный последний час не думал о жизни. (54)Вопрос о жизни был решён. (55)Они знали, что умрут, но, умирая, они хотели уничтожить как можно больше врагов. 
 (56)В этом состояла боевая задача, и они выполнили её до конца.  
 (57)Осыпаемые осколками кирпича и штукатурки, выбитыми разрывными пулями из стен кирхи, с лицами, чёрными от копоти, залитыми потом и кровью, затыкая раны ватой, вырванной из подкладки бушлатов, тридцать советских моряков падали один за другим, продолжая стрелять до последнего вздоха.  (58) Над ними развевался громадный красный флаг, сшитый большими матросскими иголками и суровыми матросскими нитками из кусков самой разнообразной красной материи, из всего, что нашлось подходящего в матросских сундучках. (59) Он был сшит из заветных шёлковых платочков, из красных косынок, шерстяных малиновых шарфов, розовых кисетов, из пунцовых одеял, маек.  (60)Алый коленкоровый переплёт первого тома «Истории гражданской войны» был также вшит в эту огненную мозаику. 
 (61)На головокружительной высоте, среди движущихся туч, он струился, горел, как будто незримый великан-знаменосец стремительно нёс его сквозь дым сражения вперёд, к победе. 
 (по В. П. Катаеву*) 
 *Валентин Петрович Катаев (1897–1986) – русский советский писатель, драматург, поэт 
 
"
181,"Текст Катаева В. 
 (1)Вспоминаю, как в середине двадцатых, разговорившись, подошли мы к памятнику Пушкину и уселись на бронзовые цепи, низко окружавшие памятник.  
 (2)Стоял он в то время ещё на своём законном месте, в голове Тверского бульвара, лицом к необыкновенно изящному Страстному монастырю нежно-сиреневого цвета, удивительно подходившему к его маленьким золотым луковкам.  
 (3)До сих пор болезненно ощущаю отсутствие Пушкина на Тверском бульваре, невосполнимую пустоту того места, где стоял Страстной монастырь. (4)Привычка.  
 (5)Недаром же Маяковский написал, обращаясь к Александру Сергеевичу: «На Тверском бульваре очень к вам привыкли».  
 (6)Привыкли, добавлю я, также и к старинным многоруким фонарям, среди которых фигура Пушкина со склонённой курчавой головой, в плаще с гармоникой прямых складок так красиво рисовалась на фоне Страстного монастыря.  
 (7)Потом наступила ещё более тягостная эпоха перестановки и уничтожения памятников. (8)Незримая всевластная рука переставляла памятники, как шахматные фигуры, а иные из них вовсе сбрасывала с доски. (9)Она переставила памятник Гоголю работы гениального Андреева, тот самый, где Николай Васильевич сидит, скорбно уткнувши свой длинный нос в воротник бронзовой шинели — почти весь потонув в этой шинели, — с Арбатской площади во двор особняка, где, по преданию, писатель сжёг в камине вторую часть «Мёртвых душ», а на его место водрузила другого Гоголя — во весь рост, в коротенькой пелеринке, на скучном официальном пьедестале, — памятник, лишённый индивидуальности и поэзии...  
 (10)Память разрушается, как старый город. (11)Пустоты перестраиваемой Москвы заполняются новым архитектурным содержанием. (12)А в провалах памяти остаются лишь призраки ныне уже не существующих, упразднённых улиц, переулков, тупичков... (13)Но как устойчивы эти призраки некогда существовавших здесь церквей, особнячков, зданий... (14)Иногда эти призраки более реальны для меня, чем те, которые их заменили: эффект присутствия!  
 (15)Я изучал Москву и навсегда запомнил её в ту пору, когда ещё был пешеходом. (16)Мы все были некогда пешеходами и основательно, не слишком торопясь, вглядывались в окружающий нас мир города во всех его подробностях. (17)Каждый новый день открывал для пешехода новые подробности города, множество стареньких, давно не реставрированных церквушек неописуемо прекрасной древнерусской архитектуры.  
 (18)Я давно уже перестал быть пешеходом. (19)Езжу на машине. (20)Московские улицы, по которым я некогда проходил, останавливаясь на перекрёстках и озирая дома, теперь мелькают мимо меня, не давая возможности всматриваться в их превращения.  
 (21)Но однажды тормоза взвизгнули, машина резко затормозила перед красным светофором. (22)Если бы не пристёгнутые ремни, я бы мог стукнуться головой о ветровое стекло. (23)Это, несомненно, был перекрёсток Мясницкой и Бульварного кольца, но какая странная пустота открылась передо мной на том месте, где я привык видеть Водопьяный переулок. (24)Его не было. (25)Он исчез, этот Водопьяный переулок. (26)Он просто больше не существовал. (27)Он исчез вместе со всеми домами, составлявшими его. (28)Как будто их всех вырезали из тела города. (29)Исчезла библиотека имени Тургенева. (30)Исчезла булочная. (31)Исчезла междугородная переговорная. (32)Открылась непомерно большая площадь — пустота, с которой трудно было примириться.  
 (33)Пустота казалась мне незаконной, противоестественной, как то непонятное, незнакомое пространство, которое иногда приходится преодолевать во сне: всё вокруг знакомо, но вместе с тем совсем незнакомо, и не знаешь, куда надо идти, чтобы вернуться домой, и ты забыл, где твой дом, в каком направлении надо идти, и ты идёшь одновременно по разным направлениям, но каждый раз оказываешься всё дальше и дальше от дома, а между тем ты отлично знаешь, что до твоего дома рукой подать, он есть, существует, но его не видно, он как бы в другом измерении.  
 (По В. П. Катаеву)*  
 *Валентин Петрович Катаев (1897 — 1986) — русский советский писатель и поэт, драматург, киносценарист, журналист, военный корреспондент. 
  Примерный круг проблем:   
 1. Каковы последствия исчезновения памятников для человека? (Проблема исчезновения памятников истории и культуры)   
 Авторская позиция.  Исчезновение памятников приводит к разрушению исторической памяти, искажает исторический облик тех мест, с которыми связаны жизнь человека, поэтому человек болезненно переживает этот процесс, пустота на месте уничтоженных памятников, церквушек, переулков, кажется ему противоестественной.  
 2. Какую роль играют памятники культуры и истории в жизни человека? (Проблема роли памятников истории и культуры в жизни человека)    
 Авторская позиция.  Памятники истории и культуры – это часть исторической памяти, они создают неповторимый мир города, то пространство, в котором проходит жизнь человека, с ними связаны яркие события его жизни. 
 3. Зачем необходимо сохранять памятники истории и культуры? (Проблема сохранения памятников истории и культуры)   
 Авторская позиция:  Сохранение памятников – это сохранение исторической памяти, исторического облика города и памяти каждого человека о своем доме, о своем городе, о своей жизни. 
 4. К чему ведет изменение исторического облика старого города? (Проблема изменения исторического облика старого города) 
 Авторская позиция.  Перенос памятников, уничтожение старинных церквушек, монастырей, переулков ведет к уничтожению уникального исторического облика старого города, к потере его индивидуальности.
"
182,"Текст Катаева В. 
 (1)Солдаты, расположившиеся вокруг своей пушки, были заняты каждый своим делом. (2)Кто, пристроившись к сосновому ящику со снарядами, писал письмо, слюня химический карандаш и сдвинув на затылок шлем; кто сидел на лафете**, пришивая к шинели крючок; кто читал маленькую артиллерийскую газету. 
 (3)Живя с разведчиками и наблюдая поле боя с разных сторон, Ваня привык видеть войну широко и разнообразно. (4)Он привык видеть дороги, леса, болота, мосты, ползущие танки, перебегающую пехоту, минёров, конницу, накапливающуюся в балках***. 
 (5)3десь, на батарее, тоже была война, но война, ограниченная маленьким кусочком земли, на котором ничего не было видно, кроме орудийного хозяйства (даже соседних пушек не было видно), ёлочек маскировки и склона холма, близко обрезанного серым осенним небом. (6)А что было там, дальше, за гребнем этого холма, Ваня уже не знал, хотя именно оттуда время от времени слышались звуки перестрелки. 
 (7)Ваня стоял у колеса орудия, которое было одной с ним вышины, и рассматривал бумажку, наклеенную на косой орудийный щит. (8)На этой бумажке были крупно написаны тушью какие-то номера и цифры, которые мальчик безуспешно старался прочесть и понять. 
 — (9)Ну, Ванюша, нравится наше орудие? — услышал он за собой густой, добродушный бас. 
 (10)Мальчик обернулся и увидел наводчика**** Ковалёва. 
 — (11)Так точно, товарищ Ковалёв, очень нравится, — быстро ответил Ваня и, вытянувшись в струнку, отдал честь. 
 (12)Видно, урок капитана Енакиева не прошёл зря. (13)Теперь, обращаясь к старшему, Ваня всегда вытягивался в струнку и на вопросы отвечал бодро, с весёлой готовностью. (14)А перед наводчиком Ковалёвым он даже переусердствовал. (15)Он как взял под козырёк, так и забыл опустить руку. 
 — (16)Ладно, опусти руку. (17)Вольно, — сказал Ковалёв, с удовольствием оглядывая ладную фигурку маленького солдатика. 
 (18) Наружностью своей Ковалёв меньше всего отвечал представлению о лихом солдате, Герое Советского Союза, лучшем наводчике фронта. 
 (19) Прежде всего, он был не молод. (20)В представлении мальчика он был уже не «дяденька», а, скорее, принадлежал к категории «дедушек». (21)До войны он был заведующим большой птицеводческой фермой. (22)На фронт он мог не идти. (23)Но в первый же день войны он записался добровольцем. 
 (24)Во время Первой мировой войны он служил в артиллерии и уже тогда считался выдающимся наводчиком. (25)Вот почему и в эту войну он попросился в артиллерию наводчиком. (26)Сначала в батарее к нему относились с недоверием — уж слишком у него была добродушная, сугубо гражданская внешность. (27)Однако в первом же бою он показал себя таким знатоком своего дела, таким виртуозом, что всякое недоверие кончилось раз и навсегда. 
 (28)Его работа при орудии была высочайшей степенью искусства. (29)Бывают наводчики хорошие, способные. (ЗО)Бывают наводчики талантливые. (31)Бывают выдающиеся. (32)Он был наводчик гениальный. (33)И самое удивительное заключалось в том, что за четверть века, которые прошли между двумя мировыми войнами, он не только не разучился своему искусству, но как-то ещё больше в нём окреп. (34)Новая война поставила артиллерии много новых задач. (35)Она открыла в старом наводчике Ковалёве качества, которые в прежней войне не могли проявиться в полном блеске. (36)Он не имел соперника в стрельбе прямой наводкой. 
 (37) Вместе со своим расчётом он выкатывал пушку на открытую позицию и под градом пуль спокойно, точно и вместе с тем с необыкновенной быстротой бил картечью по немецким цепям или бронебойными снарядами — по немецким танкам. (38) 3десь уже мало было одного искусства, как бы высоко оно ни стояло. 
 (39)3десь требовалось беззаветное мужество. (40)И оно было. (41)Несмотря на свою ничем не замечательную гражданскую внешность, Ковалёв был легендарно храбр. 
 (42)В минуту опасности он преображался. (43)В нём загорался холодный огонь ярости. (44)Он не отступал ни на шаг. (45)Он стрелял из своего орудия до последнего патрона. (46)А выстрелив последний патрон, он ложился рядом со своим орудием и продолжал стрелять из автомата. (47)Расстреляв все диски, он спокойно подтаскивал к себе ящики с ручными гранатами и, прищурившись, кидал их одну за другой, пока немцы не отступали. 
 (48)Среди людей часто попадаются храбрецы. (49)Но только сознательная и страстная любовь к Родине может сделать из храбреца героя. (50)Ковалёв был истинный герой. 
 (51) Он страстно, но очень спокойно любил Родину и ненавидел всех её врагов. 
 
 (57)Трое его сыновей были в армии. (58)Один из них уже был убит. (59)Жена Ковалёва, по профессии врач, тоже была в армии. (60)Дома никого не осталось. (61)Его домом была армия. 
 (62)Несколько раз командование пыталось выдвинуть Ковалёва на более высокую должность. (63)Но каждый раз Ковалёв просил оставить его наводчиком и не разлучать с орудием. 
 	— (64)Наводчик — это моё настоящее дело, — говорил Ковалёв, — с другой работой я так хорошо не справлюсь. (65)Уж вы мне поверьте. (66)3а чинами я не гонюсь. (67)Тогда был наводчиком и теперь до конца войны хочу быть наводчиком. (68)А для командира я уже не гожусь. (69)Стар. (70)Надо молодым давать дорогу. (71)Покорнейше вас прошу. 
 (72)В конце концов его оставили в покое. (73)Впрочем, может быть, Ковалёв был прав: каждый человек хорош на своём месте. (74)И, в конце концов, для пользы службы лучше иметь выдающегося наводчика, чем посредственного командира взвода. 
 (75)Всё это было Ване известно, и он с робостью и уважением смотрел на знаменитого Ковалёва. 
 (По В.П. Катаеву*) 

* Валентин Петрович Катаев (1897-1986) - русский советский писатель, поэт, киносценарист, драматург, журналист, военный корреспондент.
  

 ** Лафет - опора, на которой закрепляется ствол артиллерийского орудия. 
 *** Балка - длинный и широкий овраг, заросший травой и кустарником. 
 **** Наводчик - боец, производящий наводку орудия на цель. 
  Примерный круг проблем:   
1. Какими качествами обладает настоящий герой? Кого можно считать настоящим героем? 
2. Что заставляло бойцов на войне проявлять мужество и героизм? 
3. Что дает человеку любовь к Родине? 
4. Как война влияет на человека? 
5. Какова природа мастерства? 
6. Как ребенок воспринимал войну?"
183,"Текст Качалкова С. 
 (1)На этого человека нельзя было смотреть без смеха. (2)Низенький, толстенький, нос - картошкой, на голове - пучок коричневых волос, похожих на слипшуюся малярную кисточку. (3)У него был неприятный, какой-то каркающий голос, отчего казалось, что он всё время задорно спорит или чем-то горячо возмущается. (4)Одевался бог весть как: человеку уже за сорок, а у него то майка из-под рубашки торчит, то из рукава конец шарфа выглядывает, то он шапку задом наперёд нахлобучит. (5)«Беспутный» - так с ворчливой укоризной называли его пожилые женщины. (6)Беспутный жил один в ветхом домике, работал кочегаром в школьной котельной, после смены он, довольно улыбаясь, ходил по деревне, показывая всем своё радостное лицо, испачканное сажей. 
 - (7)Сашка, ты бы умылся, что ли! (8)Чего ты чумазым по улице ходишь, детей пугаешь! - кричали женщины и сердито качали головой. 
 (9)Не только семейные женщины, строгие хранительницы морали, - любой житель деревни, от мала до велика, считал себя обязанным дать Сашке какой-нибудь очень полезный совет, язвительно пошутить над его нелепой жизнью, снисходительно поучить уму-разуму. (10)Родители, ругая своих детей за нерадивую учёбу, непременно поминали школьного кочегара: 
 -(11)Вот не будешь учиться - станешь таким, как этот Сашка Бозин! 
 (12)Умер Бозин, как и жил, как-то нелепо. (13)Когда были первые морозцы, шёл по дороге, поскользнулся и ударился затылком. (14)Несколько дней ходил, ощущая неприятное головокружение, но все, кому он жаловался, только смеялись: 
 - (15)Сашка, у тебя голова не может болеть: она же у тебя пустая. (16)На работе потерял сознание, пока бегали за фельдшером, он помер. (17)Местный плотник на другой день сколотил крест, начал вырезать имя умершего, но тут выяснилось, что никто не знает его отчества. (18)Пришли в школу, нашли трудовую книжку покойного, выяснили, что по батюшке его величали Григорьевич. 
 (19)Вечером несколько учителей пошли в избушку Бозина, чтобы там прибраться перед похоронами. (20)В маленькой каморке были печь, пружинная кровать, накрытая пикейным одеялом, у окна деревянный стол. (21)А над столом большая картина. (22)На ней изображено небо, голубое и ясное, как взгляд ребёнка. (23)Среди неба - пушистое, мягкое облако, в котором, будто в перине, лежит маленький круглолицый ангел. (24)Одну ручку он положил себе под голову, а другой кому-то машет, словно зовёт к себе или, наоборот, прощается. (25)И вся картина: и ровная синева, и белоснежное облако, и пухлое личико ангела - освещена невидимым   золотистым   светом,   как   будто   лучи   закатного   солнца  проникают в комнату сквозь стены. (26)Откуда у Бозина эта картина - купил он её, нашёл где-то или, может быть, сам нарисовал - никто не знал. (27)Только вдруг почему-то всем представилось, как приходил Бозин домой, как садился за стол, ел суп или пил чай и на него, закутавшись в мягкий пух облака, своими чистыми и добрыми глазами смотрел ангел, словно сыночек, дождавшийся своего отца. (28)А теперь эти голубые очи смотрят в комнату и не могут найти родного лица. (29)Женщины не выдержали и в голос заплакали, а пришедший с ними директор школы опустил голову.  
 (По С. Качалкову) 
"
184,"Текст Качалкова С. 
 (1)Сергей Николаевич Плетёнкин вернулся домой, как обычно, в половине девятого. (2)Он работал в сервисной мастерской, в самом центре города. (3)Чтобы оправдать горючее, по дороге домой он делал остановку возле центрального рынка и подхватывал, если, конечно, повезёт, попутчика. (4)Сегодня ему несказанно повезло, душа от радости пела, и он, едва разувшись, даже не помыв руки, сразу же помчался на кухню рассказывать об удивительном происшествии. 
 (5)Жена стояла возле раковины и мыла посуду. (6)Дочь с недовольным видом допивала чай и, капризно оттопырив нижнюю губу, спрашивала: 
 (7)–Мам, а почему нельзя? 
 (8)–Потому что… – раздражённо отвечала мать. (9)–Вон у отца отпрашивайся! 
 (10)Плетёнкин нетерпеливо махнул рукой, прося тишины, и, взвизгивая от радости, чем всегда раздражал жену, начал рассказывать. 
 (11)–Представляете, еду я сегодня мимо центрального рынка, тормозит меня какая-то женщина… (12)Просит, чтобы я её подвёз до заводоуправления. (13)Я гляжу: кожаное пальто, сапожки стильные, ну, и на лицо такая, видно, что ухоженная… (14)Я сразу ей: триста!.. (15)Она даже рот открыла. (16)Ну, ничего, села, довёз я её до управления. (17)Она выходит и даёт мне пятьсот рублей… (18)Я такой: «Так, а вот сдачи-то у меня нет!» (19)Она посмотрела на меня, пожала плечиками и говорит: «Ладно, сдачу оставьте себе!» (20)Представляешь, как повезло! 
 (21)–Да-а! (22)Были бы все пассажиры такие! – протянула жена. 
 (23)–Ты иди мой руки и давай садись ужинать… 
 (24)Плетёнкин закрылся в ванной и начал намыливать руки, вновь и вновь прокручивая подробности всего происшедшего. (25)Густые чёрные волосы, тонкие пальцы с обручальным кольцом, слегка отрешённый взгляд… (26)Такой взгляд бывает у людей, которые что-то потеряли, а теперь смотрят туда, где должна бы лежать пропавшая вещь, прекрасно зная, что там её не найдут. 
 (27)И вдруг он вспомнил её! (28)Это была Наташа Абросимова, она училась в параллельном классе. (29)Конечно, она изменилась: была невидной дурнушкой, а теперь стала настоящей дамой, но тоскливое разочарование в глазах осталось. (30)Однажды в одиннадцатом классе он вызвался проводить её, вёл тихими улочками, чтобы их не видели вместе. (31)У неё глаза светились от счастья, и, когда он попросил написать за него сочинение на конкурс «Ты и твой город», она тут же согласилась. (32)Плетёнкин занял первое место, получил бесплатную путёвку в Петербург, а после этого уже не обращал внимания на очкастую дурнушку. (33)И только на выпускном балу, выпив шампанского, он в порыве слезливой сентиментальности попытался ей что-то объяснить, а она смотрела на него с той же усталой тоской, с какой смотрела и сегодня. 
 (34)–Ну, получается, что я обманул тебя! 
 (35)–Меня? – она улыбнулась. (36)–Разве ты меня обманул? 
 (37)–А кого же! – сказал он и глупо ухмыльнулся. (38)Она молча ушла. 
 (39)…Плетёнкин хмуро намыливал руки. (40)Он подумал, что обязательно встретит её и вернёт ей двести, нет, не двести, а все пятьсот рублей… (41)Но с отчаянием понял, что никогда не сделает этого. 
 (42)–Ты чего там застрял? (43)Всё стынет на столе! – потеряв терпение, крикнула из кухни жена. 

(44)«Разве ты меня обманул?» – вновь вспомнилось ему, и он поплёлся есть остывающий суп. 
 (По С.С. Качалкову*) 
 *Сергей Семёнович Качалков (род. в 1943 г.) - современный писатель-прозаик. 
 Информация о тексте 
 
"
185,"Текст Качалкова С. 
 (1)Идут  годы,  и  люди  меняются  со  временем.  (2)До  неузнаваемости! (3)Порою  это  даже  не  изменения,  а  настоящие  метаморфозы!  (4)В  детстве была  принцесса,  повзрослела – превратилась  в  пиранью.  (5)А  бывает наоборот:  в  школе – серая  мышка,  незаметная,  а  потом  нá тебе – Елена Прекрасная.  (6)Почему  так  бывает?  (7)Кажется,  Левитанский  писал,  что «каждый выбирает по себе женщину, религию, дорогу». (8)Только не ясно: действительно  ли  человек  сам  выбирает  для  себя  дорогу  или  какая-то  сила толкает  его  на  тот  или  иной  путь?  (9)На  самом  ли  деле  наша  жизнь изначально  предначертана  свыше:  рождённый  ползать  летать  не  может?.. (10)Или всё дело в нас: ползаем мы потому, что не захотели напрягать свои крылья?  (11)Не  знаю!  (12)В  жизни  полным-полно  примеров  как  в  пользу одного мнения, так и в защиту другого. (13)Выбирай что хочешь. 
 (14)Максима   Любавина   мы   в   школе   называли   Эйнштейном. (15)Правда, внешне  он  нисколько  не  походил  на  великого  учёного, но  зато имел все замашки гениев: был рассеян, задумчив, в его голове всегда бурлил сложный  мыслительный  процесс,  совершались  какие-то  открытия,  и  это часто  приводило  к  тому,  что  он,  как  шутили  одноклассники,  был  не  в адеквате.  (16)Спросят,  бывало,  его  на  биологии,  а  он,  оказывается,  в  это время  каким-то  мудрёным  способом  рассчитывал  излучение  каких-то  там нуклидов.  (17)Выйдет  к  доске,  начнёт  писать  непонятные  формулы. (18)Учительница биологии плечами пожмёт. 
 –(19)Макс, ты про что?  
 (20)Тот  спохватится,  стукнет  себя  по  голове,  не  обижаясь  на  смех  в классе,  тогда  уж  начнёт  рассказывать  то,  что  нужно,  например,  про дискретные законы наследственности. 
 (21)На дискотеки, классные вечера он носу не показывал. (22)Ни с кем не  дружил,  так – приятельствовал.  (23)Книги,  компьютер –вот  его  верные товарищи-братья. (24)Мы между собой шутили: запомните хорошенько, как одевался Максим Любавин, где он сидел. (25)А лет через десять, когда ему вручат Нобелевскую премию, сюда понаедут журналисты, хоть будет что про своего великого одноклассника рассказать.  
 (26)Макс поступил в университет. (27)Через несколько лет он блестяще окончил  его...  (28)А  потом  наши  дороги  разошлись.  (29)Я  стал  военным, надолго  уехал  из  родного  города,  обзавёлся  семьёй.  (30)Жизнь  у  военного бурная: только соберёшься в отпуск – какое-нибудь ЧП... (31)Но вот всё же удалось  с  женой  и  двумя  дочками  вырваться  на  родину.  (32)На  вокзале сговорились с частником, и он повёз нас на своей машине до родительского дома.  
 –(33)Тольк,  ты  меня  не  узнал  что  ли? –вдруг  спросил  водитель. (34)Я  изумлённо  посмотрел  на  него.  (35)Высокий  мужчина,  усики,  очки, шрам  на  щеке.  (36)Не  знаю  такого!  (37)Но  голос  действительно  знакомый.  
 (38)Макс  Любавин?!  (39)Да  не  может  быть!  (40)Великий  физик  занимается частным извозом?  
 –(41)Нет!  (42)Бери  выше! – усмехнулся  Макс. –(43)Я  грузчиком  на оптовом рынке работаю... 
 (44)По моему лицу он понял, что я счёл эти слова шуткой.  
 –(45)Да  нет!  (46)Просто  я  умею  считать!  (47)У  нас  сахар  мешками продают!  (48)Я  вечером  из  каждого  мешка  граммов  по  триста–четыреста отсыплю.  (49)Знаешь,  сколько  в  месяц  выходит,  если  не  жадничать? (50)Сорок тысяч! (51)Вот и прикинь, если бы я стал учёным, получал бы я такие  деньги?  (52)На  выходных  можно  извозом  подкалымить,  подвёз  пару клиентов – ещё тысяча. (53)На булочку с маслом хватает... 
 (54)Он довольно засмеялся.  
 (55)Я покачал головой.  
 –(56)Макс, а вот с сахаром – это не воровство? 
 –(57)Нет! (58)Бизнес! – ответил Макс.  
 (59)Он  довёз  меня  до  дома.  (60)Я  дал  ему  двести  рублей,  он  вернул десятку сдачи и поехал искать новых клиентов.  
 –(61)Вместе учились? – спросила жена.  
 –(62)Это  наш  Эйнштейн! – сказал  я ей. –(63)Помнишь,  я  про  него рассказывал!  
 –(64)Эйнштейн? 
 –(65)Только бывший! – с печальным вздохом произнёс я.  
 (По С.С. Качалкову*) 
 *Сергей Семёнович Качалков (род.  в  1943  г.) – современный  российский публицист. 
"
186,"Текст Кибитова О. 
 (1)Она любила внука так, как любят только в глубокой старости, когда свои дети выросли и, что говорить, отдалились от матери. 
(2)Каждую минуту бабка знала, чего хочет внук. (3)Но, должно быть, это ей просто казалось, а может быть, её предусмотрительность была не по нраву горячему, не терпевшему опеки парню, только не очень ценил он свою бабку. 
 (4)А она не могла нарадоваться, когда он бывал дома. (5)И какую же муку ей пришлось вынести, когда его провожали в армию! (6)Она выпила тогда браги и, пьяненькая, крохотная, плясала отчаянно и горько, невесело покрикивая. (7)Но под конец она всё-таки не выдержала, и слёзы, которые все время старалась сдерживать, хлынули вовсю. (8)Казалось удивительным, откуда они ещё берутся на этом высушенном временем и заботами лице. 
 (9)А внук ушёл, даже не заглянув в ее угол. (10)Бабка обиделась на него, но каждый раз, когда приходило письмо с треугольной печатью, тайком от всех молилась за внука. (11)Когда же внук вернулся и встал на пороге в коротенькой куртке, которую называл бушлатом, и диковинном картузе без козырька, с двумя ленточками, была убеждена, что это Бог вернул ей внука.  
 (12)Она выпрямилась тогда и как будто помолодела. (13)Решила, что внук скоро женится и дождётся она правнуков. (14)Но внук и на этот раз обманул её ожидания, так же, как обманывал раньше, не обращая внимания на бабкины заботы, не считая себя чем-то обязанным ей. 
 (15)Однажды только он разоткровенничался: 
 - (16)Пойми, бабка, не могу я здесь бросить якорь. (17)Море полюбил… (18)И ветер… (19)И солёные брызги… 
 (20)Она слушала его, не понимая, поглаживая по голове, и приговаривала: 
 - (21)Так нешто здесь мало солёненького? (22)Хочешь, я тебе огурчиков принесу? (23)Сама солила. (24)Погоди, я мигом… 
 (25)Он уезжал через несколько дней… (26)Уезжал обратно, туда, откуда привёз свой бушлат и бескозырку. (27)Уезжал, несмотря на уговоры матери и причитания бабки. (28)И бабка решила, что не простит ему этого. (29)Она знала: второй раз не поможет даже сам Бог. 
 (30)И всё же она пошла его проводить. (31)До станции было километров пять: километр по поселку, остальные – полем. (32)Они дошли до крайних домов, он чуть впереди, она сбоку и сзади, и бабка испугалась, что внук пошлёт её обратно. (33)Очень просто: вот остановится и, не оборачиваясь, скажет, как говорил всегда, когда она чересчур надоедала: «Ну, старая, пока!» (34)Она так поверила в это, что, когда он действительно остановился, подумала, что сейчас завоет в голос. 
 (35)Он поставил чемодан на землю, подождал, пока бабка подошла и остановилась в шаге от него. (36)Потом вдруг сам шагнул к ней, протянул руки и прижал к себе. (37)Внук был большой и сильный, она – шуплая и слабая. (38)Она так и повисла на его руках, уткнувшись носом в пуговицу на бушлате, не чувствуя боли от неожиданно нахлынувшего счастья… 
 (39)Когда он после недолгого молчания отодвинул её от себя и сказал: «Ну, старая, пока!» – она не расслышала ни слов этих, ни дрогнувшего голоса, которым они были сказаны. (40)Она простила ему всё.  
 (По О. Кибитову) 
 Олег Кибитов – российский писатель. 
 
"
187,"Текст Коваля Ю. 
 (1) Этот день случайно появился среди пасмурной осени и должен был скоро кончиться. (2) Хотелось прожить его хорошо, принести домой его след. (3) Нагруженный грибами и букетами, я вышел на опушку, где течёт из-под холма ключевой ручей. 
   (4) У ручья на расстеленной фуфайке сидела соседская девочка Нюрка, рядом валялся её портфель. (5) В руке Нюрка держала жестяную кружку, которая всегда висела на березке у ручья. 
 (6) — Закусываешь? — спросил я, сбрасывая с плеч корзину. 
  (7) — Воду пью, — ответила Нюрка. (8) Она даже не взглянула на меня и не поздоровалась. 
  (9) — Что пустую воду пить? (10) Вот хлеб с яблоком. 
  (11) — Спасибо, не надо. 
  (12) Нюрка поднесла кружку к губам и глотнула воды. (13) Глотая, она прикрыла глаза и не сразу открыла их. 
  (14) — Ты чего невесёлая, может, двойку получила? 
  (15) — Получила. 
  (16) Она снова глотнула воды и закрыла глаза. 
  (17) — А домой почему не идёшь? 
 (18) — Не хочу, — ответила Нюрка, не открывая глаз. 
  (19) — Так и умрёшь здесь, у ручья? 
 (20) — Так и умру. 
 (21) — Из-за двойки? 
 (22) — Не из-за двойки, ещё кое из-за чего. 
  (23) — Это из-за чего же? 
 (24) — Есть из-за чего, не твое дело. 
 (25) Нюрка снова хлебнула из кружки и прикрыла глаза. 
 (26) — Ну и ладно, — сказал я, обидевшись. — (27) С тобой по-человечески, а ты... (28) Я тоже тогда лягу и умру. 
  (29) Я расстелил на траве куртку, улегся и стал слегка умирать, поглядывая, впрочем, на солнце, которое неумолимо пряталось за деревья. (30) Облака терлись друг о друга солнечными боками, и легкий шелест слышен был на земле. (31) Так не хотелось, чтоб кончался этот день. 
 (32) — Тебе-то из-за чего умирать? — спросила Нюрка. 
 (33) — Есть из-за чего, хватает, — ответил я. 
 (34) — Болтаешь, сам не зная... 
 (35) Я закрыл глаза и минут пять лежал молча, задумавшись, есть мне от чего умирать или нет. (36) Самые тяжёлые, самые горькие мысли пришли мне в голову, и вдруг стало так тоскливо, что я забыл про Нюрку и про сегодняшний счастливый день, с которым не хотел расставаться.  
  (37) А день кончался. (38) Давно уж миновал полудень, начинался закат. 
  (39) Облака, подожжённые солнцем, уходили за горизонт. (40) Неторопливо и как-то равнодушно взмахивая крыльями, к закату летела одинокая ворона. 
  (41) — Ты бы заплакал, если б я умерла? — спросила вдруг Нюрка. 
  (42) — Конечно, — серьезно ответил я. 
 (43) — А мне кажется, никто бы и не заплакал. 
  (44) — Вся деревня ревела бы. (45) Тебя все любят. 
 (46) — За что меня любить, что я такого сделала? 
  (47) — Откуда я знаю? (48) За то, что хороший человек. 
  (49) — Ничего хорошего. (50) А вот тебя любят, если бы ты умер, тут бы все стали реветь. 
 (51) — А если б мы оба вдруг умерли, представляешь, какой бы рев стоял? 
  (52) — Это правда, — засмеялась Нюрка. — (53) Рёв был бы жуткий. 
 (54) — Давай уж поживём ещё немного? — предложил я. — (55) А то деревню жалко. 
  (56) Нюрка снова улыбнулась, глотнула воды, прикрыла глаза. 
  (57) — С открытыми глазами воду выпьешь и ничего не заметишь. (58) С закрытыми — куда вкусней, попробуй. 
  (59) Я взял кружку, зажмурился и глотнул. 
  (60) Сладкой подводной травой и ольховым корнем, осенним ветром и рассыпчатым песком пахла вода из ручья. (61) Был в ней голос лесных озёр и болот, долгих дождей и летних гроз. (62) Я глотнул ещё раз и почувствовал запах совсем уже близкой зимы — времени, когда вода закрывает глаза.  
 (По Ю. Ковалю) 
"
188,"Текст Кожуховой О. 
 С детства не слышала отлетающих журавлей.  
Сейчас предо мной оголенные, в побуревшем от непогоды жнивье равнины, так похожие на родные. Я сижу у самой воды, у холодного, в мелкой волне, заросшего деревьями озера. Плакучие ивы ещё ярко-зелёные, а ракиты седые, как будто в дыму, словно тронуты инеем. И в листве лип и клёнов и белых, серебристых тополей уже кое-где да мелькнет желтизна ранней осени.  
 Тишина, солнцепёк, растворение в этом пахнущем вялой травой, рыбьей слизью и палыми листьями удивительном воздухе, в затишке, где безветрие возвращает тебя снова в жаркое лето. И вдруг что-то тревожное, непонятное, трубным голосом с неба, чей-то зов, чуть скрипучий, картавый, тоскливый. 
 - Журавли! Смотри скорей, журавли!  
 Они вышли, как самолёты, из-за купы деревьев классическим треугольником, держа курс строго на юг, и скрылись за дамбой, обросшей ракитником. Спустя полчаса зов раздался опять и опять. Теперь журавли шли цепочкой на запад; лишь вожак, вырываясь, летел чуть-чуть впереди, как бы с силой вытягивая непослушных ведомых опять в треугольник, всю чёрную эту ниточку, но так и не вытянув её.  
 - Вон ещё журавли! - кричат мне товарищи.  
 Но мне кажется, это все те же, уже пролетавшие раз над нами. Просто птицы прощаются с озером, с рощами, с заросшими пыреем и полынью долинками и оврагами, с полями в обломках стеблей кукурузы, с бездомно покинутыми на пашнях стогами соломы. Видно, взрослые журавли учат младших, подлетков, находить, возвращаясь весной, это озеро, островки на нём в соснах и елях, этот дом на холме, эти купы деревьев и все видимые с высоты, с любого захода приметные ориентиры - грустный птичий урок навигации.  
 Может быть, при этом старшие им говорят:  
 - Запомните, это ваша родина! Обязательно возвращайтесь в родные края, даже если не будет нас, взрослых! Пожалуйста, не забудьте дорогу сюда. Здесь мы любим друг друга, здесь рождаются наши дети, здесь мы умираем. Жаркий юг - это только лишь отдых, а жизнь наша здесь…  
 Я завидую им, улетающим, потому что весной они обязательно снова вернутся сюда. А я?.. Сумею ли я опять побывать здесь, на тёмной, зелёной реке, на этих прудах и озёрах, взглянуть на берёзовые аллеи, уходящие в степь, на свекольные и ржаные поля? Я летаю теперь выше птиц, а оттуда, с немыслимой для журавля высоты, разве можно заметить мелькнувшую где-то внизу голубую подкову заливчика, где мы ловим плотвичек и раков, эти серые, словно седые, ракиты, эти рыжие, опалённые солнцем дубы?!  
 Я люблю бывать каждый раз в каком-нибудь новом краю, в незнакомом мне месте, видеть горы, моря, и красивые города, и красивых людей, люблю слушать красивые, полные скрытого смысла, лукавые речи… А здесь что услышишь? Лишь ""цоб"" да ""цобе""? Что увидишь? Вот этих летящих с севера на юг, а затем ещё раз, как бы ровным крестом, поперёк, с востока на запад, расстающихся со мной, улетающих журавлей?  
 Так мало, так мало! Так мало, что хочется непременно вернуться - и постигнуть: а чего же здесь много? Отчего вот за эту неяркую, небогатую землю бились люди - до крови, до смерти - и с половцами, и с татарами, и с поляками, и со шведами, и с немецкими фашистами? Значит, что-то их привлекало на этой земле, моих предков, поселившихся издревле здесь, возле серой реки?  
 Я люблю эту землю.  
 Научите меня, журавли, обязательно возвращаться! Может быть, я пойму непонятное, как и вы, угадаю. 
 Ольга Константиновна Кожухова (1922—2007) — русская советская писательница. 
"
189,"Текст Кожуховой О. 
 (1)Детство моё было полно необъяснимого и прекрасного. (2)Потом
объяснимого стало больше, а прекрасного меньше. (3)Исчезли из нашего
старого дома старинные сказки с русалками, лешими и домовыми. (4)Их
вытеснили таблицы умножения, затем алгебра, геометрия; человек на
картинках предстал в разрезе; всё тайное стало явным; на смену поэзии пришла
проза. 
 (5)Осталось чудесной загадкой одно – само моё детство. (6)Я нынче
раздумываю: где оно затерялось, когда? (7)Отчего я тогда не ценила его и
слишком спешила стать взрослой? (8)Мне оно почему-то рисуется очень
милым, смешным существом, дорогим мне, родным, но, однако, не понятым
мною. (9)Словно я, оробев, постеснялась приблизиться, заглянуть ему прямо в
глаза, не сумела сдружиться как следует. 
 (10)Потом, спустя годы, точно так же я пожалею о себе, уже взрослой:
почему не пыталась понять до конца, для чего мои силы, моё ликование, смех,
веселье, здоровье? (11)Лишь о старости не пожалею, но, наверно, и в старости
мы так, в сущности, и не постигаем самих себя и не знаем, какие возможности в
нас таились, на что мы способны. 
 (12)Мне кажется, на войне человек иногда постигал эту тайну. (13)Он
вдруг видел, как в блеске слепящей, в полнеба, ветвящейся молнии, себя
самого, свою душу – до дна. (14)И себе удивлялся: вот я каков! (15)Вот какие
во мне гигантские силы! (16)Как я рад, что я лучше, красивей, отважней, чем
мне это когда-то казалось… 
 (17)Да, поэтому мы и вспоминаем о тех горьких, тягчайших, мучительных
днях с таким наслаждением, так любовно лелеем, храним в своей памяти то
суровое время. (18)Наше лучшее «я» не для будничных дел, оно как-то меркнет
при свете обычных электрических ламп, оно проявляется лишь при свете
коптилок и взблесках орудий. 
 (19)Дом, семья, а ты их почему-то не ценишь. (20)И не знаешь их
смысла… (21)Только на войне я впервые почувствовала, что это такое, когда у
тебя есть мать, отец, калитка во двор, давненько не крашенное крыльцо со
щеколдой, дверь в комнату, комната с венецианским окном. (22)Всё мило,
привычно. (23)В ледяной ли траншее, в жаркий ли день на пыльной армейской
дороге мне они вспоминались всё чаще и чаще: я узнала им цену.
(24)Вспоминалась зелёная, травянистая улица с блестящими рельсами
посредине. (25)Вспоминались слоноподобные, в серой толстой морщинистой
шкуре, угрюмые вязы у нас под окном. (26)Я всегда представляла себе, как
открою скрипучую калитку и пройду по песчаной дорожке во двор. (27)Мать
выглянет из окна и всплеснёт руками: «Солдатик мой с фронта вернулся…» 
 (28)Но война знала, что делала! (29)В своей убивающей чёрной злобе она
не хотела оставить воюющим ни здоровья, ни жизни, ни этой вот радости
возвращения, желанной, как хлеб или воздух. (30)И, как хлеб или воздух,
естественной, необходимой. 
 (31)Победа пришла, а мне некуда возвращаться. (32)Мой город сожжён и
разрушен. (33)И дом мой сожжён. (34)Нет ни вязов, ни окон, ни скрипучей
калитки, только груда кирпичей от фундамента. (35)И в таких же подобных
развалинах полстраны. (36)Куда ни поедешь, везде начинать жизнь с нуля.
(37)И везде ты – солдат. (38)Потому что, кроме как воевать, ничего не умеешь. 
 (39)Говорят, недолго яблоня цветёт, да долго помнится её кипенно-белый
духовитый наряд, бледный шёлк лепестков. (40)Сейчас я смотрю в те
прошедшие годы, как в быструю реку – дна не видно, лишь отблески солнца да
рябь на воде. (41)Как потом жизнь ни швыряла меня и ни мяла, а что-то
осталось в душе от тех солнечных дней. (42)И не только осталось, а, наверное,
до старости будет отзываться в душе то болью, то радостью какой-нибудь
кустик пахучей полыни, или тропка во ржи, или теплый закат над озером или
лесом. (43)Уж если тебя занесло в тишину, какой благодатью она вдруг омоет и
сердце, и душу… 
 (По О. Кожуховой*) 
 * Ольга Константиновна Кожухова (1922–2007) – русская советская
писательница, участница Великой Отечественной войны."
190,"Текст Колганова А. 
 (1)Всё чаще я думаю о том, что культура сейчас находится в глубоком кризисе, а литература вытесняется из общественной жизни новыми средствами массовой коммуникации. 
 (2)Согласно довольно расхожей теории, литература у нас выполняла функцию властителя дум по той простой причине, что она восполняла вакуум свободной политической, гражданской жизни. (3)Соответственно все эти вопросы гражданской, политической, социальной жизни смещались в область литературы и там обсуждались с большим интересом. (4)Когда в конце концов народу была отпущена некоторая доза гражданских свобод, необходимость в литературе просто отпала. (5)И её заменили имиджмейкеры, пиарщики, которые режиссируют обсуждение насущных вопросов уже не с помощью литературных произведений, а на телевидении, радио, в прессе. (6)Так что властителем дум становится журналист. 
 (7)Есть ещё одна причина, по которой литература утратила свою высокое значение. (8)Всё российское общество сейчас выяснило, что оно либо не нуждается в гражданских и политических свободах, либо не в состоянии ими воспользоваться. (9)Потенциальный читатель не хочет обсуждать эти вопросы, потому что не надеется найти на них ответ. (10)Беда и в том, что российские писатели тоже не хотят рассматривать актуальные проблемы. (11)Видимо, потому, что они ответа не знают. 
 (12)Тем не менее я далёк от того, чтобы констатировать полную безысходность положения. (13)Почему? (14)Давайте сунем нос в Интернет, и что мы там увидим? (15)Наряду с грудами всякого мусора мы увидим электронные библиотеки. (16)В составе этих библиотек огромное количество классики. (17)И публицистики, которая обсуждает вот эти самые животрепещущие вопросы. (18)Значит, это кому-нибудь нужно. (19)Я не преувеличиваю популярность классики внутри Интернета, но её присутствие там заметно. 
 (20)А не утрачена ли нашим обществом потребность в познании и понимании действительности и человека? (21)Нет, не утрачена. (22)Потому что люди мучаются, страдают оттого что не видят решения тех вопросов, с которыми сталкиваются в повседневной жизни. (23)Они боятся искать ответы самостоятельно, потому что никто пока их дать не может. (24)Но эти ответы всё же появятся, потому что жить с одними затаёнными вопросами невозможно ни обществу, ни человеку. (25)Ответы появятся, тогда появится и литература, произойдёт её возрождение. (26)В это мне хочется верить, потому что только в литературе общество может удовлетворить свою потребность в познании действительности и человека. 
 (По А.Колганову*) 
 *Колганов Андрей Иванович (р.1954) – современный учёный-экономист, общественно-политический деятель, журналист, публицист. 
"
191,"Текст Колесова Б. 
 (1) Ясное морозное зимнее утро. (2)По узкой деревенской тропке шагаю с ведром на родник. (3)Лет мне пока не так много, чтобы за один раз принести два ведра воды. (4)Это потом уже будут и две объёмистые оцинкованные посудины, и даже коромысло. (5)По примеру бабушки отправлюсь к источнику хорошо вооружённым деревенским вспомогательным устройством, но не смогу балансировать вёдрами — стану ходить по-прежнему. 
 (6) Вот, значит, невеликим мужичком иду к оврагу, глубокому и заснеженному, где струится чистый, никогда не замерзающий ручей. (7)Вижу наверху, за белым провалом, за небесно синеющими сугробами, зелёные ёлочки. (8)И почему-то радостно на душе становится и хочется вприпрыжку бежать в овраг, чтобы потом, уже на выходе из него, обернуться и снова приметить зелёные живые деревца. (9)Вместе с ними и я доволен прозрачностью небесной, белизной снегов и бодрым, не очень сильным морозцем. 
 (10)Потом, уже летом, не раз ходил мимо тех ёлочек за три километра в соседнее село. 
 (11) И всегда встречал их на дороге — пообочь тропки — с такой восторженной радостью, словно ничего не видел на земле более прекрасного! (12)А может, и вправду не видел такого, чтоб вровень с их густой изумрудной прелестью: в нашей деревушке, затерянной по февралю в снегах, а по июлю в черёмуховых овражистых дебрях, не было ни картинных галерей, ни даже клуба. 
 (13)Сейчас мне уже под семьдесят, но всегда с замиранием сердца вспоминаю те ёлочки. 
 (14) Не могу объяснить, что со мной, — иногда аж слеза прошибает: дорогие вы мои, ненаглядные! 
 (15) Дни меж тем продолжались чередой годов; многие события, встречи становились привычными, потихоньку стирались воспоминания. (16)Но никуда не ушли те дни, когда водили ноги досужего зрителя по заповедной целине Приокско-террасных ельников, по дивному тамошнему заповеднику. (17)Ели тут были особенными. (18)Сам заповедник, со всеми его растениями и животными, необычайно интересен. (19)Одни зубры чего стоят! (20)Где ещё увидишь могучих великанов, существовавших в пору древнеславянских народов? (21)Но что касается заповедного елового подроста… (22)Тут держишь ухо востро! 
 (23) По ту сторону Оки, на лесостепном или степном юге, трудновато уже встретить ёлочку, произрастающую вполне естественно. (24)В Средней полосе России для подобных деревьев природой положен предел, проведена невидимая черта, объясняемая особенностями российского климата. (25)Взять хоть влагу, до которой ели весьма охочи, — маловато её в степях,  разве не так? (26)В климате более сухом и жарком выстоять маленькой ёлочке, быстро подрасти, чтобы поглубже в землю пустить корни и набрать силу, не так-то легко. (27)Даже искусственные лесонасаждения, где подросту обеспечен заботливый уход, получаются, говоря языком лесоводов, нерентабельными, и сосны имеют предпочтение среди хвойных пород. (28)Аккуратные зелёные строчки молодых сосен я встречал даже на степном Дону. (29)А вот еловых посадок не видел. 
 (30)Высоко ценится ель в деревообработке, в бумажном производстве, в изготовлении певучих музыкальных инструментов… (31)Но как оценить красоту её чудесного зелёного убранства посреди русских снегов? 
 (32) Природа наша столь удивительна, что возникает желание быть с ней заодно в стремлении жить, побеждать трудности и быть полезным людям. (33)Бывали у меня радостные, счастливые дни. (34)Бывали и такие, когда деловой настрой заставлял понимать, что важно в повседневном, полном всяческих хлопот, быту людей. (35)Кому книжку подавай, кому скрипку, кому дрова для печки, кому плахи какие-нибудь для строительства дома.. (36)Кто-кто, а лесоводы знают, для чего пестуют искусственные посадки. 
 (37) Но болит и болит сердце за еловый лес… (38)3а те ельни, как называли в старину влажные лесные места с преобладанием этой породы хвойных, за те посадки в заказниках, где молодые ёлочки подвергаются беспощадному наступу. (39)Кто на них, бедных, наступает в наши времена? (40)3ачастую дикие заготовители стремятся срубить дерево крупное и сильное, чтобы взять от него пышную верхушку. (41)Кроме того, в больших посадках, где способную охрану не поставишь, полным ходом идёт заготовка дров. (42)Может, найдутся такие, что станут мне возражать, но откуда тогда в молодых лесах столько безобразных пней, а? 
 (43) Берегите чудо природы, берегите красавиц, особенно в предновогодние дни. 
 (44) Молодые ёлочки — они ведь для всего и для всех. (45)Молодёжь для страны — золотой фонд. (46)3елёные красавицы заказников — благо для русского леса. (47)Нежные эти ёлочки — молодёжь вполне достойная. 
 (По Б. Колесову) 
 Борис Колесов — российский писатель, журналист, сценарист. 
"
192,"Текст Кологрива В. 
 (1)Когда шла Великая Отечественная война, мою родную деревеньку Ивановку не бомбили, не жгли, из пушек не обстреливали. (2)Немцы по ней проходили, но уже пленными, с печально опущенными головами. (3)Я знал, что они наши враги, что они убили моего отца. (4)Но мне все равно почему-то было их жалко. (5)Может быть, потому, что их вели под конвоем и конвоиры сурово на них покрикивали, прикладами подталкивали отстающих… 
 (6)Накануне войны в одном из пахнущих свежей смолой домов с недостроенным высоким крыльцом поселилась наша семья. (7)Из этого дома, так и не успев его достроить, ушёл на войну отец. (8)С тех пор минуло много лет. (9)А я как сейчас вижу его, светловолосого, стройного, с печальным скуластым лицом. (10)Ранним июльским утром он усаживает нас с братом на дроги, а сам идет пешком. (11)За деревней по его команде мы спрыгиваем с дрог и с криками «Папа, папа!» бежим за подводой. (12)Он машет нам рукой и велит возвращаться домой. (13)Мы останавливаемся и тоже машем ему. (14)А дроги, на которых, как думаем мы, отец едет на войну, убегают вдаль. (15)На самом деле отец едет пока в райцентр на призывной пункт, а уже оттуда его должны отправить на фронт. 
 (16)На другой день после проводов отца в райцентр напротив нашего дома посреди дороги остановился грузовик, в кузове которого, сгрудившись, стояли молодые парни. (17)Из кузова спешно выпрыгнул отец и устремился к нам. (18)Навстречу ему с плачем рванулась мама, а за ней и мы с братом. (19)Парни сначала что-то кричали, смеялись, давая советы отцу, но, увидев нас, притихли. (20)Шофёр, высунувшись из кабины, торопил отца. (21)Но на улицу высыпали все жители нашей деревеньки, и каждый хотел с ним попрощаться, кто-то наказывал передать поклон родному человеку, будто отец обязательно должен был встретить его. 
 (22)Когда машина тронулась, заголосили бабы, мама зарыдала, брат Генка заплакал. (23)А я, предупрежденный отцом, что мужику реветь не положено, молча сглатывал слёзы… 
 (24)Как бы я хотел перечитать сейчас отцовские письма, которые он посылал нам с фронта! (25)Они были без конвертов, написаны на листочках и сложены треугольником. (26)Не до конвертов было на фронте. (27)Нет отцовских писем. (28)Пропали при переездах. (29)Горько и обидно. (30)Ах, если бы поаккуратнее да позаботливее отнестись к ним! (31)Узнал бы, о чём он тогда думал, о чём мечтал… 
 (32)Я не помню, о чём писал отец, хотя мать и читала нам вслух его письма. (33)Но точно знаю, что о нас с братом он заботился. (34)Однажды в одном из писем-треугольников он прислал нам с Генкой два малюсеньких серебристых танка. (35)Вероятно, это были отличительные знаки, которые солдаты носили на петлицах. (36)А отец был командиром танка, сержантом в армии генерала Катукова. (37)В деревне никаких игрушек тогда не водилось, а тут такие невиданные значки! (38)Мы с братом гордились ими, хвастались перед ребятишками, но и давали поиграть. 
 …(39)В жаркий июльский полдень, ровно через год после того как отец ушёл на фронт, почтальонша вручила маме необычное с виду письмо. (40)В конверте! (41)Мама насторожилась, в глазах её заблестели слёзы. (42)Я был слишком мал, чтобы понять, что в конверте находилось похоронное извещение, или попросту «похоронка», и стал просить маму, чтобы она поскорее прочитала отцово письмо. (43)Но когда она, пробежав его глазами, заголосила и хлестнулась на землю, а зарёванные бабы, подруги матери, велели мне сбегать в поле за дедушкой и бабушкой, родителями отца, до меня дошло, что папу я уже никогда не увижу и не услышу его голоса. (44)И вот тогда на меня накатила такая безысходная тоска, что я всю дорогу бежал и рыдал… 
 (45)Тоска по отцу не отпускала долго, пока не стали приходить похоронки и в другие дома и моё горе не слилось с горем других деревенских ребятишек. (46)Слившись, оно не уменьшилось, но как бы перемешалось и предстало уже в ином качестве — всеобщего людского горя. (47)Страдать сообща всё-таки было легче. (48)Постепенно тоска по отцу приутихла, но рана в душе так никогда и не зарубцевалась… 
 (По В. Кологриву*)  

* Виктор Федорович Смирнов (Кологрив) (род. в 1936 г.) — российский писатель, автор книг для детей и взрослых, лауреат Международной литературной премии им. С. В. Михалкова. 
 Примерные проблемы: 
1. В чем проявляется бесчеловечность войны?  
2. Какие испытания выпали на долю родных и близких фронтовиков? Как люди в тылу справлялись со страшным горем, которое несла война, - потерей самых дорогих людей?  
3. Какое чувство возникало у людей, даже потерявших близких, по отношению к побежденному врагу? 
"
193,"Текст Кона И.  
 (1)Как  изменились  ценностные  ориентации  дружбы  в  современную  эпоху? (2)Мы  часто  слышим,  что  массовое  общество  разрушило  или  подорвало  основы  человеческого  общения, сделало  его  стандартным,  менее  интенсивным, менее  человечным.(3)Некоторые  социологи  считают,  что  в  современном  обществе,  где  конкретный  человек  теряет  свою  индивидуальность, растворяясь  в  массе, глубокая  и  длительная  дружба  невозможна.(4)Американский  футуролог  А.Тофлер  писал, что  условия  современной  жизни -  высокая   социальная   мобильность, частые  перемены  места  жительства, работы  -  делают  личные  отношения  непостоянными, ненадежными  и  эфемерными. (5)Люди,  так  же  как  вещи  и  места, проходят  через  нашу  жизнь  не  задерживаясь. (6)Чаще  всего  мы  вступаем  с  окружающими  нас  людьми  в  поверхностные, деловые  отношения. (7)Сознательно  или  нет,  мы  строим  наши  отношения  с  людьми  на  функциональной  основе. (8)В  условиях  городской  жизни, особенно  в  современном  мегаполисе, все  усложняется. (9)Человек, стремящийся  чего-то  достичь, должен  беречь  время,  и  это  сказывается  на  неутилитарном  общении: банкет  для  налаживания  отношений  с  «нужными  людьми», деловые  обеды  и ужины – это  совсем  не  то  же  самое, что  дружеское  застолье. 
  (10)Каждый  человек  хочет,  чтобы  его  любили  не  за  что-то,  а  ради  него самого. (11)Если  мы  замечаем,  что  друзья  обращаются  к  нам  преимущественно  в  момент  нужды, нам  становится  обидно. (12)Но  мы  и  сами  поступаем так  же! (13)Дружеские  отношения  ценны  прежде  всего  потенциально,  они  дают  уверенность  в  том,  что  нам  есть  с  кем  поделиться  и  есть  к  кому  обратиться  за  помощью. (14)Реальная  потребность  в  этом  возникает  не  часто,  в  зависимости  от  конкретных  обстоятельств. (15)Но  это  не  значит,  что  в  остальное  время  мы  забываем  или  перестаем  любить  своих  друзей. (16)Просто  дружба  ждет  своего  часа. (17)Однако  наша  актуальная  потребность  в  душевной  близости  или  практической  помощи  возникает  у  людей  не  в  одно  и  то  же  время,  порождая  чувство  обиды  и  непонятости. (18)Но  так  было  во  все  времена! (19)Необходимое  условие  дружбы – вера  в  друга  и  взаимная  терпимость. 
 (20)Дружеские  отношения  возглавляют  список  важнейших  ценностей  и  условий  личного счастья, именно  дружеские  отношения  часто  считаются  даже  более  важными, чем  семейно-родственные   связи. (21)Из  40  тысяч  американцев, ответивших  на  анкету  популярного  журнала,  свыше  половины  сказали, что  в  кризисной  ситуации  обратились  бы  к  друзьям  раньше, чем  к  членам  собственной  семьи. (22)У  нашей  молодежи  потребность  в  дружбе  еще  сильнее. (23)Даже  при  сравнительно редких  встречах  и  большом  расстоянии  дружеские  отношения,  как  правило,  считаются  наиболее  интимными  и  психологически  важными,  наличие  близких  друзей  служит  важнейшим  условием субъективного  благополучия. (24)Дружба  сегодня  ассоциируется  прежде  всего  с  духовной  близостью,  потребность  в  которой  безгранична. 
 (25)С  возрастом  иерархия  ценностей  меняется,  но  дружба  все   же  занимает  одно  из  первых  мест. (26)Люди,  как  и  прежде,  ставят  тепло  человеческого  общения   выше  заработка,  приглашают  в  дом  не  «нужных», а  близких  людей  и  предпочитают  задушевную  беседу   увлекательной  видеокассете. (27)Трудно? (28)Приходится  чем-то  жертвовать?  (29)Но  глубокие  чувства  и  отношения  потому  и  ценились  во  все  времена,  что  они  никому  и  никогда  не  давались  даром. 
 (По И.С. Кону*) 
 *И́горь Семёнович Кон (1928-2011) — советский и российский социолог, психолог, философ. 
 
"
194,"Текст Кондратова А. 
 (1) Всем известно, что археологические изыскания требуют больших средств, отнимают много времени и сил. (2) А нужны ли они? (3) Стоит ли тратить такие усилия только ради того, чтобы уточнить какую-нибудь дату, или расшифровать древний текст, или обнаружить еще одну стоянку первобытного человека? 
 (4) Каждый новый факт, даже самый незначительный, помогает нам лучше понять прошлое. (5) А без правильного понимания прошлого нельзя понять и настоящее. (6) И, разумеется, строить свое будущее. 
 (7) Археология, дешифровка письмен, антропология и другие науки, с помощью которых мы узнаем о событиях прошлого, играют и будут всегда играть большую роль в нашей жизни. (8) Сто лет назад непревзойденными считались памятники искусства Древней Греции и Древнего Рима. (9) Ныне искусствоведы гораздо выше ставят шедевры более ранних эпох. (10) Открытия археологов произвели настоящую революцию во взглядах на искусство, бытовавших ранее. (11) Мы восхищаемся теперь гениальными творениями египетских скульпторов (вспомните хотя бы портреты Нефертити), африканской бронзой, палеолитической живописью из пещер Испании и Франции. 
 (12) В древних культурах мы видим не просто «объект археологической науки», а свои корни, свои традиции, пережившие века. 
 (13) Раскопки и исследования на территории нашей страны показывают, что во все времена здесь обитало множество разных народов с различными языками, религиями, культурами, антропологическим обликом. (14) Смешение языков, рас, культур шло в течение долгих веков. (15) И такое смешение происходило повсеместно. (16) На планете нет ни одной «чистой» расы, нет ни одного языка, который бы не испытал влияния другого языка, родственного или неродственного. (17) Нет ни одной «культуры в чистом виде», процесс обмена идеями и изобретениями начался многие тысячи лет назад. (18) Изучение древней истории приводит к выводу, что все люди Земли равны. (19) Нет высших и низших рас, нет «культурных» и «варварских» языков, нет «целиком самостоятельных» и «полностью заимствованных» культур. 
 (20) Для первобытного человека «людьми» были лишь члены его племени. (21) Все остальные были врагами или злыми демонами. (22) Для греков все негреки были варварами. (23) Для христиан все нехристиане были язычниками, для мусульман те, кто не следовал заветам пророка Магомета, – «неверными». (24) Для европейцев XVIII и даже XIX века все остальное человечество было скопищем дикарей. (25) Для нас, людей XXI века, знающих свое прошлое, каждый человек на земном шаре принадлежит к единой семье – человечеству.  
 (По А.Кондратову) 
"
195,"Текст Кондратова А. 
 (1)Количество «универсальных» символов с каждым годом растёт, ибо появляются новые научные дисциплины, совершенствуются и вводят свою специальную символику такие науки, как биология, психология, лингвистика. (2)Не означает ли это, что наше письмо возвращается вспять, к пиктографии, то есть рисуночному письму? 
 (3)В какой-то мере — да. (4)Но в то же самое время, создавая новые символы-идеограммы, человечество не отказывается и от достижений тысячелетий — от фонетического письма. (5)Таким образом, наша письменность становится смешанной, «буквенно-идеографической». (6)Например, тексты научных статей по математике или ядерной физике написаны именно таким буквенно-идеографическим письмом. (7)Преимущество его по сравнению с алфавитом очевидно. (8)Во-первых, идеограммы понятны независимо от языка (химические формулы, математические символы), во-вторых, они не только сокращают запись, но и помогают научному     мышлению (прогресс математики обязан главным образом введению специальной символики, созданию «языка математики»). (9)А в-третьих, такая символика становится понятной не только любому человеку, но и компьютерам. 
 (10)«Информационный взрыв» — так называют невероятно большое количество информации, которое лавинообразно возрастает с каждым годом. (11)Со времени Гуттенберга до наших дней вышло более 35 миллионов книг, и цифра эта явно заниженная, так как огромное количество специальных изданий не поступает на книжный рынок. 
 (12)Не удивительно, что учёные не в состоянии прочесть всю выходящую литературу даже по их узкой специальности. (13)Вот почему в настоящее время единственное спасение от этого потока информации, который к тому же ежегодно возрастает, — создание информационно-логических машин, построенных на основе электронно-вычислительной техники. 
 (14)С помощью «машинной письменности» можно, минуя перевод с языка на язык, записывать в электронной памяти всю необходимую информацию. (15)Система универсальной символики, международные знаки науки с каждым годом совершенствуются, но раньше это происходило, так сказать, стихийно, без участия специалистов. (16)И только в последние годы XX века стало ясно, что не последнее слово принадлежит здесь лингвистам, которые занимаются не только примитивной идеографией первобытных племён, но и современной научной идеографией. 
 (17) «Машинная письменность», она же «универсальный код науки», она же и «всемирное письмо», будет создана. (18)Это будет идеография, понятная любому человеку и вычислительной машине. (19)Но из этого вовсе не следует, что исчезнет фонетическое, буквенное письмо. (20)Ведь живая разговорная речь сохранится и будет развиваться и совершенствоваться, по-прежнему будут творить на своём родном языке поэты и прозаики. (21)3начит, останется и алфавит — средство записи живого слова. (22)Правда, и здесь техника может внести существенные коррективы: авторы сейчас записывают свои произведения на диктофоны, любой роман может быть «наговорён», существует уже множество электронных библиотек, состоящих из «звуковых книг». (23)Однако звучащее слово может быть подано в различных интерпретациях (вспомните чтение стихов в исполнении самих авторов и мастеров художественного чтения). (24)Поэтому и алфавит, и книга, вероятно, будут жить века, только сфера их употребления значительно сузится. (25)Научная, специальная, техническая литература будет записываться «средствами машинной письменности», а художественная — средствами привычного традиционного письма. (26)В этом смысле буквы умрут только вместе с живым человеческим словом. 
 (По А. Кондратову*) 
 *Александр Михайлович Кондратов (1937-1993) — российский лингвист, биолог, журналист и поэт. 
"
196,"Текст Конецкого В. 
  (1)Шаталов растопил печку, сам уселся на стул верхом и закурил. (2)Боль в костях усилилась, монотонная, нудная... 
 (3)Все неприятности начались тогда же, когда он заработал этот треклятый ревмокардит. (4)Удивительно глупо бывает иногда: маленький, рядовой случай становится водоразделом целой судьбы. 
 (5)Шаталов — в те времена старший лейтенант, штурман гидрографического судна — запустил отчётную документацию и неделю не вылезал из каюты, занимаясь журналами боевой подготовки, актами на списание шкиперского и штурманского имущества, конспектами занятий с личным составом. (6)От бесконечных «разделов», «подразделов», «параграфов» и «примечаний» уже рябило в глазах и почему-то чесалось за шиворотом. (7)Сроки сдачи документации надвигались неумолимо, командир корабля при встрече хмурил брови, а конца работе всё не было видно. 
 (8)И вдруг приказ выходить в море: где-то на островке испортился автоматический маяк, и надо было сменить горелку. (9)Осенняя Балтика штормила, но штурман ликовал. (10)Он был молод. (11)Он козлом прыгал от компаса к карте, от радиопеленгатора к эхолоту: ведь никто теперь не мог загнать его в каюту и заставить писать акты инвентарной комиссии — он вёл корабль через штормовое море! 
 (12)Островок был замкнут в кольцо прибоя, но штурман вызвался идти туда на вельботе. (13)Он уверил командира в том, что уже неоднократно высаживался здесь, что знает проходы в прибрежных камнях. (14)Он никогда даже близко здесь не был и не ведал никаких проходов. (15)Зато он хорошо понимал, что срок сдачи документации будет продлён, если удастся наладить маяк, не дожидаясь ослабления штормового ветра. 
 (16)Нет, это не была совсем уж отчаянная авантюра. (17)Шаталов был хорошим моряком и румпель вельбота чувствовал не только ладонью, но и всем своим существом. (18)Просто судьба изменила... (19) Он потерял ориентировку среди волн, бурунов, завес из брызг...  
 (20)Навсегда запомнились скользкий блеск на миг обнажившегося самым бортом вельбота, удар, треск ломающихся вёсел, перекошенные рты на матросских лицах и рык ветра... (21)Только чудом никто не погиб. (22)Израненные, простывшие, они больше суток провели на островке, пока не затих шторм. 
 (23)Хотя Шаталов маячного огня и не зажёг, но от документации избавился: угодил на полгода в госпиталь. (24)За неоправданное лихачество ему не присвоили очередное  звание, а когда началось новое сокращение вооружённых сил, демобилизовали одним из первых. 
 (По В. Конецкому*) 
 *Виктор Викторович Конецкий (1929—2002) — капитан дальнего плавания, прозаик, сценарист. В своих произведениях отразил жизнь моряков-полярников. 
 Информация о тексте 
"
197,"Текст Конецкого В. 
 (1) Однажды ко мне на вахту, октябрьскую, осеннюю, ненастную, прилетели скворцы. (2) Мы мчались в ночи от берегов Исландии к Норвегии. (3)На освещенном мощными огнями теплоходе. (4)И в этом туманном мире возникли усталые созвездия... 
 (5) Я вышел из рубки на крыло мостика. (6) Ветер, дождь и ночь сразу стали громкими. (7) Я поднял к глазам бинокль. (8)В стёклах заколыхались белые надстройки теплохода, спасательные вельботы, тёмные от дождя чехлы и птицы - распушённые ветром мокрые комочки. (9)Они метались между антеннами и пытались спрятаться от ветра за трубой. 
 (10) Палубу нашего теплохода выбрали эти маленькие бесстрашные птицы в качестве временного пристанища в своём долгом пути на юг. (11) Конечно, вспомнился Саврасов: грачи, весна, ещё лежит снег, а деревья проснулись. (12)И всё вообще вспомнилось, что бывает вокруг нас и что бывает внутри наших душ, когда приходит русская весна и прилетают грачи и скворцы. (13) Это не опишешь. (14) Это возвращает в детство. (15)И это связано не только с радостью от пробуждения природы, но и с глубоким ощущением родины, России. 
 (16) И пускай ругают наших русских художников за старомодность и литературность сюжетов. (17) 3а именами Саврасова, Левитана, Серова, Коровина, Кустодиева скрывается не только вечная в искусстве радость жизни. (18) Скрывается именно русская радость, со всей её нежностью, скромностью и глубиной. (19) И как проста русская песня, так проста живопись. 
 (20) И в наш сложный век, когда искусство мира мучительно ищет общие истины, когда запутанность жизни вызывает необходимость сложнейшего анализа психики отдельного человека и сложнейшего анализа жизни общества, - в наш век художникам тем более не следует забывать об одной простой функции искусства - будить и освещать в соплеменнике чувство родины. 
 (21) Пускай наших пейзажистов не знает заграница. (22) Чтобы не проходить мимо Серова, надо быть русским. (23) Искусство тогда искусство, когда оно вызывает в человеке ощущение пусть мимолётного, но счастья. (24) А мы устроены так, что самое пронзительное счастье возникает в нас тогда, когда мы ощущаем любовь к России. (25) Я не знаю, есть ли у других наций такая нерасторжимая связь между эстетическим ощущением и ощущением родины? 
 (По В. Конецкому) 
 Информация о тексте 
 
"
198,"Текст Конецкого В. 
 (1)Это избитая истина: как только вспомнишь юность, становится грустно. (2)Вероятно, потому, что сразу вспоминаешь друзей своей юности. (3)И в первую очередь уже погибших друзей. 
 (4)Здесь, возле памятника Крузенштерну, я последний раз в жизни видел Славу. 
 (5)Он шёл по ветру навстречу мне, подняв воротник шинели и тем самым лишний раз наплевав на все правила ношения военно-морской формы. (6)На Славкиной шее красовался шерстяной шарф голубого цвета, а флотский офицер имеет право носить только чёрный или совершенно белый шарф. (7)Из-за отворота шинели торчали «Алые паруса» Грина. (8)А фуражка, оснащённая совершенно неформенным «нахимовским» козырьком, выпиленным из эбонита, сидела на самых ушах Славки. 
 (9)Надо сказать, что за мою юношескую жизнь творения Александра Грина несколько раз делались чуть ли не запретными. (10)А Славка всегда хранил верность романтике и знал «Алые паруса» наизусть. 
 (11) – Ты бы хоть воротник опустил, – сказал я. 
 (12) – У меня недавно было воспаление среднего уха, старик, – сказал он. 
 (13)Мы не виделись несколько лет. (14)Я служил на Севере, а он на Балтике. (15)Я плавал на аварийно-спасательных кораблях и должен был уметь спасать подводные лодки. (16)А он плавал на подводных лодках. 
 (17) – Здорово! – сказал я. 
 (18) – Здорово! – сказал он. 
 (19)И мы пошли в маленькую забегаловку в подвале поговорить. 
 (20)Я уговаривал его бросить подводные лодки. (21)Нельзя существовать в условиях частых и резких изменений давления воздуха, если у тебя болят уши. 
 (22) – Потерплю, – сказал Славка. (23) – Я уже привык к лодкам. (24)Я люблю их. 
 (25)Через несколько месяцев он погиб вместе со своим экипажем. 
 (26)Оставшись без командира, он принял на себя командование затонувшей подводной лодкой. (27)И двое суток провёл на грунте, борясь за спасение корабля. (28)Когда сверху приказали покинуть лодку, он ответил, что они боятся выходить наверх – у них неформенные козырьки на фуражках, а наверху много начальства. (29)Там действительно собралось много начальства. (30)И это были последние слова Славы, потому что он-то знал, что уже никто не может выйти из лодки. (31)Но вокруг него в отсеке были люди, и старший помощник командира считал необходимым острить, чтобы поддержать в них волю. (32)Шторм оборвал аварийный буй, через который осуществлялась связь, и больше Слава ничего не смог сказать. 
 (33)Когда лодку подняли, старшего помощника нашли на самой нижней ступеньке трапа к выходному люку. (34)Его подчинённые были впереди него. (35)Он выполнил свой долг морского офицера до самого конца. (36)Если бы им удалось покинуть лодку, он вышел бы последним. (37)Они погибли от отравления. (38)Кислородная маска с лица Славы была сорвана, он умер с открытым лицом, закусив рукав своего ватника. 
 (По В. Конецкому*) 
 *Виктор Викторович Конецкий (1929-2002 гг.) -  прозаик, сценарист, капитан дальнего плавания   
"
199,"Текст Кореневой Е. 
 (1)− Мне в Борисоглебский переулок,  – сообщила я молодому таксисту, – дом-музей Марины Цветаевой.   
 (2)Парень включил навигатор, стал всматриваться в карту маршрута.    
 (3)− Там она и жила с семьёй, – добавила я  задумчиво скорее самой себе.   
 (4)− Кто жил? – переспросил он через минуту.    
 (5)− Цветаева, поэт, знаете?    
 (6)Он улыбнулся:    
 (7)− Не-а.  
  (8)Такого ответа я никак не ожидала.  (9)В принципе, размышляла я, уставившись в окно перед собой и изредка косясь на водителя, симпатичного и блондинистого, человеком можно быть хорошим... и не знать поэтов-писателей.  (10)Но мне вдруг стало любопытно, кто он и откуда: очень уж хотелось понять, почему имя Цветаевой  (и, полагаю, многих других великих деятелей литературы) для него ничего не значит.  (11)Я решила порасспросить парня.  (12)Узнала,  что ему  24 года, москвич в третьем поколении. (13)Родители служащие, с высшим образованием.  (14)Да и сам он окончил что-то вроде специализированного колледжа.  (15)Как же он мог не слышать о Цветаевой? (16)В общем, причины столь низкой осведомлённости в области поэзии так и остались для меня загадкой.  (17)Может, дело в качестве современного образования, а может, он сам не хотел ничего знать, считая стихи глупостью.(18)И всё же я решила ему хоть какой-то ликбез устроить. (19)Тут меня осенило.  
  (20)− А песню в исполнении Аллы Пугачёвой слышали?  (21)«Мне нравится, что Вы больны не мной...»? – пропела я сиплым голосом.    
 (22)Парень заёрзал на сиденье:    
 (23)− Знаю, а как же!  (24)Я чуть не подпрыгнула от радости:   
 (25)− Ага! (26)Так это стихи Марины Цветаевой! – и процитировала ещё строчки.   
 (27)− Здорово! – протянул он с удовольствием.   
  (28)На прощание на клочке бумажки из его бардачка я написала, кроме Цветаевой, ещё несколько незнакомых ему имён: Мандельштама, Пастернака, Бродского.  (29)Кто знает: вдруг он заинтересуется и хотя бы немного прочтёт о них.  (30)Он старательно, как первоклассник, повторил каждое слово вслед за мной, так что, может, и вправду запомнил. (31)«Ух ты,  вот это класс, – бормотал он при этом торопливо,  – вот это класс!»  (32)И порулил дальше...    
 (33)Мероприятие в музее начиналось только через двадцать минут. (34)Так что у меня ещё было время, и я огляделась вокруг.  (35)Прямо напротив, в маленьком сквере – памятник Марине Ивановне: сидячая фигура, склонённая голова с короткой стрижкой.  (36)Пройдя вдоль улицы и вернувшись обратно, я заметила, что к памятнику кто-то прилепился. (37)В буквальном смысле.  (38)Девушка с распущенными волосами, в джинсах уткнулась в каменные ступни головой, обхватила широким жестом подол каменного платья, как ребёнок, прячась и прося прощения, и так застыла.  (39)Какой разговор вела с ней эта девушка?  (40)Или о чём-то просила?  (41)А может, горевала по её судьбе?  (42)Она стояла долго, потом оторвалась от глыбы и с какой-то счастливой улыбкой пошла прочь. (43)На вид ей было года  22–24. (44)Я не пыталась разгадать, кто она и откуда.  (45)Её порыв говорил сам за себя   –  умудрённая глубоким творческим опытом душа в совсем юном теле. (46)Да, именно так, и думаю, что вряд ли кто-то станет возражать.  (47)Ведь умение ценить поэзию и её автора, понимать, чувствовать сердцем – это ли не душевная мудрость?   
 (48)Эх, вот как бывает, думала я, возвращаясь вечером домой: эти двое – представители одного поколения, ровесники, живут в одном городе.  (49)Но их миры  – совершенно разные, с разными идеалами и ценностями. (50)Хорошо, что я сказала ему напоследок: хоть впросак теперь не попадёт перед своей девушкой.  (51)Девушки любят поэзию...  (52)Кто знает, а вдруг они встретятся?     
 (по Е. А. Кореневой*)   
  *Елена Алексеевна Коренева (род. в   1953 г.)  – советская и российская актриса театра и кино, литератор, режиссёр.  
"
200,"Текст Кореневской Е. 
 (1)В редакцию журнала пришло интересное письмо. (2)Автор – семидесятидвухлетний москвич – пишет: «Когда я смотрю на своего четырнадцатилетнего внука, мне иногда кажется, что он какой-то инопланетянин, – так он не похож на мать, на меня, на свою бабушку. (3)Нет, он вообще-то неплохой парень, грех жаловаться: прилично учится, посильно помогает матери – моей дочери – по хозяйству, и даже в его грубоватом обращении ко мне «дед» я порой чувствую привязанность... (4)Но его одежда, этот свитер с висящими рукавами, джинсы с дырками на коленях, две серьги в одном ухе, его речь со всеми этими «прикидами» и «приколами», его взгляды и то, что все мои мысли и суждения вызывают у него насмешку, – всё это делает его настоящим инопланетянином в нашей семье… 
 (5)Глядя на внука и его приятелей, проходя мимо шумных компаний подростков, я не могу отделаться от вопроса: откуда они взялись, эти странные, самоуверенные и невежественные юнцы? (6)Кто сделал их такими?». 
 (7)Спорить с автором письма не приходится. (8)То, о чём он пишет, наверняка знакомо большинству читателей, у которых есть внуки. (9)Единственное, с чем нельзя безоговорочно согласиться, – это с вопросом: «Кто сделал их такими?». (10)Мы так привыкли во всём искать виновных, что спокойный взгляд на вещи, попытка найти объективное объяснение даются нам, к сожалению, с трудом. (11)Конечно, куда проще сказать, что во всём виноваты телевидение, американские фильмы, школа, рыночная экономика, правительство, чем постараться понять причину так пугающе расширившейся пропасти между отцами и детьми, не говоря уже о внуках. 
 (12)А пропасть эта, между прочим, была всегда. (13)Об этом сто сорок лет тому назад И.С. Тургенев написал свой знаменитый роман «Отцы и дети». (14)Да что Тургенев! (15)В одном из древнеегипетских папирусов автор жалуется, что дети перестали уважать своих отцов, их религию и обычаи и что мир поистине рушится. 
 (16)Другое дело, что в прежние времена изменения в человеческом обществе происходили неизмеримо медленнее, чем сейчас. (17)Изучая влияние убыстрившегося хода истории во второй половине ХХ века, психологи даже ввели термин «шок будущего». (18)Это чувство смятения, беспомощности, дезориентации, которое охватывает людей, когда их психика перестаёт поспевать за чересчур стремительными изменениями в обществе, в технологиях, в нравах и обычаях. (19)Что же говорить о нас, когда за одно десятилетие – неуловимое мгновение по меркам истории – мы пережили ряд потрясений: сменились экономическая формация, политический строй, исчезла привычная страна. (20)Это не просто шок будущего, это супершок. (21)Приходится только удивляться душевной стойкости, которая позволила людям выстоять перед такими историческими цунами. 
 (22)Так стоит ли искать виновных в том, что дети и внуки не похожи на нас? (23)Просто они живут в другое время, в другую эпоху. (24)А кто лучше, мы или они, – вопрос, на который никогда не будет однозначного ответа. (25)Если они для некоторых из нас инопланетяне, то мы для них в лучшем случае – странные старики, которые ничего не понимают в современной жизни и всего боятся. 
 (26)Что же делать, чтобы хоть как-то сузить ров, разделяющий нас? (27)Прежде всего нужно набраться терпения и научиться уважать взгляды и нравы друг друга, какими бы чуждыми они нам ни казались. (28)И это, разумеется, трудно, но необходимо.  
 (по Е. Кореневской) 
"
201,"Текст Короленко В. 
 (1)Мы ехали берегом Лены на юг, а зима догоняла нас с севера. (2)Однако река упорно боролась с морозом: ближе к берегам она превращалась в застывшую безобразную грязно-белую массу, а в середине лёд всё ещё ворочался тяжёлыми, беспорядочными валами, скрывая от глаз застывающее русло, как одичалая толпа скрывает место казни.   
 (3)И вот однажды с небольшого берегового мыса мы увидели среди тихо передвигавшихся ледяных глыб какой-то чёрный предмет, ясно выделявшийся на бело-жёлтом фоне.  
 (4)− Ворона, – сказал один из ямщиков.  
 (5)− Медведь, – возражал другой ямщик.   
 (6)− Откуда же взяться медведю на середине реки? – спросил я у него.  
 (7)− С того берега. (8)В третьем годе медведица вон с того острова переправилась с тремя медвежатами. (9)Нонче тоже зверь с того берега на наш идёт. (10)Видно, зима будет лютая…  
 (11)Наш караван остановился у мыса, ожидая приближения заинтересовавшего всех предмета.  
 (12)− А ведь это, братцы, козули, – сказал наконец один из ямщиков.  
 (13)Действительно, это оказались две горные козы. (14)Теперь уже ясно были видны их тёмные изящные фигурки среди настоящего ледяного кошмара. (15)Одна из коз была побольше, другая поменьше. (16)Мы предположили, что это были мать и дочь. (17)Причём старшая явно руководила переправой. (18)Вокруг них безжалостные льдины бились, сталкивались, вертелись и крошились; в промежутках что-то кипело и брызгало пеной, а нежные животные, насторожившись, стояли на ледяном куске, подобрав в одно место свои тоненькие ножки… (19)Наверное, им было страшно, ведь их жизнь могла оборваться в любую секунду. (20)Но, видимо, оставаться на том берегу им было ещё страшнее, раз они, так чудовищно рискуя, затеяли эту опаснейшую переправу.  
 (21)Огромная льдина, плывшая впереди той, где стояли козы, стала как будто замедлять ход и начала разворачиваться, останавливая движение задних. (22)От этого вокруг животных поднялся вновь целый ад разрушения и плеска. (23)На мгновение два жалких тёмных пятнышка совсем было исчезли в этом хаосе, но затем мы их заметили на другой льдине. (24)Опять собрав свои тоненькие дрожащие ножки, козы стояли, готовые к очередному прыжку. (25)Это повторилось несколько раз, и каждый новый прыжок с рассчитанной неуклонностью приближал их к нашему берегу.  
 (26)Когда льдина, на которой находились козы, подошла к роковому месту столкновения с берегом, у нас мороз по коже пробежал от страха за их судьбу: в таком аду из скопившихся ледяных масс выжить было сложно. (27)Сухой треск, хаос обломков, вдруг поднявшихся кверху и поползших на обледенелые края мыса, – и два чёрных тела легко, как брошенный камень, метнулись на берег.  
 (28)Мы, стоя на мысу, невольно заслоняли козам вольготный проход. (29)Однако умное животное, решив бороться за жизнь до конца, ничуть не побоялось нас, врагов в будничной жизни, и не задумалось ни на минуту. (30)Я заметил взгляд её круглых глаз, глядевших с каким-то странным доверием, и затем она понеслась сама и направила младшую прямо к нам. (31)От такой смелости и решительности даже наша большая хищная собака Полкан, вместо того чтобы кинуться на добычу, сконфуженно посторонилась. (32)И старшая коза, бережно загораживая собою младшую, пробежала мимо пса, бесстрашно коснувшись боком его шерсти…  
 (33)− Эти бедные животные на наших глазах преодолели столько опасностей… (34)Вот оно – желание жить, – задумчиво произнес Сокольский, наш случайный попутчик, когда мы вновь отправились в путь. (35)− А заметили ли вы, с каким самоотвержением старшая помогала младшей и как закрыла младшую от собаки? (36)Вот оно – желание спасти… (37)Всякий ли человек сделает это при таких обстоятельствах?   
  (38)− Всякая мать, я думаю… – сказал я, улыбнувшись.  
 (по В. Г. Короленко*) 
 *Владимир Галактионович Короленко (1853−1921) – русский писатель, журналист, публицист.  
"
202,"Текст Корчагина В.  
 (1)Утро следующего дня было холодным и пасмурным. (2)Услышав голос Андрея Ивановича, Наташа, как всегда, попыталась встать с постели, но едва
она приподнялась, как голова её закружилась, и она снова неловко опустилась на землю. (3)Всё тело у неё болело. (4)Сильная тошнота подступала к горлу. 
 
 (10)Она снова попыталась встать и снова бессильно опустилась на землю. 
 (11)К ней подошел Андрей Иванович. 
 — (12)Что, Наточка, тяжело? 
 (13)Он сел возле нее. 
 (14)Наташа подняла глаза и увидела его худое потемневшее лицо и большие, лихорадочно блестевшие глаза. (15)Видно было, что и он еле поднялся. 
 (16)Наташа сделала над собой усилие и села, прислонившись спиной к влажному стволу дерева. 
 — (17)Ничего, Андрей Иванович. (18)Я ещё могу идти… 
 — (19)Надо идти, Наташенька. — (20)Он помог ей подняться. — (21)Ещё немного. (22)А сегодня… (23)Сегодня мы немного увеличим нашу утреннюю
норму. 
 (24)Он отыскал глазами Валерия. 
 — (25)Валерий! (26)В твой рюкзак я положил шоколад. (27)Вынь-ка одну плитку. (28)Все мы очень ослабли… 
 — (29)Что вы, Андрей Иванович! (30)Шоколад надо оставить на конец пути, — ответил Валерий не оборачиваясь. 
 — (31)Мы очень ослабли, — повторил Андрей Иванович, — а конец уже недалеко. (32)Одну плитку давайте разделим сейчас. 
 — (33)Андрей Иванович! — Валерий решительно застегнул рюкзак. — (34)Вы же мужчина! (35)Стыдитесь! (36)Впереди ещё столько дней пути, а вы
предлагаете уничтожить наш неприкосновенный запас. (37)Я мальчишка и то… 
 (38)Геолог побледнел. 
 — (39)Хорошо, — сказал он с расстановкой, — я могу идти без шоколада. (40)Но Наташе он необходим сейчас. (41)Она еле поднялась с постели. 
 (42)Наташа хотела возразить, но Валерий опередил её: — Ах, вот как! (43)Это другое дело. (44)Что ж… (45)Я отдаю Наташе свой сегодняшний
завтрак, — сказал он вызывающим тоном. — (46)Но шоколад останется неприкосновенным! 
 (47)Валерий быстро вскинул рюкзак на плечи и, не оглядываясь, зашагал вдоль реки. (48)С минуту Андрей Иванович смотрел ему вслед, и вдруг
страшное подозрение обожгло его мозг. 
 — (49)Стой!! — закричал он. 
 (50)Валерий остановился. (51)Геолог подошёл к нему. 
 — (52)Снимай рюкзак! 
 (53)Валерий отступил на шаг, и вдруг лицо его задёргалось. 
 — (54)Что?.. (55)Что вы думаете?.. 
 (56)Андрей Иванович взялся за его рюкзак. 
 — (57)Не дам! — рванулся Валерий. 
 — (58)Приказываю! — раздельно и властно потребовал геолог. 
 (59)Лицо его сделалось страшным. (60)Правая рука сжалась в кулак. (61)Валерий дрожащими руками снял рюкзак. (62)Андрей Иванович быстро
расстегнул его и вдруг почувствовал, что земля уходит у него из-под ног: в рюкзаке лежала смятая хвоя пихты. (63)Медленно поднял он глаза на Валерия и словно впервые увидел его красивое надменное лицо, прищуренные веки и наглый бегающий взгляд. 
 — (64)Ну что? (65)Что смотрите! (66)Может, и мораль начнёте ещё читать? (67)А мне наплевать на вас! (68)Я жить хочу! — голос Валерия перешёл
на крик. — (69)Я моложе вас! 70)Я имею больше прав на жизнь! (71)Я… — (72)И вдруг голос его осёкся. (73)Прямо перед собой он увидел ввалившиеся,
полные муки глаза Наташи. 
 — (74)А-а-а! — взвыл он и бросился на землю. 
 (75)Ни слова не говоря, Андрей Иванович медленно подошёл к костру, тщательно разломил на три равные части сухарь и к каждому кусочку положил по крошечной дольке сахару. (76)После этого он направился к реке, чтобы набрать в котелок воды. 
 (77)Наташа словно оцепенела. (78)Всё происшедшее было настолько невероятным, что казалось каким-то чудовищным недоразумением, которое
следовало сейчас же, немедленно разрешить. (79)Валерий не мог этого сделать! (80)Несмотря на всё, что она узнала о нём за последнее время, он не мог так низко пасть — обворовать её, слабую девушку, своего школьного товарища, и пожилого мужчину, делавшего всё возможное для их спасения. (81)Разве мог это сделать человек, который так много и с таким чувством говорил о любви, о красоте, о дружбе, который так любил музыку, который писал стихи, который… 
 (82)Но этого человека уже не было. (83)Перед ней лежало на земле и скулило, как побитая собака, какое-то жалкое мерзкое существо, которое стыдно
было даже сравнивать с человеком. 
 (По В.В. Корчагину) 
 Примерный круг проблем:   
 1. Как проявляется внутренний конфликт? 
 2. Как проявляется любовь человека к ближнему? 
 3. Какова роль нравственных ориентиров в жизни человека?   
 4. Чем опасна трусость? 
 5. Почему люди проявляют эгоизм? 
 6. Что толкает человека на предательство? 
 7. Как страх влияет на поступки человека? 
 8. В какие моменты жизни особенно важно сохранять силу духа? 
"
203,"Текст Корчака Я. 
 (1)  Есть ошибки, которые ты будешь совершать всегда, потому что ты человек, а не машина. 
 (2)  Грустный, усталый, больной, ты с горечью замечаешь в ребёнке черту характера, которая делает взрослых плохими и вредными: лживость, холодный расчёт, пошлое чванство, дрянненькую хитрость, хищную жадность. 
 (3) У меня не сходится счёт. (4) Поминутно кто-нибудь да входит, хотя вход в канцелярию детям в какой-то мере воспрещён. (5) Последним входит мальчуган, неся мне в подарок букетик; букет я выбрасываю в открытое окно, а его самого вывожу за ухо за дверь. 
 (6) К чему множить примеры неразумных и грубых поступков? 
 (7) Но ребенок простит. (8) Обидится, рассердится, а подумает и очень часто доверчиво припишет вину себе. (9) Несколько наиболее впечатлительных ребят будут тебя избегать, когда ты злишься или занят. (10) Но и они простят, если знают, что, в общем, им желают добра. 
 (11) Это не какая-нибудь сверхъестественная интуиция, когда ребенок знает, кто его любит, а бдительность зависимого существа, которое обязано тебя изучить, раз в твоих руках его благополучие. (12) Так, раб-чиновник до тех пор приглядывается и мучительно думает о своём шефе, пока не изучит все его привычки, вкусы, настроения - движения губ, жесты, блеск глаз. (13) И знает, когда попросить отпуск или повысить жалованье, порой целые недели терпеливо выжидая подходящей минуты. (14) Дайте им независимость, и они утратят эту наблюдательность. 
 (15) Ребенок простит и бестактность, и несправедливость, но не привяжется к воспитателю-педанту или сухому деспоту. (16) А всякую фальшь гадливо отбросит или поднимет на смех.   (Я. Корчак) 
"
204,"Текст Корчака Я. 
 (1)«Работа нужна, учение нужно, а развлечения - это как бы награда, придача». (2)Раньше люди думали именно так. (3)И только позже поняли, что всё это по-другому. 
 (4)Теперь уже есть много книжек об играх и развлечениях, и в газетах пишут о спорте и состязаниях как о важных делах. (5)Люди уважают и труд, и отдых, и учебу, и развлечения. (6)Впрочем, сказать, что - работа, а что - развлечение, не так просто. 
 (7)Один читает книжку и думает, что работает, а для другого чтение - лучший отдых. (8)Приятно ведь рисовать, лепить, играть на гитаре и на скрипке - так что же это, развлечение или работа? 
 (9)Пешеходные экскурсии, плавание, гребля, велосипед, коньки, бег, прыжки. (10)Болят руки, ноги, спина. (11)Человек устал, но доволен. 
 (12)Человек любит усилие, любит, чтобы удавалось, хочет знать, на что он способен, хочет, несмотря на трудности, закончить, победить, убедить себя и других, что он сильный и ловкий. 
 (13)Да и устаёшь от сидения. (14)Если человек накопит силы и не может их израсходовать, он сидит как отравленный, изголодавшись, соскучившись по движению. 
 (15)Правда ведь: каждый работает по-своему и по-своему отдыхает. (16)Один любит одиночество, другой - общество, один - тишину, другой - шум. (17)Бывает даже одному скучно от того, от чего другому весело; одного раздражает и даже сердит то, что другой как раз любит. (18)Люди бывают и спокойные, и подвижные, все любят что-нибудь своё и по-своему, и потому не мешайте друг другу! 
 (19)Не надо стыдиться играть. (20)Детских игр нет. (21)3ря взрослые говорят, а зазнайки за ними повторяют: «Такой большой, а играет, как маленький. Такая большая, а играет в куклы». 
 (22)Важно не то, во что играть, а как и что при этом думать и чувствовать. (23)Можно умно играть в куклы и глупо и по-детски играть в шахматы. (24)Можно интересно и с большой фантазией играть в пожар или в поезд, в охоту или в индейцев и бессмысленно читать книжки. 
 (25)Я заметил, что ребята не всегда охотно говорят о своих играх и стесняются, если взрослый их слышит: боятся, как бы не высмеял, потому что не умеют защищать свои юные мечты. 
 (26)Я не говорю: «Играйте в то-то и то-то. Играйте с теми, а не с этими». (27)Для игры нужен хороший товарищ и вдохновение, а значит, свобода.  
 (По Я. Корчаку) 
"
205,"Текст Косицкого Г., Дьяконовой И. 
 (1)Осенью около дома, построенного в лесу, заасфальтировали дорожку. (2)Весной и в дождливые летние дни можно было прогуливаться по ней, не рискуя увязнуть в размокшей земле. (3)Но прогуливаться удалось недолго. (4)В конце лета поверхность асфальта начала вздуваться буграми, которые росли не по дням, а по часам. (5)Вот один из бугров лопнул, и из центра развороченных глыб показалась коричневая шляпка гриба, нежная и бархатистая. (6)Вскоре лопнули и другие бугры, и вся дорожка стала искорёженной и развороченной. (7)Из центра хаоса в каждом разрушении торчали грибы. (8)Они были такими хрупкими, что легко ломались от любого прикосновения. (9)Но именно они, с виду очень слабые, и пробили асфальт. 
 (10)Наблюдая подобное, поражаешься скрытой силе, которую таит в себе жизнь. (11)Эта сила проявляется везде. (12)В микроскопические поры каменных пород она втискивает корни растений. (13)Голые скалы покрывает лесом, и он наполняется гомоном птиц и запахом трав. 
 (14)Сила жизни! (15)Это она превратила нашу планету, некогда пустынный скалистый шар, в цветущий зелёный оазис Вселенной. 
 (16)И чем глубже изучаешь природу, тем больше поражаешься загадкам жизни. (17)Далеко от океана вверх по течению реки появляются из икринок мальки лососей. (18)Вниз по течению плывут они к океану. (19)Выросшие в пути рыбёшки проплывают в бездонных пучинах десятки тысяч километров. (20)Но приходит время дать жизнь потомству. (21)Вновь проделав многие тысячи километров в обратном направлении в вечной мгле безбрежных просторов, они ищут устье своей родной реки. (22)Поднимаясь вверх по течению, прыгая через камни, завалы, одолевая плотины, находят место, где когда-то сами появились на свет, и откладывают там икринки, обеспечивая жизнь новому поколению. (23)Как им удаётся найти путь, как среди океанских глубин они могут запомнить дорогу и вернуться домой? (24)Всё это и сегодня остаётся загадкой. 
 (25)Кроты роют свои норы на берегу и зарываются в них на зиму, но всегда так, что отверстие норы размещается выше уровня будущего весеннего паводка. 
 (26)За миллиарды лет развития жизни на Земле живые существа приобрели способность использовать скрытые от нас силы природы. (27)Это позволило им выжить и совершенствоваться. (28)А ведь человек  – это лишь звено в бесконечной цепи живых существ, неразрывно связанное со всей цепью. (29)Многие из свойств, присущих более простым организмам, сохранились и у нас и проявляют себя тогда, когда мы об этом и не подозреваем. (30)О них надо знать для того, чтобы научиться использовать их. (31)Обидно сознавать, что очень часто многие люди не реализуют сотой доли тех возможностей, которыми с избытком их наградила природа. (32)Почему бывает так, что человек, наделённый талантом, попросту зарывает его в землю? (33)Сколько открытий не совершено, сколько людей не спасено только из-за того, что мы не нашли в себе сил, чтобы с честью выполнить свою высокую человеческую миссию!   
 (По Г.И. Косицкому и И.Н. Дьяконовой*) 
 *Косицкий Григорий Иванович (1920–2000) – русский учёный, физиолог, педагог. Дьяконова Ирина Николаевна – учёный-физиолог, автор многочисленных  статей по медицине."
206,"Текст Косолапова И. 
 (1)Бескорыстным и верным другом назвал книгу выдающийся русский писатель Леонид Леонов. (2)Кипой пыльной бумаги назвал книгу молодой программист в одной из недавних телепередач. (3)В его словах звучала ребяческая драчливость, ему, наверное, хотелось подразнить своей дерзостью примолкшую публику, и несколько восторженных поклонниц наградили молодого «смутьяна» аплодисментами. (4)Нет, я вовсе не собираюсь кряхтеть по поводу испортившихся нравов, я очень хорошо понимаю законы телевизионного ток-шоу, где эпатаж, шокирующая бравада нужны для того, чтобы придать пряный вкус скучноватым и банальным разговорам. (5)Мне показалось странным, до обидного странным, покорное, какое-то скорбно-похоронное молчание взрослой публики. 
 (6)Мы как-то уж очень послушно согласились с тем, что книга безнадёжно устарела и теперь её место среди пыльных музейных экспонатов. (7)Сегодня нас окружают очень полезные и умные машины: микроволновые печи, пылесосы, домашние кинотеатры, холодильники… (8)Вся эта техника сделала жизнь человека более комфортной, освободила много времени. (9)Теперь не надо носить воду из колодца, не надо выжимать выстиранное бельё, не надо ехать на другой конец города, чтобы посмотреть нашумевший фильм! (10)Всё рядом, почти любое желание моментально, как по мановению волшебной палочки, может быть исполнено лёгким движением руки. (11)И на фоне этих модных машин, утыканных кнопочками, тумблерами, мигающими лампочками, тугая стопка сшитой бумаги многим кажется чем-то архаичным, каким-то нелепым рудиментом, который случайно уцелел в бурных потоках прогресса. 
 (12)Нет, книга не стала хуже, она по-прежнему исполняет своё назначение, она так же терпеливо и доброжелательно учит человека, бескорыстно передаёт ему бережно собранную нашими предками мудрость. (13)Зато мы изменились, мы возомнили себя обладателями каких-то несметных богатств, покорителями каких-то недосягаемых духовных высот… (14)А на самом деле мы просто даём дурачить себя: нам внушили, что модное – это и есть необходимое, что всё новое лучше того, что было прежде. (15)Вот поставили вы в своей квартире компьютер – дорогущий, весь опутанный проводами прибор, который то и дело капризничает, постоянно требует для своего обслуживания специалиста… (16)И что? (17)Какие реальные преимущества имеет этот громоздкий, ненадёжный агрегат перед книгой –  этим компактным, дешёвым, всегда доступным устройством, которое никогда не даёт сбоев, не «глючит», не ломается, которое не требует для своего обслуживания инженера, которое нуждается только в умном, внимательном и доброжелательном собеседнике? 
 (18)Я не ретроград, не зову в первобытное прошлое, не считаю, что людям в проветриваемой пещере живётся лучше, чем в панельном доме! (19)Я говорю о духовной бдительности, о том, что мы часто даём себя легко обмануть. (20)Ладно, когда этот «обман» касается только нашего кошелька. (21)Обидно, когда мы обманываем свою душу, когда мы обкрадываем сами себя, когда мы честного и бескорыстного друга меняем на самодовольного и нечистого на руку приятеля. 
 (По И. Косолапову*) 
 *Косолапов Игорь Петрович – современный публицист."
207,"Текст Костомарова В. 
 (1) Все знают, что часовая стрелка на циферблате движется, но увидеть, как она движется, нельзя. (2) То же происходит и с языком. (3) Он изменяется. (4)Но мы не чувствуем, как это происходит. 
 (5) Сейчас в нашей истории наступил такой момент, когда мы видим, как меняется русский язык. (6) И это не может не пугать. (7) Мы так хотим во что бы то ни стало отойти от предшествующей эпохи нашей жизни, построить новые общественные отношения, новую экономику, что нам даже хотелось бы иметь новый язык. (8) Когда-то говорили «отмежеваться», теперь - «дистанцироваться», нам надоело выражение «сойти с ума» - мы говорим «крыша поехала». (9) Или разонравилось слово «встреча», стали говорить «тусовка». 
 (10) Русский язык, по словам А.С. Пушкина, «переимчив и общежителен», он легко принимает иностранные слова, если они нужны. (11) И в этом нет ничего страшного, когда всё делается в меру. (12) А мера утеряна. (13)В нашей речи возникают «сэндвичи», «ленчи», «дисплеи». (14) Обычно меняются 20-30 слов в год, а у нас сейчас появляются, может быть, 20 слов в неделю. 
 (15) Кроме того, немаловажно, из каких источников появляются новые слова языка. (16) Сейчас, например, идёт поток слов из довольно сомнительных источников, в частности уголовного жаргона: «разборка», «халява». (17) Многие печатные органы используют «непечатные» слова, которые, кстати, так и называются, потому что их печатать не надо. 
 (18) В Думе несколько лет обсуждался «Закон о русском языке». (19) 3акон, конечно же, нужен. (20) Но если серьёзно говорить о законе, то должен быть и механизм наказания за его нарушение. (21) Однако представляется   несерьёзным   предложение   создать   филологическую  милицию, учредить штрафы за ошибки в русском языке. (22) Что ни говори, делает язык народ, а его трудно заставить подчиняться административным нормам в отношении языка. (23) Были уже такие тщетные попытки. 
 (24) В своё время, в XIX, да и в XX веке, образцовый язык давала художественная литература. (25) Если человек не знал, как правильно говорить, то он открывал Тургенева и там находил ответ. (26) Сейчас, конечно, не художественная литература формирует наш языковой вкус. (27) Тон задают теперь в первую очередь телевидение и радио. (28) Это касается и произношения звуков, и ударения, и интонации. (29) А современным дикторам нравится американская интонация. (30) И молодёжь начинает им подражать. (31) Бывает, ведущий бог знает что и как говорит, а людям нравится. (32) Это относится, безусловно, не ко всем передачам, каналам, дикторам, но многие из них подвержены моде. 
 (33) Мы сейчас недовольны языком, но здесь очень важно разобраться - язык в этом виноват или что-то другое. (34) Ведь язык подчиняется людям, которые им пользуются. (35) Он приспосабливается к потребностям общества. (36) Если в нашем обществе сегодня потребность думать о будущем, о крепкой семье, о счастье детей - то язык пойдёт в эту сторону, будет давать нам средства для этого. (37) Если у нас главное - как, не работая, заработать миллион, секс, насилие, наркотики, то язык повернётся сюда. (38) 3а что его поносить? (39) Он отражает состояние общества. (40) Так что не язык надо сейчас исправлять.   (По В. Костомарову) 
"
208,"Текст Котлярского Ю. 
 (1) - Наденька, так вы меня любите? - спросил я. 
 (2) - Люблю, конечно, люблю, - ответила Надя. 
 (3)От прилива внезапного счастья я вскочил и принялся танцевать нечто вроде «Танца с саблями». (4)Потом подпрыгнул до потолка, задев люстру, выскочил на лестничную площадку и с разбегу налетел на уборщицу с ведром к руках. (5) Вода разлилась, уборщица чуть не упала с лестницы. (6)«Ты что, ослеп?» — крикнула она, но я пронёсся мимо неё, как на крыльях. (7)Грубая женщина. (8)Подумаешь, лужа!.. (9)3нала бы она, что меня любит Наденька! 
 (10)Во дворе малыши строили замок из песка. (11 Переполненный радостью, я вскочил на дворец, превратив его снова в груду песка. (12) «Дяденька, что вы делаете?» - зачирикали мальчишки. (13)Я даже не повернул головы. (14)Глупые дети, что значит их замок на песке по сравнению с любовью моей Наденьки! (15) Любит, любит!.. 
 (16)На автобусной остановке мне под ноги попалась кошёлка с овощами. (17)Я с ходу пнул её ногой, и по асфальту весело заскакали зелёные огурцы, жёлтые яблоки и красные помидоры. (18) «Бандит!..» - раздалось мне вдогонку. (19)Но я не удостоил хозяйку кошёлки даже взгляда, все мои мысли были о Наденьке. 
 (20)Задыхаясь от восторга, я стремительно летел в сторону берёзовой рощи. (21)Под желтеющими осенними деревьями на скамейке сидели несколько пенсионеров. (22)Я пробежался по их ногам, как по клавиатуре рояля: та-та-та-та-та-тинь-тинь. (23) «Держи хулигана!» (24)Эгоисты эти пенсионеры. (25)Разве трудно понять, что чувствует человек, которого любят!.. 
 (26)Я влетел в рощу и, хмелея от бега и восторга, упал на зелёную душистую траву. (27)Ах, какое это счастье - любить и быть любимым, какое счастье! 
 (28)Вдруг я почувствовал, что по мне пробежал некто в ботинках с железными набойками, раздавив часы на моей руке. (29)Я мгновенно вскочил — и тут же полетел в пруд, сшибленный ещё кем-то, проносившимся мимо. (30)Как только я выбрался из воды, чьи-то пальцы стиснули мой нос так, что из глаз брызнули слёзы. (31)Вырвавшись, я схватил с земли здоровую палку. (32)«Ну, сейчас я покажу этим кретинам!» 
 (33)Но что я мог сделать! (34)Вокруг меня, обезумевшие от счастья, скакали стада румяных молодых людей, выкрикивая разные женские имена и на разные лады повторяя: «Любит! Любит!..» (35)Оказывается, я был не одинок... (36) Любили и других.  (Ю. Котлярский) 
"
209,"Текст Кравченко В. 
 (1)Я зачарованно слоняюсь по сонным, травяным, погружённым в глубокую патриархальность улочкам града-острова Свияжска. (2)3десь каждый домишко гордится своим отличием от других, каждый - себе на уме. (3)Много кирпичных, очень старых, купеческих и мещанских домов, которые кое-как приспособили под современное жильё. (4)Гнилые двери, кривые от старости рамы и скособоченные крылечки говорят о времени. 
 (5)Выхожу на откос под стенами Успенского монастыря, с которого хорошо видно бескрайний волжский простор с рядами голубых островов и клонящимся к горизонту солнцем. (6)Я знаю, что где-то там, в теряющейся дали, находится устье впадающей в Волгу Свияги, давшей имя этому чуду-городку. 
 (7)Дорожка под стенами монастыря вымощена плитами, усажена окультуренными деревцами. (8)Падаю в ковыли вблизи двух дерев, причудливо сплетённых, словно в танце, стволами, под голову кладу рюкзачок.  
 (9)Небо над моей головой свежо голубело, как в ветреном марте. (10)Ближе к западному краю к его ясной лазури примешивалась трудноуловимая жемчужная муть. (11)Я долго лежал под этим небом. (12)Ощутив голод, пожевал сухарей. (13) Наевшись сухарей и почувствовав жажду, сделал пару глотков из своей фляги. (14) Пригревшись на солнышке, даже вздремнул. 
 (15)3а это время меня никто не потревожил, ни один человек не прошёл по дороге, на обочине которой я расположился. (16)Эта пауза, в которую я погрузился, на какое-то время выпав из действительности, несла в себе некий смысл. (17)Одолев полторы тысячи километров, я летел сюда сломя голову, с великими усилиями переваливал через дамбы, попадал в шторма, страдал от палящего солнца и дождя, боролся с комарьём... (18)И всё для того, чтоб очутиться в этом месте в этот достопамятный день и час, чтобы рухнуть под грузом своей усталости в эту траву под белыми стенами старого монастыря... 
 (19)Прожив двое суток в Свияжске, я, конечно, не мог не почувствовать очарование этого места. (20)Разгадка, видимо, коренилась в психологии здешних жителей - островитян. (21)Островной человек проживает свою жизнь медленно и подробно, спешить ему некуда, потому что кругом вода. (22)На острове течение времени замедляется, как это бывает на космическом корабле, летящем с околосветовой скоростью. (23)Островной человек прежде всего экономен во всём, ведь каждую мелочь надо завозить с материка. (24)На острове любой гвоздь и деревяшка не выбрасываются, а предусмотрительно откладываются в сторону, чтоб потом снова быть пущенными в ход. 
 (25)Именно здесь, на острове, я понял, что если к своему окружению и к своему времени относиться внимательно, бережно, то есть не спеша, вдумчиво и серьёзно, то вещи начинают играть своими гранями, открывая хозяину новые сущности. (26)Всякая минута тогда полнится, как подступающее тесто в кадке, набухая смыслами и символами. (27)Открывая нам глубину повседневного. 
 (По В. Кравченко)* 
 *Владимир Фёдорович Кравченко - русский писатель-публицист."
210,"Текст Крапивина В. 
 (1) Реквием – это  песня  печали   и  памяти. (2) Её   посвящают   тем, кого  уже  нет на  белом  свете. (3) Людям,  которых  любили. (4) Но этот  реквием - не о человеке. (5) Он  о  старом тополе, который  был  для  меня  живым,  как  человек,  и  любимым, как  человек.(6) Да  разве  только  для  меня! 
 (7) Тополь рос  на  углу  улиц  Дзержинского и  Герцена,  во  дворе,  где  прошло моё  детство. (8) Он  был  самый  большой  в  городе. (9)Сейчас это  трудно  доказать: у  деревьев  не  бывает  документов. (10) Но в  те времена  все  ребята  и   взрослые  знали   точно:  он  самый  высокий  и  самый  старый. 
 (11)Мой   дядюшка - дядя  Боря,   который живёт в Тюмени полсотни лет,   однажды  прислал мне свои стихи о тополе, а к ним приложил небольшую   историческую  справку: 
 (12) «Впервые  этот  тополь  я увидел в 1937 году, он  был   таким  же, как   теперь, а  наша  соседка  Анна Васильевна  рассказывала,  что  домику, где мы поселились,  восемьдесят  лет,  а  когда  его  строили,  тополь  уже  стоял...» 
(13) В  стихах,  посвящённых  тополю, дядюшка  писал  об  этом  же: 
  (14) Ты  в   минувшем  веке  родился,  
 И  шумишь  весь  двадцатый  наш  век,  
 И  с  грядущим  веком  сроднишься,  
   Коль не  сгубит  тебя  человек. 
 (15) Опасения  дяди  Бори  оказались   ненапрасными. (16)Люди  спилили  тополь... 
 (17)Я   давно  уже  знал, что  приземистого  флигеля,  куда  меня  принесли  из   роддома,  больше  нет. (18) И  что  двухэтажный  угловой  дом,  где  жили  друзья   моего  детства, тоже  снесли. (19) Да   и  всего  квартала,  где  шла  наша   мальчишечья  жизнь  с  деревянными  мечами,  футболом,  воздушными  змеями   и   парусными    эскадрами   в   синих  лужах,  больше  нет. 
 (20) Ну  это   ладно. (21) Мы  теперь   взрослые  люди   и  понимаем,  что жизнь идёт  и  обветшалые   домики   должны  уступать   места  новым   зданиям.  (22)И  я хотя  и  с  печалью, но  и  с  пониманием  тоже   узнал,  что  на   месте  нашего   флигеля   теперь  стоянка   автомашин, а  за  ней, на  месте старой пекарни, от которой  по  утрам  так  дразняще  пахло  свежими  булками,  возведено   многоэтажное   административное  здание. 
 (23) Но  тополь-то  кому  помешал? 
 (24) Или  показалось,  что  нарушает  он  гармонию   административного ансамбля? 
 (25) Или  испугались,  что  летом  весёлый  тополиный  пух   будет  залетать   в окна  кабинетов  и   легкомысленно   оседать  на   страницах   важных  деловых  бумаг? 
 (26) И  спилили... 
 (По В. П. Крапивину)  
"
211,"Текст Кронгауза М. 
 (1)Русский язык в Интернете – это, конечно же, чёрт знает что такое! (2)Но при том это всё равно русский язык. 
 (3)Начнём с самого простого – с яростной порчи орфографии. (4)Возникла она не в Интернете, но именно в Интернете была поставлена на поток. (5)И наиболее ярко проявилась в так называемом языке падонков и истории со словом превед. (6)Порча орфографии оказалась настолько привлекательной идеей, что сразу овладела умами и стала модной и почти обязательной. 
 (7)Хорошо известно, что именно орфография помогает легче воспринимать написанное, то есть попросту – быстрее читать. (8)Неправильное написание незначительно задерживает наш взгляд на слове, тормозя процесс чтения в целом. (9)Если таких задержек оказывается много, чтение тормозится не чуть-чуть, а сильно. 
  (10)На самом деле орфография помогает и быстрее писать, поскольку грамотный человек делает это автоматически. (11)И вот здесь прозвучало ключевое слово: грамотный. (12)Дело в том, что орфография облегчает жизнь далеко не всем, а только грамотным людям. (13)Именно поэтому при любых реформах орфографии и графики страдают прежде всего они. (14)И именно образованные люди сильнее всего сопротивляются таким реформам. (15)Остальные же без орфографии даже немного выигрывают: не надо думать, как писать, да и чтению это не мешает, поскольку привычки к определённому графическому облику слов у них не сформировано. (16)Главное же, что при отсутствии орфографии незнание орфографических правил им абсолютно не вредит, так что их социальный статус сильно повышается. 
 (17)Другая причина привлекательности неправильной орфографии заключается в том, что она придаёт слову дополнительную выразительность. (18)Один мой знакомый объявил, что будет писать жи и ши только с буквой ы – в частности, потому, что «жызнь более энергична и жызненна, чем жизнь». (19)И по-своему был прав. (20)Однако, будучи грамотным человеком, периодически забывался и срывался на нормативные держишь и пишите. 
  (21)Безусловно, всевозможные выражения языка падонков – аицкий сотона, аффтар жжот и пеши исчо – выразительны и потому так популярны. (22)Кое-кто стал даже говорить о новой неправильной орфографии, то есть новой системе антиправил. (23)На самом деле никакой особой системы нет. (24)По существу, есть лишь одно основное правило: там, где можно написать слово иначе, чем оно пишется, и это не повлияет на его произнесение, – пиши иначе. 
 (25)Но здесь-то и кроется опасность! (26)По-настоящему неправильно могут писать только очень грамотные люди, которые, во-первых, знают, как писать правильно, а во-вторых, понимают, какие ошибки не искажают произношение. (27)Так, очень трудно поверить в то, что неграмотный человек мог бы написать «превед, кросавчег!», потому что сделаны почти все возможные ошибки. 
  (28)Выразительность же всех этих написаний весьма условна. (29)Они выразительны, пока мы осознаём их необычность и неправильность. (30)По мере привыкания к ним и забывания «правильного прототипа» они станут совершенно обычными, нейтральными написаниями, но правила орфографии мы при этом потеряем безвозвратно. 
  (31)Меня поразила позиция одного грамотного и вполне образованного человека по этому поводу, сформулированная на одном из форумов: дайте мне самовыражаться в Интернете так, как я хочу, а вот моих детей в школе извольте учить правильному языку и правильной орфографии. (32)Этот человек, увы, не понимает одной простой вещи: то, что для него является игрой, для следующего поколения постепенно превращается в норму. (33)Язык осваивается не только в школе. (34)Возможно, его сын впервые увидит слово аффтар именно в Интернете и именно в таком виде. (35)И это окажется его первым и основным языковым опытом, который не перечеркнёшь школьной зубрёжкой. 
 (По М. Кронгаузу*) 
 *Максим Анисимович Кронгауз (род. в 1958) – российский лингвист, профессор, автор книги «Русский язык на грани нервного срыва».   "
212,"Текст Кронгауза М. 
 (1)Если произвести мыслительный эксперимент и перенести молодого человека третьего тысячелетия в семидесятые годы прошлого века и, наоборот, перенести обычного человека из семидесятых в сегодня, минуя перестройку и дальнейшие события, мы получим интересный результат. (2)У каждого из них возникнут серьёзные языковые проблемы. (3)Это не значит, что они совсем не поймут язык другого времени, но, по крайней мере, некоторые слова и выражения будут непонятны. (4)Более того, общение человека из семидесятых годов с человеком третьего тысячелетия вполне могло бы закончиться коммуникативным провалом не только из-за простого непонимания слов, но и из-за несовместимости языкового поведения. 
 (5)Этот мыслительный эксперимент становится вполне реальным, когда, например, современные студенты читают советские газеты или смотрят советские фильмы. (6)Кажется, что в обратную сторону реализовать эксперимент сложнее. (7)Однако возвращаются в Россию советские эмигранты, люди из семидесятых, и недоуменно застывают от слов «пиар» и «децл». 
 (8)Непонятны им и банальные правила поведения современного культурного человека, сформулированные на современном языке: (9)- Не наезжай! (10)Не грузи! (11)Не гони! (12)Не тормози! (13)Фильтруй базар! 
 (14)А нам, здешним, всё понятно, хотя ведь ни одно из слов не употреблено в своем литературном значении, а новых значений нет ни в одном словаре. (15)Впрочем, откажутся понимать эти слова и ревнители русского языка. (16)Да, действительно, классики так не говорили. 
 (17)В последние годы суета и волнение вокруг русского языка достигли какого-то небывалого размаха. (18)Но даже если отбросить самые нелепые слухи и мнения о современном языке, всё равно останется какое-то смутное волнение и раздражение собственным языком, которое испытывает сейчас множество людей, в том числе и интеллигенция. (19)Всё это выливается в публичную критику русского языка, призывы что-то запретить и где-то поправить. (20)Кажущаяся поначалу абсурдной идея законодательно вмешаться в нашу речь становится реальностью.(21)Надо что-то делать! (22)Или не надо? 
 (23)Критика языка может приводить к его правке, то есть, по существу, к изменениям. (24)Но имеется и обратная закономерность. (25)Резкие изменения в языке вызывают ожесточенную критику со стороны общества - или по крайней мере его части. (26)И сейчас мы находимся как раз в таком периоде развития языка. 
 (27)В сегодняшней речи не юного и вполне интеллигентного человека мелькают такие слова и словечки, что впору кричать караул. (28)Молодёжный сленг, немножко классической блатной фени, очень много фени новорусской, профессионализмы, жаргонизмы, короче говоря - на любой вкус. 
 (29)А я, например, завидую всем этим «колбасить не по-детски», «стопудово» и «атомно», потому что говорить по-русски - значит не только «говорить правильно», как время от времени требует канал «Культура», но и с удовольствием, а значит, эмоционально и творчески (или, может быть, сейчас лучше сказать - креативно?). (30)А сленг, конечно же, эмоциональнее литературного языка. (31)Другое дело, что сейчас граница между сленгом и литературным языком всё больше размывается и жаргонные слова проникают в запретные для них области. (32)Они и слышатся, и пишутся всё чаще. (33)И в обычной вполне культурной речи, и в журнальных и книжных текстах слова из сленга попадаются постоянно. 
 (34)Стал ли русский язык более «криминальным»? (35)Есть два вполне осмысленных ответа. (36)Первый: безусловно. (37)Второй: никак нет. (38)Не язык наш криминализирован, как любят писать в газетах, а общество, и чтобы адекватно говорить об этом обществе, язык порождает соответствующие слова. (39)Чтобы отразить изменения в экономике или в информатике и дать людям возможность говорить об этом, язык также порождает или заимствует новые слова. 
 (40)Остановить этот процесс невозможно, можно только изолировать или стерилизовать общество. (41)А говорить о нашей жизни и нашем обществе языком Тургенева просто не получится. 
 (По М.А. Кронгаузу*) 
 *Кронгауз Максим Анисимович - доктор филологических наук, директор Института лингвистики РГТУ. Автор научных монографий и многочисленных публикаций в периодических и интернет-изданиях. 
"
213,"Текст Кронгауза М. 
 (1)Мир вокруг нас меняется. (2)И язык, который существует в меняющемся мире, меняется сам, перестаёт выполнять свою функцию. (3)Мы не сможем говорить на нем об этом мире, потому что у нас просто не хватит слов. (4)И не так уж важно, идёт ли речь о домовых сычах, новых технологиях или новых политических и экономических реалиях. (5)Объективно всё правильно, язык должен меняться, и он меняется. (6)Более того, запаздывание изменений приносит людям значительное неудобство, но и очень быстрые изменения могут мешать и раздражать. 
 (7)Что же конкретно мешает мне и раздражает меня? 
 (8)Не люблю, когда я не понимаю отдельных слов в тексте или в чьей-то речи. (9)Даже если я понимаю, что это слово из английского языка, и могу вспомнить, что оно там значит, меня это раздражает. (10)Позавчера я споткнулся на стритрейсерах, вчера — на трендсеттерах, сегодня — на дауншифтерах, и я точно знаю, что завтра будет только хуже. 
 (11)К заимствованиям быстро привыкаешь, и уже сейчас трудно представить себе русский язык без слова «компьютер» или даже без слова «пиар» (хотя многие его и недолюбливают). (12)Я, например, давно привык к слову «менеджер», но вот никак не могу разобраться во всех этих «сейлз-менеджерах», «аккаунт-менеджерах» и им подобных. (13)Я понимаю, что без «специалиста по недвижимости» или «специалиста по порождению идей» не обойтись, но ужасно раздражает, что одновременно существуют «риэлтор», «риелтор», «риэлтер» и «риелтер», а также «криэйтор», «криейтор» и «креатор». (14)А лингвисты при этом либо просто не успевают советовать, либо дают взаимоисключающие рекомендации. 
 (15)Когда-то я с лёгкой иронией относился к эмигрантам, приезжающим в Россию и не понимающим некоторых важных слов, того же «пиара», скажем. (16)И вот теперь я сам, даже никуда не уезжая, обнаружил, что некоторые слова я не то чтобы совсем не понимаю, но понимаю их только потому, что знаю иностранные языки, прежде всего английский. (17)Мне, например, стало трудно читать спортивные газеты (почему-то спортивные журналисты особенно не любят переводить с английского на русский, а предпочитают сразу заимствовать). (18)В репортажах о боксе появились загадочные «панчеры» и «круэеры»; в репортажах о футболе — «дерби», «монегаски» и «манкунианцы». (19)Да что говорить, я перестал понимать, о каких видах спорта идёт речь! (20)Я не знал, что такое кёрлинг, кайтинг или банджи-джампинг (теперь знаю). 
 (21)Окончательно добил меня хоккейный репортаж, в котором было сказано о канадском хоккеисте, забившем гол и сделавшем две «ассистенции». (22)Поняв, что речь идёт о голевых пасах (или передачах), я, во-первых, поразился возможностям языка, а во-вторых, разозлился на журналиста, которому то ли лень было перевести слово, то ли, как говорится, «западло». (23)Потом я, правда, сообразил, что был не вполне прав не только по отношению к эмигрантам, но и к спортивному журналисту. (24)Ведь глагол «ассистировать» (в значении «делать голевой пас»), да и слово «ассистент» в соответствующем значении уже стали частью русской спортивной терминологии. (25)Так чем хуже «ассистенция»? 
 (26)Но правды ради должен сказать, что более я этого слова не встречал. 
 (27)Думаю, что почти у каждого, кто обращает внимание на язык, найдутся претензии к сегодняшнему его состоянию, может быть, похожие, может быть, какие-то другие (вкусы ведь у нас у всех разные, в том числе и языковые). 
 (28)Я, в принципе, не против сленга (и других жаргонов). (29)Я просто хочу понимать, где граница между ним и литературным языком. (30)Я, в принципе, не против заимствований, я только хочу, чтобы русский язык успевал их осваивать; я хочу знать, где в этих словах ставить ударение и как их правильно писать. (31)Я, в принципе, не против языковой свободы: она, (конечно, в разумных пределах) способствует творчеству и делает речь более выразительной. 
 (32)Но мне не нравится языковой хаос (который вообще-то является её обратной стороной), когда уже не понимаешь, игра его или безграмотность, выразительность или грубость. 
 (По М. Л. Кронгаузу*) 
 * Максим Анисимович Кронгауз (род. в 1958 г.) — доктор филологических наук, автор научных монографий и многочисленных публикаций в периодических и интернет изданиях. 
"
214,"Текст Кронгауза М.  
 (1)Наше счастье, что мы ничего не замечаем. (2)Сами меняемся — и сами же этого не замечаем. (3)Ну действительно, разве телевизор не изменил человечество?  (4)А  компьютер?  (5)Если  произвести  мыслительный эксперимент  и  перенести молодого  человека  третьего  тысячелетия  в семидесятые годы прошлого века и, наоборот, перенести   обычного человека из семидесятых в сегодня, мы получим интересный результат. (6)У каждого из этих людей возникнут серьёзные языковые проблемы. (7)Это не значит, что они совсем не поймут язык другого времени, но, по крайней мере, некоторые слова и выражения будут непонятны. (8)Более того, общение человека  из семидесятых  годов  с  человеком  третьего  тысячелетия  вполне  могло  бы закончиться  коммуникативным  провалом  не  только  из-за  простого непонимания слов, но и из-за несовместимости языкового поведения. (9)Этот мыслительный эксперимент становится вполне реальным, когда, например, современные  ученики  смотрят  советские  фильмы.  (10)Кажется,  что  в обратную  сторону  реализовать  эксперимент  сложнее.  (11)Однако возвращаются  в  Россию  эмигранты,  люди  из  семидесятых,  и  недоумённо застывают от слова «пиар». (12)Непонятны им и банальные правила поведения современного молодого человека, сформулированные на современном языке. (13)«Не наезжай! (14)Не грузи! (15)Не гони! (16)Не тормози!» (17)А нам, здешним, всё понятно, хотя ни одно из слов не употреблено в своём старом литературном значении, а новых значений не найдёшь ни в одном словаре. (18)Впрочем, откажутся понимать  эти слова и  ревнители  русского  языка. (19)Да, действительно, классики так не говорили. (20)Но даже если отбросить самые нелепые слухи и мнения о современном языке, всё равно останется 
какое-то  смутное  волнение  и  раздражение  собственным  языком,  которое испытывает сейчас множество людей. (21)Всё это выливается в публичное 
осуждение  русского  языка,  призывы  что-то  запретить и где-то  поправить. (22)Например,  в  проекте Закона  о  русском  языке  как  государственном предлагалось  запретить  использование  иностранных  слов  при  наличии русского  аналога.  (23)Надо  что-то  делать!(24) Пуститься  во  все  тяжкие? (25)Или не надо? (26)Языковая стихия обрушилась и захлестнула весь народ. (27)В  сегодняшней  речи  не  юного  и  вполне интеллигентного  человека мелькают такие слова и словечки, что впору кричать караул. (28)Молодёжный сленг, немножко классической блатной фени, очень много фени новорусской, профессионализмы, жаргонизмы, короче говоря, на любой вкус. (29)Можно, конечно, жаловаться... (30)Но язык — это очки, без которых нам не разглядеть окружающий мир. (31)Язык — слуга и господин. (32)Язык — наш друг и враг одновременно.  (33)Любой  язык  изменяется  под  влиянием  различных факторов: внешних или внутренних. (34)Он как будто бы следит за нами и фиксирует все самые важные наши проблемы и больные места. (35)Он не даёт ни соврать, ни обмануть себя. (36)Общество становится криминальнее, и язык вслед за  ним.  (37)Общество  поддаётся чужому  влиянию,  и  язык  тоже. (38)Общество  становится  свободнее,  и  язык  отражает  это.  (39)Более того, меняясь, язык начинает влиять на всех людей, говорящих на нём. (40)Как говорить — это выбор, как думать и как жить. (41)Увы,   мы никогда не будем говорить  на языке  Тургенева.  (42)Что  Тургенева — на  языке  Трифонова никогда мы уже не будем говорить! (43)Так что живём мы сейчас в стрессовых условиях языкового разрыва поколений и многоязычия, и единственное, что можно  посоветовать  культурному  люду,  так  это  терпения  и  терпимости.  (44)Ещё  через  десяток-другой  лет  наступит  период  стабилизации,  и  мы наконец  без  всяких  законов  обретём  единый  общий  язык,  без  которого невозможна общая культура. 
 (По М. Кронгаузу*) 
  * Максим Анисимович Кронгауз (1958) — советский и российский лингвист, автор научно-популярных книг о русском языке, среди которых «Русский язык на грани нервного срыва» и другие. 
 Информация о тексте 
 
"
215,"Текст Крупина В. 
 (1)В юности я здоровая была, наравне с парнями мешки таскала. (2)Отец жалел, да ведь десять ртов в семье жалость заглушат. 
 (3)И вот, никогда не забыть, грузили баржу картошкой. (4)С обеда начали, к вечеру ноги подгибались. (5)Парни мне стараются мешки поменьше наваливать, а все равно тяжело. (6)Дождь шел, промокла я, продрогла, все прокляла. (7)К вечеру дождь перестал. (8)Тащу мешок, а тятя (он тоже грузил) говорит: (9)«Варя, посмотри-ка какая красота!». (10)Я отвечаю: (11)«Тять, как же я посмотрю, меня мешок к земле пригибает, только под ногами землю и вижу». (12)«Сбрось, говорит, мешок, успеешь натаскаться, а такое не увидь - и не увидишь. (13)Коня, говорит, какого в радугу запрягли». 
 (14)Сбросила тяжесть, разогнулась. (15)И ровно в глазах воссияло. (16)Думала - пожар. 
 (17)Река Вятка красная. (18)Радуга во все небо. (19)Небеса горят: под радугой, как под дугой, солнышко! (20)Поглядела я – как будто умылась, дышать легче стало. 
 (21)И вот, думаю, не обрати моё внимание отец на красоту, да раз, да другой, так слепая бы и прожила, а благодаря отцу зрячая стала, от него переняла и детям передала. 
 (22)Помню, как пошла с дочкой за земляникой. (23)День хороший, солнце яркое. (24)В березняке я нашла маленькую полянку и обомлела. (25)Зову дочку, чуть не шёпотом, ровно кого спугнуть боюсь. (26)Полянка вся в землянике, красным-красна, и на ней роса играет. 
 (27)Дочка на голос прибежала, увидела, хлоп на колени - и рвать. (28)Подожди, говорю, не убегут ягоды, ты полюбуйся. (29)Она встала рядом, смотрела-смотрела и говорит: (30)«Жалко, мама, ягоды трогать, давай просто так уйдем». (31)Я засмеялась: (32)«Милая ты моя! (33)Ты красоту запомни, а пользу зачем упускать». 
 (34)И вот чем закончу. (35)У этой дочки своя уже дочь. (36)Гуляем мы втроем в парке, она дочери говорит: «(37)Смотри, Машенька, какие цветы!». (38)На руки взяла: «(39)Смотри, Машенька, какие облака пушистые!». 
 (По В. Крупину*) 
* Владимир Николаевич Крупин (род. 7.09.1941 г.) — русский прозаик, секретарь правления Союза писателей России. 
"
216,"Текст Крупина В. 
 (1)Сижу и думаю: надо же, а ведь Пушкин жил и ничего о постимпрессионистах не знал. (2)А я знаю. (З)Вот я какой умный. (4)Только вот почему-то Пушкин — он, а не я. 
 (5)Необычайно вредны знания, если являются самоцелью. (6)То есть стремление знать как можно больше — ошибочно и губительно. (7)Вот я, например, знаю, как звали коня Александра Македонского. (8)Буцефал. (9)Или не знаю, как звали коня Александра Македонского. (10)И что? (11)Я стал хуже, глупее? (12)Нет, я просто не знаю того, без чего я могу прожить. 
 (13)Вся система демократии, даже и социализма, не говоря уже о капитализме, выработала тип отношения к человеку, много знающему, как к образцу для подражания. (14)Но заметим, что много знающие, так называемые ходячие энциклопедии, никогда не были умными. (15)Это как знающий множество анекдотов и хохмочек, такой человек обычно пустой. 
 (16)Прогресс в науке, технике, свершения в культуре двигают люди целеустремлённые. (17)Постороннего, мешающего знать им не надо, даже вредно. (18)Лев Толстой был поражён, когда выяснилось, что талантливый скульптор, приехавший делать бюст писателя, ничего не читал из его произведений. (19)Более того, просто забыл в Ясной Поляне подаренные ему книги. (20)А зачем? (21)Быть пропагандистом идей Толстого в задачи скульптора не входило — ему были более интересны надбровные дуги великого старца. 
 (22)А вот, например, мобильный телефон, сотовая связь — это, конечно, гениальное изобретение. (23)Я стою на палубе судна среди Средиземного моря и говорю с женой, которая едет из Москвы во Владимир. (24)Но вот я иду по улице и слышу, как милая курящая дама матом кого-то поливает по этому самому мобильнику. (25)Или того смешнее: идёт седой мужчина среди толпы и кричит собеседнику в сотовый: «Этот Борис Львович такой мерзавец, такой подлец, свет такого не видывал.(26)Но это между нами, понял? (27)Строго между нами...». 
 (28)Ни обилие знаний, ни открытия науки, ни совершения техники не делают человека лучше. (29)Печать, радио, телевизор круглосуточно поощряют погоню за знаниями. (30)Все игры на слова, на события, даты, на что угодно оплачиваются, подстёгивая гонку за лошадью по кличке Буцефал. (31)Знаешь - и ты в чести. 
 (По В. Крупину*)  
 *Владимир Николаевич Крупин (род. в 1941 г.) — писатель, сценарист и публицист. 
"
217,"Текст Крюкова М. 
 (1)«Я лучше, я умнее всех». (2)Человек такой моральной позиции напрочь лишён способности судить о своих возможностях. (3)Хорошо, если в конце концов он поймёт это и займёт соответствующее своим способностям место, положит на плечи посильный груз. (4)А если нет? (5)Такой человек, окажись он у власти — пусть самой что ни на есть скромной, — станет только вредить делу. (б)Такой руководитель побоится иметь хорошего заместителя: как бы тот не занял его место. (7)Не поддержит дельного предложения: ведь оно исходит не от него, руководителя. (8)Похоронит хороший проект, если он «не работает» на его, начальника, авторитет. 
 (9)Каждый человек ищет место в жизни. (10)Старается утвердить своё «я». (11)Это естественно. (12)Только вот как он находит своё место, какими путями идёт к нему, какие моральные ценности имеют вес в его глазах, - вопрос чрезвычайно важный. 
 (13)Поэт сказал: «Мы все немножко подпираем небосвод». (14)Это о достоинстве человека, его месте на земле, его ответственности за себя, за всех и за всё. 
 (15)И ещё верные слова: «Каждый человек стоит ровно столько, сколько он действительно создал, минус его тщеславие». 
 (16)Чего уж там, многие из нас не могут признаться себе, что из-за ложно понятого, раздутого чувства собственного достоинства, из-за нежелания показаться хуже мы иногда делаем опрометчивые шаги, поступаем не очень правильно - лишний раз не переспросим, не скажем «не знаю», «не могу». 
 (17)Слов нет, беспардонные себялюбцы вызывают чувство осуждения.  (18)Однако не лучше и те, кто разменивает своё достоинство, как мелкую монету. (19)В жизни каждого человека, наверное, бывают моменты, когда он просто обязан проявить своё самолюбие, утвердить своё «я». (20)И, конечно, сделать это не всегда просто. 
 (21)Одним из семи чудес света, о которых писали древние, был александрийский маяк - сооружение грандиозное и необычное. (22)Рассказывают, что сферическое зеркало маяка под определённым углом собирало в пучок столько солнечного света, что могло сжигать корабли, плывущие далеко в море. (23)Маяк был построен по приказу Птолемея Филадельфа. (24)На мраморных плитах маяка самолюбивый фараон приказал выбить своё имя. 
 (25)Но кто был подлинным творцом седьмого чуда, его настоящим строителем? (26)Люди узнали об этом через много лет. (27)Оказывается, архитектор сделал на каменных плитах маяка углубления и в них высек слова: «Сострат, сын Дексифана из Книда, - богам-спасителям ради мореходов». (28)Надпись он залепил известью, затёр её мраморной крошкой и на ней начертал, как того требовал фараон: «Птолемей Филадельф». 
 (29)Так всегда бывает. (ЗО)Истинная цена человека рано или поздно всё равно обнаруживается. (31)И тем выше эта цена, чем больше человек любит не столько себя, сколько других. (32)Лев Толстой подчёркивал, что каждый из нас, так называемый маленький, рядовой человек, на самом деле есть лицо историческое. (ЗЗ)Великий писатель возлагал ответственность за судьбу всего мира на каждого из нас. (34)На то самое «я», которое таит в себе силы титанические. (35)То самое «я», которое становится во сто крат сильнее, превращаясь в «мы», в заботу о нашем общем благе. (36)На этом пути человеку дорого доброе имя, общественное признание. (37)Не будем забывать об этом. 
 (По М.С. Крюкову*) 
 *Крюков Марлен Сергеевич (1931—1997) - русский писатель, журналист. 
 Информация о тексте 
 Основные проблемы: 
 1. Проблема самооценки личности. (Как правильно оценить свои возможности? Как избежать ошибки при самооценке?) 
 Авторская позиция. Не следует завышать самооценку, поскольку в этом случае человек взвалит на плечи непосильный для себя груз и будет
вредить делу, но в то же время необходимо сохранять чувство собственного достоинства. 
 2. Проблема места человека в мире. (Что помогает человеку самоутвердиться?) 
 Авторская позиция. В жизни каждого человека бывают моменты, когда он обязан утвердить, проявить своё «я»; личность становится более значительной, сильной, превращаясь в «мы», будучи направленной на заботу об общем благе. 
 3. Проблема значимости человеческой личности. (В чём заключается значимость человеческой личности?) 
 Авторская позиция. Значимость личности заключается в её влиянии на исторический ход событий, в том, что она принимает на себя ответственность «за судьбу всего мира»."
218,"Текст Куделиной В. 
  (1)На эти размышления меня натолкнул недавно пересмотренный фильм о Человеке-пауке. (2)Знаю, что у детей этот персонаж очень популярен. (3)Они любят в него играть, надевают костюмы человека-паука, приносят игрушки в виде человека-паука... (4)Словом, это детский кумир наравне с Бэтменом, Суперменом и другими подобными героями. (5)Но героями ли?  
 (6)Вспомним сюжет фильма. (7)В самом начале мы видим молодого человека Питера, который в жизни не слишком удачлив: работа не клеится, отношения не ладятся, в любви не везёт. (8)Мир не очень дружелюбен к нему. (9)И вот он, благодаря стечению обстоятельств, превращается в Человека-паука, приобретает как будто вторую натуру. (10)И тут же становится и смелым, и сильным, и ловким. (11)Свои новые способности он использует во благо: вступается за слабых, предотвращает грабежи, сражается за добро и справедливость. (12)Вроде бы что плохого? (13)Прекрасный пример для подражания!  
 (14)Только вот... снимая костюм Человека-паука, Питер своих новых способностей, конечно, не теряет, но вновь становится обычным человеком — тихим, незаметным обывателем, которому не очень везёт. (15)Свою вторую натуру ему приходится скрывать. (16)Единственное, что он приобретает, — это уверенность и чувство самоудовлетворения: он-то знает, кто на самом деле герой. (17)И в третьей части трилогии Питер от всей души начинает этим гордиться, из-за чего и приходит на тёмную сторону и становится черным Человеком-пауком. (18)Получается, что новые способности делают его физически сильным, ловким и выносливым, но не дают ему внутренней силы... 
 (19)Давайте вспомним другие известные саги современности: «Властелина Колец», «Звёздные войны», «Матрицу». (20)Фродо тоже не обладает исключительными способностями: ни особенного ума, ни доблести, ни силы в нём нет, но ему выпадает роль нести Кольцо, хотя миссия эта ему не по силам, и ему приходится стать и сильным, и смелым, и мудрым. (21)Мы видим, как нелегко это ему дается, как каждый раз он преодолевает сомнения, страхи, ужасы и благодаря этому действительно меняется. (22)Он совершает путь не только внешний от родного дома до страны мрака, но и внутренний и становится героем, хотя вначале героем его точно не назовёшь. 
 (23)И не его одного. (24) Люка Скайуокера из «Звездных войн», Нео из «Матрицы» никто не наделял волшебными и необыкновенными способностям и пауков или летучих мышей. (25)Их магия и волшебство были в другом: Фродо, Нео, Люк были не одни и сражались не в одиночку, полагаясь только на собственные силы, у них были учителя, которым они верили, и друзья, которых они очень любили. (26)И это посильнее всех волшебных способностей и костюмов, это совсем другая магия, другое волшебство. (27)Вот что им помогало, их спасало, меняло. (28)И они стали героями, которые спасали мир. 
 (29)Так же как и у Бэтмена, и Супермена, мы не видим у Питера внутренних изменений, его пути к герою. (30)Способности, которыми эти персонажи стали обладать, и костюмы, которые они надели, не помогли поменяться им самим, а, наоборот, стали маской, за которой так удобно прятаться от собственных неудач. (31)Да, они использовали эти способности во благо, но получили их без усилий, это дар ниоткуда. 
 (32)Может, поэтому Человек-паук и подобные ему персонажи так популярны в наш век комфорта: нам не хочется делать усилий, а хочется, чтобы всё доставалось легко.  
 (33)Я сейчас опять вспомнила о детях, для которых Человек-паук — кумир, пример для подражания. (34)Они смотрят на яркую обложку и доверчиво впитывают то, что дает им мир... (35)Какую жизненную модель будут они принимать за чистую монету? (36)Что нужно надевать маску, если хочешь чего-то добиться, что эту маску нужно обязательно скрывать, что всё, что тебе нужно, дается просто так, а не заслуживается, что не надо прилагать никаких усилий, нет смысла меняться?.. (37)Как-то страшно становится. (38)Хорошо, что в народных сказках, которые ещё читают детям, заложены  совсем другие модели, хорошо, что и в современных сагах ещё есть настоящие герои!  
 (39)В одной из частей фильма «Человек-паук» тётя главного героя говорит о том, что в каждом из нас живёт герой и что нужно его пробудить. (40)Я с ней полностью согласна, но мне не хочется пробуждать в себе Человека-паука. (41)Ведь мы сами выбираем себе героя и пример для подражания, и в наших силах задуматься о том, кому и чему мы следуем. 
 (По В. В. Куделиной*) 
 *Варвара Владимировна Куделина (р. 1985 г.) — преподаватель, психолог, публицист.  
 Информация о тексте 
"
219,"Текст Кузнецова А. 
 (1)Есть животные, которые не могут слышать, и их душа заполнена пустотой мёртвого безмолвия. (2)Есть животные, которые наделены только одной способностью - ощущать тепло приближающейся жертвы, и, затаившимся в кромешной тьме, им неведомо никакое чувство, кроме сосущего их утробу голода. (3)Одно дело, когда мы говорим о безгласной рыбе или о неспособном летать пресмыкающемся, и другое дело, когда у некоторых людей обнаруживается полная атрофия тех способностей, которые, казалось бы, свойственны человеку по самой его сути. (4)Про этих духовных калек писал Фёдор Тютчев: «Они не видят и не слышат, живут в сём мире, как впотьмах...». (5)Если человек не воспринимает красоту, то мир для него становится однотонным, как упаковочная бумага, если он не знает, что такое благородство, то вся человеческая история для него предстаёт бесконечной цепью подлостей и интриг, а прикасаясь к высоким движениям человеческого духа, он оставляет жирные отпечатки своих рук. 
 (6)Однажды в одной из столичных газет, известной своим обличительным пафосом, мне попалась статья, в которой автор утверждал, что патриотизм свойственен лишь натурам серым, примитивным, недостаточно развитым, в которых индивидуальное чувство ещё не вызрело в полной мере. 
 (7)3атем автор, доказывая тезис о том, что героическая самоотверженность порождена не благородством, как это принято думать, а неразвитостью личностного начала, приводит выдержки из прощального письма Ульяны Громовой. (8)Эта девушка во время Великой Отечественной войны стала одним из руководителей подпольной организации «Молодая гвардия», куда входили люди, многим из которых не было и двадцати лет. (9)Ребята расклеивали листовки с сообщениями о положении на фронте, вывешивали красные флаги, показывали всем, что оккупанты завоевали город, но не покорили людей. (10)Фашисты схватили подпольщиков, изуверски пытали их, а потом казнили. (11)Ульяна Громова перед самой смертью успела написать письмо родным. 
 (12)Автор статьи находит в этом коротком послании пунктуационные и орфографические ошибки: вот тут обращение не выделено запятыми, тут неправильная буква в падежном окончании имени существительного... (13)Отсюда вывод: девушка - типичная троечница, серая посредственность, она пока ещё не осознала бесценности человеческой жизни, а потому легко, без сожалений пошла на смерть... 
 (14)Когда люди садятся за стол, перед едой они моют руки. (15)Когда прикасаешься к высокому и священному, надо прежде всего отмыть душу от житейского, суетного, пыльного, мелкого... (16)Жестокие и беспощадные враги напали на нашу родину, и комсомольцы, почти дети, стали с ними сражаться. (17)Это называется подвигом! (18)Когда их пытали, мучили, резали, жгли, они ничего не сказали врагу. (19)И это тоже называется подвигом! (20)Подвиг, который рождён высоким сознанием своей ответственности перед страной, потому что врага можно победить только так: жертвуя своей жизнью. 
 (21)Согласен, что каждый человек имеет право на свою точку зрения, знаю, что злейшим врагом всякого прогресса являются не критики, а твердокаменные «сторонники». (22)Но весь вопрос в том, кто несёт знание. (23)Если о сущности патриотизма размышляют люди, не испытывающие любви к родине, не знающие, что такое героизм, то это будет то же самое, как если бы о природе солнечного света философствовали морские скаты, коченеющие в кромешной тьме вечной подводной ночи. 
 (По А.Н. Кузнецову*) 
 * Кузнецов Андрей Николаевич (1920-1998 гг.) -  писатель, участник Великой Отечественной войны.  
 Основные проблемы: 
 1. Проблема отношения к прошлому своей страны (О чём можно судить по отношению людей к своей стране?)  
 2. Проблема патриотизма как общезначимой ценности (Как можно оценить самопожертвование во имя отчизны?) 
 3. Проблема нравственных возможностей человека (Каждый ли человек способен по достоинству оценить героический поступок?)  
 Позиция автора по выделенным проблемам: 
 1. По тому, как человек относится к своей истории, можно судить о его нравственном уровне. 
 2. Самопожертвование во имя отчизны - высшее проявление благородства и духовности.  
 3. Только нравственно зрелая личность обладает способностью адекватно воспринимать и оценивать героические поступки. 
 ПРОЧИТАТЬ СОЧИНЕНИЕ"
220,"Текст Кузнецова А.Н. 
 (1)В последнее время мне не раз приходилось читать и слышать о том, что якобы массовый героизм советских людей во время Великой Отечественной войны был обусловлен страхом. (2)Будто бы наших солдат сторожили специальные заградительные отряды, и того, кто пытался отступить, немедленно расстреливали. (3)Вот при трезвом размышлении наш боец и приходил к безрадостному выбору: если уж смерть всё равно неизбежна, то лучше пасть героем на поле битвы, нежели тебя, как предателя, пристрелят свои же. 
 (4)Нелепость такого «трезвого размышления» очевидна для любого человека, который хоть раз оказывался под пулями. (5)Я на всю жизнь запомнил свой первый бой. (6)Пыль, поднятая взрывами, закрыла солнце. (7)Земля ходила ходуном, как во время землетрясения, и я, слепой и оглохший, не понимал, где верх, где низ… (8)И что же, в такой момент, когда точно знаешь, жив еще или уже убит, кто-то сможет философствовать: раз бежать нельзя, что ж, делать нечего, приму геройскую смерть? (9)Это бред! (10)Страх не может превратить труса в героя! (11)Если бы это было возможно, все армии мира давно стали бы применять такой нехитрый метод воспитания воинской доблести. (12) Герой тем только и отличается от труса, что как-то умеет преодолеть страх смерти, что, истекая кровью, он почему-то продолжает сражаться с врагом. (13)«Как-то», «почему-то» -- я, несмотря на то что почти полтора года провел на передовой, не сумею объяснить, какие чувства руководят солдатом во время сражения, когда грань между жизнью и смертью становится почти неразличимой. 
 (14)Но важным мне здесь представляется иное: как современные люди объясняют себе поведение советских людей во время недавней войны. (15) «Фанатики, оболваненные пропагандой…», «марионетки, осужденные на подвиг…», «люди, у которых отняли будущее»… (16)Когда я , бывший солдат, слышу подобные заявления, то испытываю не возмущение и обиду. (17)Я же признался, что и сам не могу объяснить, почему мы погибали. Но не бросали позиций. (18) Мне горько оттого, что я ощущаю свое бессилие: как объяснить современным людям, что человек в своих поступках может руководствоваться чем-то иным, кроме животного страха?! (19)Неужели моему соотечественнику сегодня проще поверить в то, что его деды и прадеды были запуганными рабами бесчеловечного режима, чем в то, что они беззаветно любили свою родину, где жили их матери, жены и дети, и что ценой своей жизни пытались спасти их от смерти? (20)А если. Не дай Бог, на вашу долю выпадет такое же испытание, за что вы ухватитесь, какая вера вам даст силы, какое чувство заставит вас идти вперед? (21)Неужели вас погонит на верную смерть только темный, звериный страх и злобное отчаяние?! (22)Ведь нет же! (23)Вот и нас вели в бой совсем другие чувства. 
 (По А.Н.Кузнецову*) 
 *А.Н.Кузнецов (1920-1998) – писатель, участник Великой Отечественной войны. 
"
221,"Текст Кулакевич О. 
 (1) Телевидение вошло в нашу жизнь более полувека назад, и теперь мы уже не можем представить себе ни дня без любимой передачи или сериала. (2) Иногда кажется, что сейчас почти все — даже древние старушки — с жадностью всматриваются в сюжеты всяких «Чрезвычайных происшествий», запоминают подробности и потом охотно смакуют их с соседками на скамеечке возле подъезда, якобы сетуя на то, какие кошмары творятся вокруг.  
 (3)Но есть люди, которые почти не смотрят телевизор, особенно все эти «чернушные» передачи: только расстроишься лишний раз. (4) И вот что занятно: чаще всего это были очень успешные, здоровые люди, с которыми общаться — одно удовольствие! (5) Может, это неспроста?  
 (6)Люди смотрят взахлеб, как ссорятся до хрипоты в «Пусть говорят», в нескольких выпусках новостей не отрывают глаз от катастроф, произошедших за день, и думают: «Ну, где в этот раз тряхнуло, взорвалось, залило?».  
 (7)Такая «культура» оглушает, выматывает. (8) Может, кому-то хорошо, что собственные проблемы кажутся меньшими, незначительными. (9)Но благодаря этой «замене» отмирают живые эмоции, и мы получаем новый вид человека — бесчувственного, «замороженного» по отношению к себе и своим близким, нервного, издерганного, но все равно тянущегося к экрану, как зомби, в поисках чего-то ещё, что его «заденет», заставит на время почувствовать себя почти живым...  
 (10)Людям зачем-то нужны шоковые раздражители: измены, торговля детьми, маньяки, вандализм и сенсационные подробности о звёздах. (11) Информация шокирует и цепляет, а завтра её потребитель снова рыщет в поисках переживаний. (12)Дальше происходит привыкание — только шоковые раздражители могут волновать. (13)Это уже зависимость, наркотик.  
 (14) Сцены насилия на ТВ могут сказаться на психике человека, и в основном это дети и пожилые люди. (15) Они близко к сердцу принимают события. (16) Дети в силу отсутствия человеческого жизненного опыта более чувствительны к такому мощному воздействию, особенно к телепередачам с насилием. 
 (17) Это не значит, что смотреть телевизор плохо или вредно. (18)Телевидение обучает, расширяет кругозор, развлекает, расслабляет, позволяет наслаждаться прекрасным. (19) Однако даже человек, понимающий, что надо бы поменьше времени проводить у экрана, зачастую ничего не может с собой поделать.  
 (20) Когда на душе светло и радостно, когда есть дело, которому отдаешь все силы и помыслы, то потребности в «чернухе» нет. (21) В человеческой глупости, ненависти, грязи нет ничего необычного. (22) Нужны ли они вам? (23)Решайте сами. (24)Пока окончательно не «подсели» на эмоции, которые ничего хорошего вам не принесут.  
 (25) А ведь жизнь у нас одна, и есть дела поинтереснее, чем тратить время возле «ящика»...  
 (По О. Кулакевич) 
"
222,"Текст Куприна А.  
 (1)Глубокая зимняя ночь. (2)Метель. (3)В доме — ни огня. (4)Ветер воет в трубах, сотрясает крышу, ломится в окна; ближний лес гудит, шатаясь под вьюгой.  
 (5)Никто не спит. (6)Дети проснулись, но лежат молча, широко раскрывши глаза в темноту. (7)Прислушиваются, вздыхают…   
 (8)Откуда-то издалека, из тьмы и бури, доносится длинный жалобный крик. (9)Прозвучал и замолк… (10)И еще раз… (11)И ещё…  
  — (12)Точно зовет кто-то, – тревожно шепчет мужчина. (13)Никто ему не отвечает.   
 — (14)Вот опять… (15)Слышишь?.. (16)Как будто человек… 
 — (17)Спи, - сурово говорит женщина. – (18)Никого там нет. 
 — (19)Страшно ночью в лесу…   
 — (20)Это только ветер. (21)Ты разбудишь ребенка…   
 (22)Но дитя вдруг подымает голову.  
 — (23)Я слышу, я слышу. (24)Он кричит: ""Спасите!""   
 (25)И правда: яростный ураган стихает на одно мгновенье, и тогда совсем ясно, близко, точно под окном, раздается протяжный, отчаянный вопль: 
 — (26)Спа-си-те!   
 — (27)Мама! (28)Может быть, на него напали разбойники?.. (29)Может быть…   
 — (30)Не болтай глупостей, – сердито прерывает мать. – (31)Это голодный волк воет в лесу. (32)Вот он тебя съест, если не будешь спать.   
 — (33)Спасите!   
 — (34)Жалко живую душу,– говорит муж. – (35)Если бы не испортилось моё ружьё, я пошел бы…   
 — (36)Лежи, дурак… (37)Не наше дело…   
 (38)В темноте шлепают туфли… (39)Старческий кашель… (40)Пришел из соседней комнаты дедушка. (41)Он брюзжит злобно:   
 — (42)Что вы тут бормочете? (43)Спать не даете никому. (44)Какой такой человек в лесу? (45)Кто в эту погоду по лесам ходит? (46)Все дома сидят. (47)И вы сидите тихо и благодарите Бога, что заборы у нас высокие, запоры на воротах крепкие и во дворе злые собаки… (48)А ты взяла бы лучше к себе дитя да сказкой бы его заняла.   
 (49)Это голос черствого благоразумия.  
 (50)Мать переносит в свою постель ребенка, и в тишине звучат слова монотонной, старой успокоительной сказки:  
 — (51)Много лет тому назад стоял среди моря остров, и на этом острове жили большие, сильные и гордые люди. (52)Всё у них было самое дорогое и лучшее, и жизнь их была разумна и спокойна. (53)Соседи их боялись, уважали и ненавидели, потому что они сами никого не боялись, всех презирали, а уважали только самих себя. (54)В жилах их текла не простая кровь, а голубая-голубая…   
 — (55)Спа-си-те!   
 (56)Молчание… 
 (По А.И. Куприну*) 
 *Александр Иванович Куприн (1870 – 1938) – русский писатель. 
 Информация о тексте 
 
"
223,"Текст Куприна А. 
 (1)Вот уже три года, как его незаслуженно оклеветали и лишили работы, Иван Семенюта живёт дикой, болезненной и страшной жизнью. (2)Он ютится в полутёмном подвале, где снимает самый сырой и холодный угол. (3)Чем существует Семенюта, − он и сам не скажет. (4)Он не брит, не стрижен, волосы торчат у него на голове, точно взъерошенное сено, бледное лицо опухло нездоровой подвальной одутловатостью, сапоги просят каши. 
 (5)Но есть четыре дня в году, когда он старается встряхнуться и изменить свой запущенный вид. (6)Это на Новый год, на Пасху, на Троицу и на тринадцатое августа. (7)Накануне этих дней он путём многих усилий и унижений достаёт пятнадцать копеек − пять копеек на баню, пять на цирюльника и пять копеек на плитку шоколада или на апельсин. 
 (8)И вот, начистив до зеркального блеска сапоги, замазав в них дыры чернилами, тщательно обрезав снизу брюк бахрому, надев бумажный воротничок с манишкой и красный галстук, которые обыкновенно хранятся у него целый год завёрнутыми в газетную бумагу, Семенюта тянется через весь город во вдовий дом с визитом к матери. (9)Обыкновенно он норовит попасть к вечеру, когда не так заметны недостатки его костюма. 
 (10)Мать, завидев родного сына, быстро встаёт, подымая очки на лоб. (11)Клубок шерсти падает на пол и катится, распутывая петли вязанья. 
 − (12)Ванёчек! (13)Милый! (14)Ждала, ждала, думала, так и не дождусь моего ясного сокола. (15)Вид у тебя неважный, Ванёк, − говорит старушка и сухой жёсткой рукой гладит руку сына, лежащую на столе. − (16)Побледнел ты, усталый какой-то. 
 − (17)Что поделаешь, маман! (18)Служба. (19)Я теперь, можно сказать, на виду. (20)Мелкая сошка, а вся канцелярия на мне. (21)Работаю как вол. (22)Согласитесь, маман, надо же карьеру делать? – и вручает ей апельсин. 
 − (23)Не утомляйся уж очень-то, Ванюша. 
 − (24)Ничего, маман, я двужильный. (25)Зато на Пасху получу коллежского, и прибавку, и наградные. (26)И тогда кончено ваше здешнее прозябание. (27)Сниму квартирку и перевезу вас к себе. (28)И будет у нас не житьё, а рай. (29)Я на службу, вы − хозяйка. 
 (30)Этот робкий, забитый жизнью человек всегда во время коротких и редких визитов к матери держится развязного, независимого тона, бессознательно подражая тем светским «прикомандированным» шалопаям, которых он в прежнее время видел в канцелярии. (31)Отсюда и дурацкое слово «маман». (32)Он всегда звал мать и теперь мысленно называет «мамой», «мамусенькой», «мамочкой», и всегда на «ты». 
 (33)Семенюта призывает на помощь всё своё вдохновение и начинает врать развязно и небрежно. (34)Правда, иногда он противоречит тому, что говорил в прошлый визит. (35)Всё равно, он этого не замечает. (36)Замечает мать, но она молчит. (37)Только её старческие глаза становятся всё печальнее и пытливее. 
 (38)Служба идёт прекрасно. (39)Начальство ценит Семенюту, товарищи любят... 
 (40)И он говорит, говорит без конца, разжигаясь собственной фантазией, а мать смотрит на него, заворожённая волшебной сказкой. 
 (41)Наступает время, когда надо уходить. (42)Мать хочет проводить сына в переднюю, но он отклоняет эту любезность. 
 − (43)Ну, что, в самом деле, маман. (44)Дальние проводы − лишние слёзы. (45)И простудитесь ещё, чего доброго. (46)Берегите себя! 
 (47)…Когда же судьба покажет Семенюте не свирепое, а милостивое лицо? (48)И покажет ли? (49)Я думаю − да. (50)И будет жить Семенюта вместе со своей мамашей ещё очень долго, будет с ней жить в тихом, скромном и тёплом уюте. (51)Но никогда старушка не намекнёт на то, что она знала о его обмане, а он никогда не проговорится о том, что он знал, что она знает. (52)Это острое место всегда будет осторожно обходиться. (53)Святая ложь − это такой трепетный и стыдливый цветок, который увядает от прикосновения. 
 (По А. И. Куприну*) 
 *Александр Иванович Куприн (1870–1938) – русский писатель, автор многочисленных рассказов и повестей. 
 Информация о тексте 
 
  Блок ссылок на примеры сочинений  
 Примеры сочинений 
 
"
224,"Текст Куприна А. 
"
225,"Текст Куприна А. 
 (1)Иван  Иванович Турченко очень редко показывался  в уездном  свете, потому что три четверти жизни проводил в лесу. (2)Лес был его настоящею семьёю  и,  кажется,  единственной  страстной  привязанностью  к  жизни. (3)В  городе  над  ним  за  глаза  посмеивались  и  считали  чудаком.  (4)Имея полную  и  бесконтрольную  возможность  подторговывать  в  свою  пользу лесными  делянками,  отводимыми  на  сруб,  он  жил  только  на  своё полуторастарублёвое  жалованье,  жалованье  поистине  нищенское,  если принять  во  внимание  ту  культурную,  ответственную  и  глубоко  важную работу,  которую  самоотверженно  нёс  на  своих  плечах  целые  двадцать  лет этот удивительный человек. (5)Право, только среди чинов лесного корпуса, в этом  позабытом  из  всех  забытых  ведомств,  да  ещё  среди  земских  врачей, загнанных, как почтовые клячи, мне и приходилось встречать этих чудаков, фанатиков дела и бессребреников. 
 (6)Под  его  надзором  и  охраной  было  двадцать  семь  тысяч  десятин казённого  леса,  да  ещё,  по  просьбе  миллионеров  братьев  Солодаевых,  он присматривал за их громадными, прекрасно сохранёнными лесами в южной части  уезда.  (7)Но  и  этого  ему  было  мало:  он  самовольно  взял  под  своё покровительство  и  все  окрестные,  смежные  и  чересполосные  крестьянские леса.  (8)Совершая  для  крестьян  за  гроши,  а  чаще  безвозмездно  разные межевые работы и лесообходные съёмки, он собирал сходы, говорил горячо и  просто  о  великом  значении  в  сельском  хозяйстве  больших  лесных площадей  и  заклинал  крестьян  беречь  лес  пуще  глаза.  (9)Мужики  его слушаливнимательно,  сочувственно  кивали  бородами,  вздыхали,  как  на проповеди  деревенского  попа,  и  поддакивали:  «Это  ты  верно...  что  и говорить...  правда  ваша,  господин  лесник...  (10)Мы  что?  (11)Мы  мужики, люди тёмные...» 
 (12)Но  уж  давно  известно,  что  самые  прекрасные  и полезные  истины, исходящие  из  уст  господина  лесника,  господина  агронома  и  других интеллигентных  радетелей,  представляют  для  деревни  лишь  простое сотрясение воздуха. 
 
(13)На другой же день добрые поселяне пускали в лес скот, объедавший дочиста молодняк, драли лыко с нежных, неокрепших деревьев, валили для какого-нибудь  забора  или  оконницы  строевые  ели,  просверливали  стволы берёз  для  вытяжки  весеннего  сока  на  квас,  курили  в  сухостойном  лесу  и бросали  спички  на  серый  высохший  мох,  вспыхивающий,  как  порох, оставляли непогашенными костры. 
 (14)Он  упрашивал  сельских  учителей  внушать  ученикам  уважение  и любовь к лесу, подбивал их вместе с деревенскими батюшками – и, конечно, бесплодно – устраивать   праздники   лесонасаждения,   приставал   к исправникам,   земским   начальниками   мировым   судьям   по   поводу хищнических  порубок,  а  на  земских  собраниях  так  надоел  всем  своими   пылкими речами о защите лесов, что его перестали слушать. «(15)Ну, понёс философ свой обычный вздор», –говорили земцы и уходили курить, оставляя Турченко  разглагольствовать,  подобно  проповеднику  Беде  перед  пустыми стульями.  (16)Но  ничто  не  могло  сломить  энергии  этого  упрямца, пришедшегося  не  по  шерсти  сонному  городишке.  (17)Он,  по  собственному почину,  укреплял  кустарником  речные  берега,  сажал  хвойные  деревья  на песчаных пустырях и облеснял овраги. 
 –(18)В оврагах у меня теперь столько нанесло снегу, что лошадь уйдёт с дугой.  (19)А  я  радуюсь,  как  ребёнок.  (20)В  семь  лет  я  поднял  весеннюю высоту воды в нашей Вороже на четыре с половиной фута. (21)Ах, если бы мне да рабочие руки! (22)Если бы мне дали большую неограниченную власть над  здешними  лесами!  (23)Через  несколько  лет  я  бы  сделал  Мологу судоходной  до  самых истоков и  поднял бы повсюду  в районе  урожайность хлебов на пятьдесят процентов. (24)Клянусь, в двадцать летможно сделать Днепр  и  Волгу  самыми  полноводными  реками  в  мире,  и  это  будет  стоить копейки!  (25)Можно  увлажнить  лесными  посадками  и  оросить  арыками самые безводные губернии. (26)Только сажайте лес. 
(27)Берегите лес!  
 (По А.И. Куприну*) 
 *Александр Иванович Куприн(1870–1938) – известный русский  писатель-классик, переводчик 
"
226,"Текст Курочкина В. 
 – (1)Танки пошли, лейтенант! – крикнул Щербак. (2)Саня Малешкин даже не успел сообразить, что ему делать, как в наушниках раздался отрывистый и совершенно незнакомый голос комбата: «Вперёд!» 
 – (3)Вперёд! – закричал Саня и прилип к панораме. 
 (4)Внезапно справа и слева захлопали пушки. (5)Выстрелы звучали резко и сухо, как будто где-то поблизости кололи дрова. (6)Танк лейтенанта Доронина тоже начал стрелять. (7)Саня приказал Щербаку отъехать в сторону и открыть огонь. 
 (8)Саня, в сущности, плохо понимал, что происходит. (9)Комбат приказал не вырываться вперёд и двигаться за танками в ста метрах. (10)Щербак же повис на хвосте впереди идущей машины. (11)Тридцатьчетвёрка шла зигзагами, стреляя на ходу. (12)За ней тоже зигзагами вёл самоходку Щербак. (13)Саня не видел поля боя: мешала тридцатьчетвёрка. (14)Он приказал Щербаку отстать или свернуть в сторону. (15)Щербак, не ответив, продолжал плестись за танком. 
 (16)Вдруг суматошно закричали солдаты-десантники. (17)Саня метнулся к люку: автоматчики скатывались с машин. (18)Перед самоходкой на одной гусенице вертелся танк. (19)Механик-водитель пытался вывалиться из люка, но за что-то зацепился, повис и тоже вертелся вместе с машиной и дико кричал. (20)Из башни вырвался острый язык огня, окаймлённый чёрной бахромой, и танк заволокло густым смолистым дымом. (21)Ветер подхватил дым и тёмным лохматым облаком потащил по снегу в село. 
 «(22)Что же я стою? (23)Сейчас и нас так же... – мелькнуло в голове Малешкина. – (24)Надо двигаться...» 
 – (25)Вперёд, Щербак! 
 (26)Щербак повернулся к Малешкину. (27)Саня не узнал своего водителя. (28)У него в эту минуту лицо было без кровинки, словно высеченное из белого камня. 
 – (29)Вперёд, Гриша! (30)Вперёд, милый! (31)Нельзя стоять! – упрашивал Саня. 
 (32)Щербак не пошевелился. (33)Малешкин вытащил из кобуры пистолет. 
 – (34)Вперёд, гад, сволочь, трус! – кричали на водителя наводчик с заряжающим. 
 
 (38)Щербак послушно завёл. (39)Саня, пятясь, поманил его на себя. (40)Самоходка двинулась. 
 – (41)За мной! – закричал младший лейтенант Малешкин и, подняв пистолет, побежал по снегу к селу. 
 (42)В эту минуту Саня даже не подумал, что его легко и так просто могут убить. (43)Одна мысль сверлила его мозг: «Пока горит танк, пока дым – 
 вперёд, вперёд». 
 (44)В небо взлетела зелёная ракета – танки повернули назад. (45)Малешкин не видел этой ракеты. (46)Он бежал не оглядываясь. (47)Он видел только село. (48)Там фашисты... (49)Их надо выбить! (50)Таков был приказ. (51)И он этот приказ выполнял. 
 (52)Пригнувшись, он бежал и бежал. (53)Бежать по присыпанной снегом пашне было очень тяжело. (54)Ломило спину, рубашка прилипла к телу, пот заливал глаза. (55)«Только бы не упасть, только бы не упасть». (56)Он оглянулся. (57)Самоходка наступала ему на пятки. (58)Саня побежал быстрее. 
 – (59)Лейтенант, лейтенант! – услышал он голос Щербака. – (60)Садись, я сам поеду. (61)Теперь не страшно. 
 
 (65)Саня не знал, что ответить. (66)Сказать правду – значит, с головой выдать Щербака. (67)Полковник Дей в ожидании ответа с любопытством разглядывал Малешкина. 
 
 
 (74)Полковник Дей резко повернулся и пошёл своей прыгающей, птичьей походкой. 
 (По В. А. Курочкину*) 
 * Виктор Александрович Курочкин (1923–1976) – русский писатель советского периода. 
"
227,"Текст Кутырева В. 
 (1) Почему люди все время недовольны телевидением, этим величайшим даром цивилизации? (2) Потому что это дар данайцев. (3) В нас бунтует подавленная, не находящая реализации часть нашего живого существа. (4) Даже в новогоднюю ночь, как невольники на галерах, мы прикованы к телеэкранам и видеомагнитофонам, неспособные сами ни петь, ни плясать, ни кричать, ни смеяться, ни играть, ни разыгрывать друг друга, - фактически не общаемся, а только смотрим, смотрим, в промежутках немного пьем и жуем, жуем, жуем... 
 (5) Телевидение – символ всей современной аудиовизуальной культуры. (6) Гибельная суть этой новой «культуры» в том, что она лишает человека его собственного предметного мира, унося туда, где он существует только как фантом. (7) И есть уже телевидеоманы, «электронные почтальоны», которые забыли о естественных потребностях живого активного существа, чувствуя себя вполне хорошо без них. (8) Умерли – и довольны. (9) Впереди – компьютерная наркомания, которую навязывают пока «пребыванием в виртуальной реальности». 
 (10) В подсознание – основную творческую лабораторию человека – попадает только то, что прошло через чувства. (11) Через чувства проходит прежде всего живое, непосредственное воздействие другого человека. природы, мира, а информационное воздействие затрагивает только мышление, «кору». (12) От хоккея по телевизору остается легкий поверхностный след, который, как след самолета, быстро рассеивается с новыми впечатлениями, смешивается с ними. (13) Хоккей на стадионе, даже наблюдение, а тем более собственную игру, помнит все тело, весь человек. (14) И так любые события. (15) По телевидению мы были везде, на всей планете, и слышали обо всем. (16) Но что это дает? (17) Общее впечатление без переживания. (18) «Мы многое из книжек узнаем, но истины передают изустно» - пел В. Высоцкий. (19) Многие удовлетворяются жизнью без истины – живут как наблюдатели. (20) Некоторые уже и не нуждаются в переживании. 
 (В. Кутырев) 
"
228,"Текст Лазарева Л. 
 (1)«...Я хотела бы иметь список книг, которые необходимо прочитать хотя бы для того, чтобы не оказаться когда-нибудь в неудобном положении...». (2)Такие просьбы нередко бывают в письмах, приходящих в редакцию. 
 (3)Приходится объяснять, что выполнить эту просьбу невозможно. (4)Списка книг, которые необходимо знать, чтобы слыть культурным, образованным и начитанным человеком, составить нельзя. (5)Хотя бы потому, что «минимум образованности» — понятие, лишённое смысла. (6)Оно обозначало бы, что есть какое-то количество книг, прочитав которые можно успокоиться и с чистым сердцем впредь считать себя образованным человеком. 
 (7)А дело-то в том - и это не парадокс, - что чем больше человек читает, тем яснее ему становится, какое огромное количество «необходимых» книг он ещё не прочитал. (8)Так, познакомившись с основами географии, мы начинаем понимать, что дойти до горизонта нельзя. 
 (9)Духовные  богатства,  накопленные  человечеством,  неисчерпаемы, а жажда познания неутолима. (10)«У меня нет никакого таланта, - говорил Альберт Эйнштейн, - а только страстное любопытство». (11)Это страстное любопытство и заставляет людей читать книгу за книгой. (12)Я понимаю: обидно, что какие-то хорошие книги проходят мимо вас потому, что вам не довелось услышать о них. (13)Но я всё-таки не взялся бы составить рекомендательный список книг, не зная ваших вкусов, интересов, жизненного опыта. (14)Всякие жёсткие «системы» на поверку оказываются малоплодотворны. (15)Рахметов у Чернышевского говорит: «Я читаю только самобытное и лишь настолько, чтобы знать эту самобытность. (16)...Прочитаю прежде всего Гоголя. (17)В тысячах других повестей я уже вижу по пяти строкам..., что не найду ничего, кроме испорченного Гоголя, — зачем я стану их читать?» (18)Этот на первый взгляд заманчивый принцип таит в себе опасность. (19)Пожалуй, Рахметов мог не обратить внимания на первые повести Достоевского, а может быть, и не только на первые. (20)Ведь Достоевский вырастал из гоголевской традиции, он сам сказал: «Все мы вышли из гоголевской «Шинели». 
 (21)Пусть не истолкуют меня превратно: я выступаю против жёстких «систем», но всячески ратую за продуманное, систематическое чтение. 
 (22)Письма читателей, даже крайне наивные, продиктованы именно стремлением к систематическому и разумному чтению. (23)И  не вина, а беда авторов этих писем, что они растерянно и беспомощно смотрят на книжные полки...   (По Л. Лазареву) 
"
229,"Текст Лактионова А. 
 (1)Верность истине, верность самоотверженная, порою одержимая, заглушающая даже протестующий глас инстинкта самосохранения, пожалуй, одно из наиболее ценных человеческих качеств. (2)Как тут не вспомни и, благородные и мужественные слова выдающегося русского учёного Николая Вавилова: «Пойдём на костер, будем гореть, но от убеждений своих не отречёмся!» (З)Такая непоколебимая, несокрушимая преданность не может не вызывать уважения. (4)Однако важно не перепутать верность истине и слепой фанатизм. (5)Конечно, эту разницу порою очень трудно увидеть, как бывает сложно различить осторожность и трусость, терпимость и беспринципность, ревность и любовь, месть и справедливость. (6)Но эта разница существенна, она таится во внутренних побуждениях человека, определяет его стремления, его интересы, его идеалы. (7)Фанатик слеп и глух и, как это ни покажется парадоксальным, корыстен. (8)Да, да, именно корыстен. (9)Он заключает с убеждением выгодный союз: оно обеспечивает ему материальную или духовную состоятельность, он ему - свою рассуждающую преданность. (10)Давайте вспомним хрестоматийный пример фанатизма: во время Второй мировой войны японские камикадзе гибли, атакуя самолётами американские корабли. (11)3ачем они это делали? (12)Да обещано им было многое: рай после смерти, вечность. (13)Ради этого не жалко было и своей жизни. 
 (14)Иные, более сложные отношения с идеей у тех, кто служит истине. (15)Такой человек прекрасно понимает, что за убеждения можно идти в огонь и на плаху, но, если жизнь докажет несостоятельность этих убеждений, тогда следует отказаться от них. (16)Истина дороже, чем личное убеждение.
(17)Предположим, учёный, отстаивающий некую теорию, которая была для него святая святых, после долгих экспериментов убеждается в её ложности. (18)Если он ученый истинный, то он, конечно, признает свою ошибку и будет искать разгадку в другом месте, а своё заблуждение будет расценивать как важный, закономерный и естественный путь к истине. 
 (19)Куда как сложнее в этом отношении людям искусства, для которых истины срастаются с внутренними убеждениями, нравственными принципами. (20)Им, конечно, нелегко признавать ошибочность прежних взглядов, для этого требуется много мужества. (21)Вспомним тяжкий опыт Льва Толстого, который неоднократно отказывался от прежних взглядов, вспомним Достоевского, который начинал свой путь революционером, а потом разоблачал всяческое насильственное изменение хода истории... (22)Не шаткость, не легкомыслие были виною этих внутренних перемен, а верность истине.
(23)Человеком страстной веры, завораживающим всех глубиной и силой своих убеждений, был Белинский. (24)Не случайно его называли «неистовый Виссарион». (25)Однако и он не был фанатичным приверженцем своих идей. 
 (26)Однажды - это было в начале его пути - он написал статью, которую многие сочли верноподданнической одой власти. (27)И следствием этого стал такой эпизод. (28)Один знакомый Белинского захотел представить его своему товарищу, инженерному офицеру. (29)Знакомство с великим критиком тогда считалось одной из звездных минут в жизни почти каждого человека. (30)Одни из лести, другие из честолюбия, третьи из искреннего желания ощутить магию его личности искали с ним встречи. (31)Но инженерный офицер спросил: «Тот ли это человек, который написал статью «Бородинская годовщина»? (32)Услышав утвердительный ответ, он коротко бросил: «Нет». (33)Белинский же не обиделся, не оскорбился. (34)Нет, он подошёл к этому офицеру и пожал ему руку: «Сразу видно, что вы порядочный человек!» 
 (По А. Лактионову*) 
 *Лактионов Андрей Викторович - современный прозаик. 
 Информация о тексте. 
 Основные проблемы: 
 1. Проблема верности истине. (Что значит быть верным истине?) 
 Авторская позиция. Верность истине означает готовность отказаться во имя неё от убеждений, если жизнь докажет их несостоятельность. 
 2. Проблема поиска истины. (Почему поиск истины так важен для каждого человека?)	 
 Авторская позиция. В поиске истины человек обретает смысл жизни, силы для борьбы за то, что он считает правильным, ценным. 
 3. Проблема отличия фанатизма от преданности истине. (Чем отличается верность своим убеждениям от слепого фанатизма?)	 
 Авторская позиция. Верность истине способствует нравственному развитию личности, а фанатизм отнимает у человека право думать, превращает его в слепое орудие; фанатизм корыстен. 
"
230,"Текст Лакшина В. 
 (1)В современном обществе целый океан проблем. (2)0ни обступают нас всюду, и по какой дорожке ни пойдёшь, возникают новые. (3)Возьмём вопрос о чтении — на уроке, домашнем. (4)0 том, много ли читают, как читают, как относятся к книге. (5)Тоже дело очень сложное. (6)Сейчас, по моим наблюдениям, читают гораздо меньше, чем 25—30 лет назад. (7)Я помню годы войны, когда я мальчишкой оказался в эвакуации, в тылу, в особых больничных условиях. (8)Какой великой ценностью была для нас книга! (9)Готовы были выменять её на любую мальчишескую радость — на марки, на рогатки, да на что угодно. (10)Причём выменять не в личное пользование, а только почитать. (11)Уже это было счастьем. (12)Наиболее популярными мальчишками среди нас были те, кто умел пересказать книгу, которую никто не видел в глаза. (13)Те, кто мог рассказывать «Трёх мушкетёров», «Всадника без головы» и ... «Войну и мир». (14)Да-да, «Войну и мир», это серьёзнейшее произведение, я услышал в рассказах мальчика одиннадцати лет.(15)В десять лет я прочитал «Мёртвые души» Гоголя и «Коварство и любовь» Шиллера. (16)Не могу сказать, что я многое понял, но я до сих пор представляю себе какие-то сцены из Шиллера. 
 (17)Под влиянием всё убыстряющегося, всё более нервного ритма жизни появилась тенденция, которую многие считают неизбежной и закономерной: вместо того чтобы читать объёмные романы великих писателей, можно посмотреть экранизацию и познакомиться с содержанием книги. (18)Более или менее удачно... (19)Некоторые считают, что это очень современно и даёт большое преимущество человеку, так как экономит его время, которое необходимо затратить на ознакомление с произведением. (20)Это так удобно для школьника, которому столько нужно прочитать «по программе»! 
 (21)Я же думаю, что телевизор — великий враг книги. (22)Несчастье, что дети слишком много и неразборчиво смотрят телевизор и слишком мало читают книги. (23)Конечно, телевидение — великая сила и без него трудно обойтись в нашей жизни, в учёбе. (24)Но использовать его надо разумнее. (25)Когда в ресторане нам предлагают меню из ста блюд, мы, естественно, не берём всё подряд. (26)Одно или два, и мы уже сыты. (27)Но что мы делаем с телевидением? (28)Хаотично, когда придется, включаем аппарат и «смотрим», что ни показывают. (29)Варварство. (ЗО)Нужно формировать вкус у ребят, чтобы они могли выбрать то, что можно обсудить потом с друзьями, с учителями. 
 (31)Воспитание вкуса — отдельная тема. (32)Это можно делать только на высоких образцах. (33)К сожалению, сейчас появилось много художественных произведений весьма невысокого художественного уровня. (34)Привыкая к ним, мы теряем ориентиры. (35)Воспитывать вкус можно на Толстом, на Достоевском, на Пушкине. (Зб)Главное — научиться различать, что действительно красиво, а что подделка. (37)Что ново и оригинально, а что банально и истёрто, тысячу раз встречалось. (38)Поэтому — не искусство: искусство всегда ново, что-то открывает. (39)Воспитать вкус можно лишь чтением, вдумыванием, вглядыванием в тексты истинно совершенные. 
 (По В. Лакшину*) 
 * Владимир Яковлевич Лакшин (1933—1993), русский литературный критик, литературовед, прозаик, мемуарист, автор известных телевизионных программ о русских классиках."
231,"Текст Лаптева В. 
 (1)Когда размышляешь о судьбах великих людей, то поневоле начинаешь испытывать какое-то смешанное чувство. (2)С одной стороны, поражаешься грандиозным открытиям, гениальным прозрениям, непреклонной воле, непоколебимой верности своему призванию.  (3)Начинаешь думать о чудесном вмешательстве каких-то сверхъестественных сил, одаривших избранного глубоким умом, необыкновенным трудолюбием, неугасимой страстью и необычайной проницательностью.  
 (4)Но, с другой стороны, испытываешь щемящую сердце боль, оттого что многие великие люди беспрестанно терпели невзгоды, томились в одиночестве, лишённые сочувствия и поддержки, жестоко упрекаемые теми, кому они искренне служили. (5)Помните титана Прометея, который украл у олимпийских небожителей огонь? (6)Как же отблагодарили люди своего спасителя? (7)Они тотчас забыли его, и глаза прикованного к скале героя слезились от едкого дыма костров, на которых варилась похлёбка. (8)Легенда о Прометее отражает драматизм реальной действительности. 
 (9)10 июня 1812 года многотысячная армия Наполеона пересекла границу России. (10)3ахватчики были уверены в своей быстрой победе. (11)Русскими войсками командовал Михаил Богданович Барклай-де-Толли, происходивший из древнего шотландского рода. (12)Он хорошо знал о несокрушимой мощи французской армии, считал, что сражаться с врагом сейчас - это самоубийство, поэтому решил отступать. (13)Решил отступать, несмотря на то что этому противилась его честь, несмотря на то что многие боевые соратники упрекали его в трусости.  
 (14)Как же трудно было тогда главнокомандующему, который носил иноземную фамилию, чем давал повод для самых вздорных подозрений. (15)Ходили слухи, что он изменник, что у Наполеона служат его родственники и, дескать, это они склонили Барклая к предательству. (16)Полководец терпел. (17)«Главное на войне не погибнуть с честью, а победить», - твердил он и упрямо, не обращая внимания на возмущённый ропот, постепенно переросший в общее негодование, отступал. 
 (18)Маршалы Наполеона первыми почувствовали опасность: французские полки таяли в безбрежных русских просторах, ведь нужно было оставлять гарнизоны в захваченных городах, охранять дороги; силы дробились, армия растягивалась. (19)А русские, не воюя, не теряя своих солдат, планомерно отступая, накапливали силы для решающего сражения.  
 (20)К Москве подошла только половина французской армии. (21)Наконец-то наступил миг решающей битвы! (22)Но триумфу Барклая не суждено было наступить: пришёл приказ о его отставке. (23)Нетрудно представить, что творилось в эту минуту в душе полководца: его, взвалившего на себя непосильную ношу позорного отступления, лишили славы победного сражения.  
 (24)... Дорожная карета Барклая остановилась на одной из почтовых станций неподалёку от Владимира. (25)Он направился было к дому станционного смотрителя, но путь ему преградила огромная толпа. (26)Послышались оскорбительные выкрики, угрозы. (27)Пришлось адъютанту Барклая обнажить саблю, чтобы проложить дорогу к карете. 
 (28)Что же утешило старого солдата, на которого обрушился несправедливый гнев толпы? (29)Возможно, вера в правоту своего решения: именно эта вера даёт человеку силы идти до конца, даже если приходится идти в одиночку. (30)И ещё, может быть, Барклая утешила надежда. (31)Надежда на то, что когда-нибудь бесстрастное время всем воздаст по заслугам и справедливый суд истории обязательно оправдает старого воина, который угрюмо едет в карете мимо ревущей толпы и глотает горькие слёзы.  
 (По В. Лаптеву) 
 Лаптев Владимир Витальевич (родился в 1935 г.)- публицист, педагог. Занимается освещением широкого круга социально-нравственных проблем. 
 Информация о тексте 
 
"
232,"Текст Лаптева Е. 
 (1)Когда в Савинковской средней школе читали пьесу Чехова «Вишнёвый сад» и упоминали про старого слугу Фирса, то в классе поднимался весёлый шум, сыпались шутки, и учителя, хорошо понимавшие причину этого оживления, хотя и требовали тишины, но тоже не могли скрыть улыбку. (2)Дело в том, что пришкольным участком, состоящим, кстати, в основном из вишнёвых кустов, заведовал пожилой учитель труда Алексей Дмитриевич Фирсов. (3)Алексей Дмитриевич, как и чеховский персонаж, плохо слышал, часто отвечал невпопад, путал имена и даты, порой заговаривался, и всем, даже коллегам, казался нечаянно уцелевшим обломком какой-то древней эпохи. 
 (4)Он жил в деревянном домике, примыкавшем к пришкольному саду, днём в этом саду без устали работал, а ночами караулил его от воришек. (5)Школьники не любили сельский труд, больше вредили, чем помогали старому учителю: землю не перекапывали, а ковыряли лопатой, вместо сорняков выпалывали культурные растения, попросишь их полить огурцы и капусту - они начнут брызгаться и с воплями носиться по всему саду, ломая кусты и вытаптывая грядки. (6)Когда Алексей Дмитриевич, чуть не плача от обиды, ругаясь на чём свет стоит, гнал бездельников, те бежали жаловаться директору школы на сварливый нрав старика, который не ставит им положенную отработку. 
"
233,"Текст Лаптева Е. 
 (1)Леонид Тимофеевич Потёмкин загадочно называл себя «собирателем редкостей». (2)Его двухкомнатная квартира была заставлена остеклёнными шкафами, где хранились книги. (3)Чего только не было в этой сокровищнице! (4)Учёный мог обнаружить здесь дефицитный фолиант из серии «Философское наследство», у тонкого ценителя поэзии перехватило бы дух при виде томиков Верлена и Надсона, любителя приключенческой литературы привело бы в восторг собрание сочинений Майн Рида или Фенимора Купера... (5)И на каждой книге, как в настоящей библиотеке, стояла изготовленная самим Потёмкиным печать - экслибрис, представляющий собою выразительно гордый профиль владельца, окаймлённый геральдическим лавром. 
 (6)Книг Леонид Тимофеевич никому не давал. (7)Отказывая, он с таинственной грустью говорил: «Ну как я могу дать книгу?» - и сокрушённо разводил руками, как бы показывая, что решение подобных вопросов зависит не от него: есть некие высшие силы, которым, хочешь не хочешь, приходится подчиняться. (8)Просители, заворожённые этим жестом, начинали верить, что действительно есть какое-то неведомое другим, почти трагическое обстоятельство, не позволяющее коллекционеру свободно распоряжаться своими книгами. (9)Чаще остальных прибегал книголюб из соседнего дома - Вовка Алексеев, курчавый, живой мальчишка с восторженно горящими глазами. (10)Он всегда начинал свою просьбу одинаково: 
 -(11)Леонид Тимофеевич, ведь у вас наверняка «Зверобой» есть! (12)Дайте, а то я все библиотеки обегал, а там говорят, что книжка на руках... 
 - (13)Нет, Володя, как же я могу дать тебе эту книгу? (14)Сам подумай! 
 (15)И мальчик, измеряя глазами расстояние до книжного шкафа, торопливо кивал головой, как бы говоря: я не маленький и уже знаю, что счастье так просто в руки не даётся, надо стоптать сто пар железных сапог, съесть пуд соли, прежде чем добьёшься своего. (16)Он уходил, но прибегал уже на следующий день с робкой надеждой в горящих глазах: дескать, вы мне уже отказывали раз двести, может, хоть сегодня дадите... (17)Но Леонид Тимофеевич с той же загадочной печалью говорил те же слова, изображая руками всё тот же жест. 
 (18)Но времена книжного дефицита прошли. (19)Редкости в одночасье превратились в обыкновенные книжки, которыми оказались заполнены все магазины. (20)Теперь Потёмкин с недоумением и растерянностью спрашивал себя, зачем он потратил столько денег на покупку совершенно ненужных вещей. (21)Ему казалось, что он, человек доверчивый и неискушённый, стал жертвой каких-то хитрых аферистов, решивших обобрать его до нитки. 
 (22)Вечерами он брал калькулятор и скрупулёзно высчитывал, сколько денег он истратил на приобретение своей библиотеки. (23)Производить такие расчёты - дело весьма непростое. (24)Например, на книжке Носова «Незнайка на Луне» стоит цена - 94 копейки, но столько она стоила ещё в начале семидесятых годов, а как вывести её нынешнюю цену? (25)Однако даже при самых грубых округлениях сумма получалась такая астрономическая, что Леонид Тимофеевич хватался за голову и чуть не плакал от обиды... 
 (26)Собранные книги он никогда не читал, удовольствие он находил в том, что сознавал себя хозяином, царём, владыкой этих сокровищ. (27)И вдруг эти сокровища каким-то сказочным образом превратились в глиняные черепки. (28)Теперь Леонид Тимофеевич страстно ругает бездуховность современной молодежи, отсутствие у неё интереса к чтению и, когда вытирает пыль с полок, внезапно срывается и кричит притихшим книгам: «Я вот соберусь и выброшу вас на помойку...» 
 (По Е.А. Лаптеву)  
 *Е.А. Лаптев (родился в 1936 г.) - писатель-публицист 
 Информация о тексте 
"
234,"Текст Лаптева Е. 
 (1)В  одной  из  недавних  телепередач,  где  велась  бурная  дискуссия  о  проблемах  современного  образования,  модная  телезвезда  разразилась  гневной тирадой в адрес учителей. (2)По её твёрдому убеждению, все они – это  люди  несостоявшиеся,  неудачники,  проигравшие  борьбу  за  успех,  они  пришли  в школу  единственно  для  того,  чтобы  отомстить  бедным  детям  за  свою  сломанную  судьбу. (3)Признаюсь:  меня,  человека  уже  пожилого,  выросшего  в  послевоенные  годы,  эти  слова  ошеломили,  будто  бы  какой-то  нечестивец  посмел  принародно  надругаться  над  святыней. (4)В  первый  момент  мне  показалось,  что  происходящее –   сцена  из  какого-то  фильма  и  телезвезда просто-напросто играет отрицательную роль. (5)Но, к сожалению,  это  был  не  фильм,  и,  к  ещё  большему  сожалению,  почему-то  никто  из  публики не счёл возможным сказать хоть слово в защиту учителей.    
   (6)...Шёл  апрель 1947  года. (7)Мы,  разлучённые  войной  со  своими  отцами,  росли  без  царя  в  голове,  не  признавая  ни  законов,  ни  правил.   
 (8)Голод,  постоянные  лишения,  суровые  жизненные  условия –  всё  это  наложило  свой  отпечаток  на  наши  характеры. (9)Тогда  считалось  нормальным  всячески  показывать  своё  пренебрежение  к  учителям,  и  чем  более  дерзко  ты  себя  вёл,  тем  больше  тебя  уважали  в  мальчишеской  компании.   
 (10)Учитель физики Иван Васильевич Матвеев пришёл к нам в седьмой  класс. (11)Ходил  он  медленно,  с  усилием  опираясь  на  палочку,  и  когда  нечаянно  задевал  раненой  ногой  угол  парты,  то  лицо  чуть  заметно  вздрагивало от боли.   
 (12)В  конце  месяца  он,  получив  расчёт,  возвращался  с  работы. (13)Его  встретила  местная  шпана,  чтобы  отобрать  деньги. (14)Учитель,  невысокий  крепыш, переложил палочку из правой руки в левую, затем двумя пальцами – указательным и средним – легонько стукнул главаря по верхней губе. (15)Тот  рухнул  на  землю,  учитель  посмотрел  на  оцепеневших  разбойников  и поковылял  дальше. (16)Весть  о  том,  что  учитель  шутя  расшвырял  целую банду,  моментально  разнеслась  по  всему  городку,  а  поскольку  Иван Васильевич вёл физику в нашем классе, то все семиклассники в той или иной мере  считали  себя  сопричастными  этому  подвигу. (17)Мы  даже  освоили несколько  характерных  жестов  своего  учителя,  говорить  стали  медленно, протяжно,  видом  своим  показывая,  что  учитель  поделился  с  нами секретными приёмами и теперь  не приведи Бог кому-нибудь нас обидеть.   
 (18)Однажды  я  увидел,  как  Иван  Васильевич,  спускаясь  со  школьного  крыльца,  подал  руку  идущей  следом  учительнице  математики. (19)Та  смущённо покраснела и поблагодарила физика. (20)В тот же день, повинуясь безотчётному  желанию  во  всём  походить  на  учителя,  я  подал  руку  своей маме, когда она переходила по шаткой лесенке через теплотрассу. (21)Мама  удивлённо  улыбнулась,  потом  обняла  меня  и  сказала,  ласково  глядя  повлажневшими  глазами: «Спасибо,  милый! (22)Ты  у  меня  уже  совсем большой!»  
 (23)Стараясь казаться взрослыми, табаком мы начали баловаться чуть ли  не с шести лет. (24)Но когда поняли, что наш учитель не курит, многие, в том  числе и  я,  оставили  эту  вредную привычку. (25)Как-то  раз Петька Фёдоров  ругнулся  матом –  дело  обычное  для  нас. (26)Иван  Васильевич,  услышав  неприличное слово, шёпотом сказал Петьке:  
  (27)– Это называется  мужская слабость.   
  (28)С той поры я старательно избегал нецензурных слов в своей речи...  
 (29)Мысленно  оглядываясь  на   прожитые  годы,  я  понимаю,  как  много  правильного,  мудрого  и  необходимого   подарил  мне  этот  великий  человек.  (30)Даже  сегодня мне  ещё  хочется  держаться  за  его  крепкую  руку,  которая  ведёт меня по дороге жизни.  
 (По Е. Лаптеву*)  
 *Е. А. Лаптев (родился в 1936 г.) – писатель-публицист.  
 Информация о тексте 
"
235,"Текст Лаптева Е. 
  (1)Это случилось 28 мая. (2)После уроков мы с Санькой Большаковым пошли на речку. (3)Там, возле громадного валуна, похожего на закаменевшую мумию гигантского ящера, был совершён обряд. (4)Я поцарапал кожу на запястье, то же самое сделал Санька. (5)Мы приложились кровоточащими предплечьями друг к другу и громко сказали: «Ты мне брат». (6)Так мы с Санькой Большаковым стали братьями по крови.   
  (7)Следующей весной я сманил всех одноклассников искать сокровища сарматов. (8)Про сарматов я прочитал в какой-то исторической книжке. (9)Поскольку много веков назад они кочевали где-то в наших местах, то я резонно предположил, что они, чтобы не таскаться со своим добром,  могли закопать где-нибудь возле нашего села часть своей богатой добычи. (10)Мой рассказ заинтересовал всех мальчишек, и мы, вооружившись надеждой и лопатами, дружно пошли искать клад. (11)Но путь на холмы преграждала речушка. (12)На берегах, точно выброшенные штормом корабли, возвышались громадные льдины, а вода была нестерпимо холодной. (13)Все мои друзья речку как-то одолели, а у меня мужества не хватило. (14)Меня подбадривали, уговаривали, смеялись, кричали, запугивали тем, что найдут клад и не станут со мной делиться, но это испытание было выше моих сил. (15)Тогда Большаков вернулся за мной, посадил на плечи и, проваливаясь в холодную тину по грудь, хрипя от натуги, перешёл на тот берег.   
 –   (16)Большой, чего ты его таскаешь? (17)Он что, инвалид? – напустились на него одноклассники.   
  –  (18)Мы с ним братья по крови! – ответил тот.   
  (19)Прошло двадцать четыре года. (20)Я торопился на юбилей нашего директора. (21)За мостом я увидел разбитую «пятёрку». (22)Слегка притормозил, чтобы понять, как можно было на ровном месте угодить в аварию. (23)Увидел водителя, присевшего на корточки возле смятого крыла. (24)Почему-то сразу узнал Большакова, хотя не видел его с самой школы. 
  – (25)Санёк, привет! (26)Ты как это влетел?  
  – (27)Тебя, наверное, Бог послал! (28)Вот ты мне как раз и поможешь! (29)Какая-то бабулька с узлами выскочила прямо перед самым носом.(30)Пришлось выруливать в заграждение. (31)Дотащишь?  
  (32)Я покачал головой.   
  – (33)Санёк, не могу! (34)У меня в машине сломан крюк для буксировки – буксировать нельзя. (35)Так что не обессудь…  
  – (36)Да ничего! (37)Я товарищу позвоню – отгонит. (38)Ты-то как?  
  – (39)Да кручусь, света не вижу. (40)Ты извини – опаздываю.   
  – (41)Увидимся ещё!  
  – (42)Удачи!   
  (43)Я помчался на праздничный вечер. (44)Вернувшись домой, кутаясь в одеяло, я ещё раз вспомнил встречу с Большаковым. (45)Память унесла меня в детство, на берег речки, к серому мшистому валуну. (46)Совершая обряд, я боялся повредить руку, поэтому слегка царапнул по коже, и ранка скоро зажила. (47)Зато Большаков руку свою не жалел, и на его предплечье остался длинный пунцовый шрам.   
  (48)На улице дул ветер, снег печально шелестел на стеклах, и этот тихий звук походил на слабый шёпот какого-то навсегда уходящего в небытие 
воспоминания.   
 (По Е.А. Лаптеву*)  
 *Е.А. Лаптев (родился в 1936 г.) – писатель-публицист. "
236,"Текст Лаптева Е. 
 (1)Когда размышляют о том, каким должен быть хороший врач, то часто профессиональное мастерство, знания, опыт противопоставляются нравственным качествам: чуткости, простоте, общительности. (2)Кто-то резонно говорит, что врач не священник, что его дело — грамотно лечить, а не утешать. (3)Другие возражают: физическое здоровье человека неразрывно связано со здоровьем душевным. (4) Добрым словом, сочувствием, отзывчивостью можно добиться большего, чем самыми эффективными лекарственными препаратами. 
 (5)17 июня два выпускника медицинской академии, Кирилл Максимов и Артём Беляков, одетые в строгие костюмы, торопливо шагали по улице, боясь опоздать на торжественное вручение дипломов. (б)Вдруг, переходя улицу, Артём увидел, что в открытом канализационном колодце кто-то  лежит. (7)3нойное солнце, гул машин, спешащие люди, кусты пыльной сирени, сквозь которые стекают золотистые струи света... (8)Всё как обычно! 
 (9)А тут, прямо под ногами, неподвижно лежит человек. 
 (10)— Кирилл, подойди! 
 (11)Кирилл подошёл и посмотрел вниз, потом оглянулся по сторонам. 
 (12)— Пошли скорее! — придушенным шёпотом проши пел он. (13)— Вечно ты куда-нибудь влипаешь! 
 (14)— Куда пошли?! (15)Может, человеку плохо! 
 (16)—Тема, это не человек, а семьдесят килограммов всевозможной заразы! 
 (17)— Да тут любому упасть — нечего делать. (18)Я сам чуть в эту дыру не свалился... (19)Может, так же шёл человек, зазевался и упал вниз... 
 (20)Кирилл закатил глаза: 
 (21)— Тема, у меня красный диплом, а у тебя синий. (22)3наешь, почему? (23)Потому что я умный, а ты — нет. (24)И вот тебе умный человек говорит: это бродяга отсыпается после бурной ночи. (25)Пошли отсюда, пока не подцепили какую-нибудь чесотку. 
 (26)Артём неуверенно оглянулся, потом вздохнул и стал спускать ся по железной лестнице в шахту. (27) Лежащий ничком мужчина, услышав посторонние звуки, резко вздрогнул, испуганно вскинул бородатое лицо с исцарапанными до крови скулами и что-то нечленораздельно крикнул. 
 (28)— Мужчина, с вами всё нормально? — спросил Артём. (29)Сверху раздался хохот. 
 (30)—Тема, ты ему сделай искусственное дыхание по методу «рот в рот»... 
 (31)— Вы не ушиблись? — громче спросил Артём, морщась от густого запаха пота и закисшей сырости. 
 (32)Бродяга перевалился набок и, недружелюбно сверля глазами вторгшегося в его жилище чужеземца, стал растирать затёкшие руки. 
 (33)— Аскорбинку ему дай или через пипетку рыбьего жира накапай! — веселился Кирилл. 
 (34)Артём вылез из шахты. (35)Кирилл, взвизгнув, изображая панический страх, отскочил в сторону. 
 (36)— Тема, не приближайся ко мне. (37)Ты теперь биологическое оружие массового поражения... (38)Посмотри на себя! (39)Пугало! (40)Как ты пойдёшь в таком виде диплом получать?! 
 (41)Артём снял пиджак и горько вздохнул: на спине темнели жирные пятна, на локтях, словно присосавшиеся пиявки, висели тяжёлые капли жёлтой краски. 
 (42)— Король трущобных окраин! — насмешливо покачал головой Кирилл, глядя на удручённого друга. (43)— Говорили ему умные люди... 
 (44)...Когда на сцену под бурные аплодисменты вышел Кирилл, ректор вручил ему красный диплом и, пожимая руку, по-отечески ласково улыбнулся.  (45)Потом, не выпуская его руки, повернулся к важному чиновнику из министерства здравоохранения и с гордостью показал на сияющего отличника. 
 (46)Артём, услышав свою фамилию, выскочил на сцену, стесняясь неуничтожимого запаха помойки, торопливо выхватил диплом из рук ректора и, ссутулившись, побежал на своё место. 
 (По Е. Лаптеву*) 
 * Евгений Александрович Лаптев (род. в 1936 г.) — писатель и публицист. 
 Информация о тексте 
 
"
237,"Текст Лебедева Н. 
 (1)Владимир Солоухин в одном из стихотворений высказывает мысль, что того, кто несёт в руках цветы, можно не опасаться, ибо человек с цветами в руках зла совершить не может. 
 (2)Думается, то же можно сказать и о человеке, несущем в руках томик Пушкина или Чехова. (3)Ибо человек, читающий такие книги, есть человек разумный, человек нравственный. 
 (4)Известны слова Горького: «Любите книгу - источник знания». (5)К этому следовало бы добавить, что хорошая книга - это и средство воспитания чувств, духовного возвышения личности, это мир человеческих переживаний. (6)А кроме того, книга приобщает к красоте родной речи. 
 (7)В России литературно-просветительские традиции всегда были сильны. (8)Иван Сытин, крестьянский сын, который основал во второй половине XIX века издательство в Москве, многие книги продавал по очень низкой цене, может быть, себе в убыток, чтобы они были доступны народу. (9)А благодаря издателю Павленкову в начале XX века появилось две тысячи бесплатных деревенских библиотек. 
 (10)В целом мы были и, хочется надеяться, остаёмся более начитанным народом, чем многие другие. (11)И всё-таки всё чаще задаёшь себе вопрос: «А будут ли наши дети читать Пушкина?» (12)Хотя книжный прилавок стал неизмеримо богаче и разнообразнее, круг нашего чтения, как показывают социологические исследования, заметно изменился. (13)Пользуются спросом специальная литература и книги, содержащие разного рода практические советы. (14)Что же касается «художественной» литературы, то развлекательное чтиво: детективы, приключения, «семейные» романы — явно потеснило всё прочее. (15)«Спрос определяет предложение», - разводят руками издатели. 
 (16)Да, современному человеку, озабоченному материальными и прочими проблемами, не до серьёзного чтения. (17)Читает он преимущественно в транспорте, по дороге на работу и с работы. (18)А что можно читать в автобусной сутолоке? (19)Желание отвлечься, снять нервное напряжение заставляет предпочесть лёгкое чтение, не требующее размышлений и глубокого проникновения в текст. 
 (20)Мощными конкурентами книги стали кино и телевидение. (21)Кинорежиссёр Ролан Быков вспоминал о встрече с кинозрителями, на которой одна женщина хвалила кинематограф за выпуск фильма «Война и мир». (22)Она расценила это как великую заботу о наших детях, которым просто не прочитать четыре толстенных тома. (23)А теперь они пойдут в кино и всё увидят. (24)«В зале смеялись, - говорил Быков, - но это было давно». 
 (25)Чем опасна замена книги фильмом? (26)Дело не только в том, что литературные шедевры не всегда превращаются в шедевры кинематографические. (27)В отличие от других видов искусства, литература требует не чувственного, а интеллектуального постижения. (28)Читатель создаёт образы героев, проникает в подтекст произведения работой мысли. (29)Превращение телевидения в основной канал информации, как утверждают психологи, свидетельствует о том, что мы переходим на образно-подсознательное восприятие в ущерб рациональному. (30)Ещё в XVIII веке французский философ Дидро говорил: «Кто мало читает, тот перестаёт мыслить». 
 (З1)Вопрос «Будут ли наши дети читать Пушкина?» символичен: в нём звучит беспокойство о нашем будущем. (32)Ведь оно зависит от нравственного облика, духовного мира тех, кто сегодня сидит за школьной партой или в университетской аудитории. (33)Им определять судьбу нашей цивилизации в XXI веке. 
 (34)Так сделаем же всё, чтобы наши дети читали Пушкина! 
 (По Н. Лебедеву*) 
 *Лебедев Николай Игоревич (родился в 1966 г.) - режиссёр, сценарист. Лауреат Государственной премии РФ. Член Союза кинематографистов России, академик Российской Академии киноискусств «Ника». 
 Информация о тексте 
 
"
238,"Текст Лебедевой Е. 
 (1)Мы все когда-то в детстве могли чувствовать себя счастливыми без всякого повода. (2)Могли радоваться жизни во всех её проявлениях, могли наслаждаться хорошей погодой, природой, общением с друзьями и многими другими вещами, которых нам в жизни взрослой, увы, недостаточно для искренней радости. (3)Бесконечные проблемы и обязанности настолько поглотили человека взрослого, что он потерял эту способность – быть счастливым благодаря мелочам. 
 (4)Постоянная бессмысленная гонка – на выживание, за успехом, вдогонку славе – съедает наши души без остатка. (5)К известным принципам «посадить дерево, построить дом и вырастить детей» прибавляется большой список целей: карьера, квартира, машина и деньги, деньги, деньги… (6)Мы настолько вросли в этот скаредный вещный мир, что у нас не осталось времени на саму жизнь. (7)На наших близких, на хорошие книги, на общение с природой. 
 (8)А ведь именно благодаря таким мгновениям человек бывает по-настоящему счастлив. (9)Время так быстротечно, и стрелки любимых настенных часов неумолимо движутся вперёд, и близкие люди уходят из этого мира, так и не услышав, как они были нам дороги, а дети вырастают без должного родительского внимания и тепла... 
 (10)Но даже если мы можем сказать, что такие моменты есть в нашей жизни, чего-то всегда будет не хватать для полного счастья. (11)Особенно сейчас, когда информационную плотину прорвало и мощный новостной поток, к сожалению, в основном негативный, грязный и депрессивный, заливает нас ежечасно. (12)Многие уже сейчас смотрят на жизнь цинично, воспринимают её в чёрном цвете. (13)И кажется, что жизнь – это беспросветная полоса проблем и забот. 
 (14)Как исправить эту ситуацию, как впустить счастье в свой дом? (15)Как ни абсурдно прозвучит, сделать это под силу каждому. (16)Авторы бесчисленных книг по психологии постоянно акцентируют наше внимание на простом факте: «Человек сам хозяин своей судьбы». 
 (17)Если изменить мир вокруг и себя в наших силах, стоит начать это делать, маленькими шагами приближаясь к цели. (18)Настроить себя на позитивную волну: послушать любимую музыку, посмотреть комедию или мелодраму  с  хорошим  концом,  почитать  художественную  книгу. (19)А главное, не забывать о близких – родственниках и друзьях. (20)Они чувствуют нашу любовь, нуждаются в ней, и сами, взамен, нас любят и поддерживают. (21)Стоит с ними поделиться своими печалями – и станет легче. (22)А человеку одинокому можно посоветовать завести домашнего питомца: собаку, кошку, хомяка, попугая – любое живое создание, заботу о котором мы возьмём на себя и забудем в приятных хлопотах о своих бедах, хотя бы на время. (23)Наблюдая за котёнком, обучая пса, «общаясь» с хомячком, мы забудем о депрессии. (24)А если ещё чаще выходить на улицу, гулять в парке, наблюдать смену времен года: лиственное золото на фоне  голубого небесного свода, безмятежную белизну и строгую красоту зимы, буйство зелени, кипучую энергию жарких месяцев, – это станет лучшим лекарством от тягостного настроения и пережитых нами бед. (25)Тем более что все эти способы нам всегда доступны, и то беспричинное ощущение счастья, которое мы испытывали в детстве, никуда не делось, просто ждёт, когда мы посмотрим на мир другими глазами. 
 (По Е. А. Лебедевой*) 
 * Елена Анатольевна Лебедева – современный психолог, педагог. 
 Информация о тексте 
 
"
239,"Текст Левинского Г. 
 (1) Пять лет тому назад я покупал жене стиральную машину. (2) Обаятельный продавец с купеческой неторопливостью расхваливал свой товар, нежно гладил тучные бока агрегатов, называл различные фирмы. (3) Потом нам принесли руководство, написанное на 24 языках. 
  (4) На двадцати четырех! (5) На английском, на испанском, на немецком, корейском, китайском… (6) Но страницы с русским переводом не было. (7) Перед нами извинились и принесли блёклую, криво сброшюрованную стопку листов с инструкцией на русском языке. 
  (8) Стиральную машинку мы купили, и она исправно служит нам до сих пор. (9) Однако тот случай надолго врезался в мою память. (10) Ворчливая обида постепенно сменилась другим чувством – недоумением. (11) Я оглядываюсь кругом, и это недоумение усиливается ! (12) Телевизор у меня корейский, стиральная машинка – немецкая, телефон – финский, автомобиль – японский, да всё у нас – не наше… (13) Почему так? (14) Почему у нас нет ничего своего? (15) Кто не задавал себе эти вопросы? 
 (16) Мы – умная, образованная страна. (17) Говорят, что наше образование – одно из самых лучших. (18) Во многих отраслях науки мы сказали весомое слово, мы по праву считаемся первооткрывателями космоса, чуть ли не ежедневно появляется информация об очередном открытии российских ученых. (19) Если бы мы на самом деле были головотяпами, тогда и не стоило бы терзаться вопросами о странных нелепостях нашей жизни. 
  (20) Но я, человек, проживший долгую жизнь, никак не могу согласиться с тем, что мы – скопище лодырей и краснобаев. (21) Я знал талантливых конструкторов, знал искусных токарей с золотыми руками, настоящих мастеров своего дела, знал выдающихся врачей, которых можно назвать кудесниками… (22) Мне встречались подлинные профессионалы, люди, требовательные к себе и к другим, не терпящие разгильдяйства, трепетно относящиеся к своему делу. (23) Я не верю, что они могут чем-то заниматься через пень колоду. (24) Тогда почему немецкая стиральная машинка лучше отечественной? (25) Почему наши граждане живут в плотном кольце заграничных вещей? 
 (26) Мне кажется, что эта проблема меньше всего техническая, она более всего нравственная, и связана она с чувством гражданской ответственности, которое у многих наших людей так и не сформировалось. (27) Зачастую мы не осознаем себя частью огромного механизма, который исправно действует лишь тогда, когда согласованно работают все его элементы. (28) Оригинальная разработка талантливого конструктора может стать бесполезной, если ошибку допустит сборщик; достаточно грузчику небрежно бросить ящик, и прибор – результат многолетних поисков целого научного коллектива – может выйти из строя. (29) Мы живем очень тесно, очень плотно, и действия каждого из нас влияют на течение всей нашей жизни. (30) Пока этого не поймем, мы будем пленниками чужих стран, для нас «импортный» останется синонимом слова «качественный». (31) Конечно, патриотизм не должен быть квасным, нельзя ругать чужое лишь за то, что оно не наше. (32) Надо свое сделать самым лучшим, самым надежным, самым красивым. (33) А для этого нужна терпеливая и вдохновенная работа людей, уважающих свой народ и любящих свою страну. 
 (По Г. Левинскому) 
"
240,"Текст Леонова Л. 
 (1)Воспалённое состояние Поли, а главное, её сбивчивая, двусмысленная речь – всё подсказывало худшие догадки, много страшнее, чем даже плен Родиона или его смертельное ранение. 
 (2) – Да нет же, тут другое совсем, – содрогнулась Поля и, отвернувшись к стенке, вынула из-под подушки смятый, зачитанный треугольничек. 
 (3) Впоследствии Варя стыдилась своих начальных предположений. 
 (4) Хотя редкие транзитные эшелоны не задерживались в Москве, но вокзалы находились поблизости, и Родиону был известен Полин адрес. (5) Конечно, командование могло и не разрешить солдату отлучки из эшелона в Благовещенский тупичок, тогда почему же хоть открытки не черкнул своей-то, любимой-то, проездом в действующую армию?.. 
 (6) Итак, это была его первая фронтовая весточка с более чем двухнедельным запозданием. (7) Во всяком случае, сейчас выяснится, с какими мыслями он отправлялся на войну. (8) Варя нетерпеливо развернула листок, весь проткнутый карандашом, – видно, писалось на колене. (9)Пришлось к лампе подойти, чтобы разобрать тусклые, полузаконченные строки. (10)Варя сразу наткнулась на главное место. 
 (11)«Пожалуй, единственная причина, дорогая моя, почему молчал всё это время, – негде было пристроиться, – кратко, с неожиданной полнотой и прямолинейно, как на исповеди, писал Родион. – (12) Мы всё отступаем пока, день и ночь отступаем, занимаем более выгодные оборонительные рубежи, как говорится в сводках. (13)Я очень болел к тому же, да и теперь не совсем ещё оправился: хуже любой контузии моя болезнь. (14) Самое горькое – то, что сам я вполне здоров, весь целый, нет пока на мне ни единой царапины. 
 (15) Сожги это письмо, тебе одной на всём свете могу я рассказать про это, – Варя перевернула страничку. 
 (16) Происшествие случилось в одной русской деревне, которую наша часть проходила в отступлении. (17) Я шёл последним в роте... а может, и во всей армии последним. (18) Перед нами на дороге встала местная девочка лет девяти, совсем ребёнок, видимо, на школьной скамье приученная любить Красную Армию... (19) Конечно, она не очень разбиралась в стратегической обстановке. (20) Она подбежала к нам с полевыми цветами, и, так случилось, они достались мне. (21) У неё были такие пытливые, вопросительные глаза – на солнце полуденное в тысячу раз легче глядеть, но я заставил себя взять букетик, потому что я не трус, матерью моей клянусь тебе, Поленька, что я не трус. (22) Зажмурился, а принял его у неё, покидаемой на милость врага... 
 (23) С тех пор держу тот засохший веничек постоянно при себе, на теле моём, словно огонь за пазухой ношу, велю его в могилу положить на себя, если что случится. (24) Я-то думал, семь раз кровью обольюсь, прежде чем мужчиной стану, а вот как оно происходит, всухую… и это купель зрелости! – (25) Дальше две строчки попались вовсе неразборчивые. – (26) И не знаю, Поленька, хватит ли всей моей жизни тот подарок оплатить...» 
 (27)– Да, он очень вырос, твой Родион, ты права... – складывая письмо, сказала Варя, потому что при подобном строе мыслей вряд ли этот солдат оказался бы способен на какой-либо предосудительный поступок. 
 (28) Обнявшись, подружки слушали шелест дождя и редкие, затухающие гудки автомашин. (29) Темой беседы служили события истекшего дня: открывшаяся на центральной площади выставка трофейных самолётов, незасыпанная воронка на улице Весёлых, как они уже привыкли её называть в обиходе между собой, Гастелло, чей самозабвенный подвиг прогремел в те дни на всю страну. 
 (По Л. Леонову*) 
 * Леонид Максимович Леонов (1899–1994) – русский писатель, общественный деятель. 
 Информация о тексте 
"
241,"Текст Леонова Л. 
 (1)В те отдалённые прежние времена приблизительно на том же уровне распада цивилизаций, какой мы наблюдаем сейчас, суровые обличающие пророки зарождались в народах, и потом босые, простоволосые идеи разгневанно, с мечом и факелом в руках, врывались в действительность, чтобы произвести необходимую санитарную чистку. (2)Природа слишком много потратила надежд и усилий на человека, чтобы так запросто и по-собачьи дать ему умереть. (3)Последний век машина цивилизации работала на критических скоростях с риском смертельной перегрузки. (4)Всё сильнее обжигала дыхание взвешенная в воздухе пыль нравственного износа. 
 (5)Казалось бы, у наших современников нет оснований для особого пессимизма. (6)Ведь всё так планомерно движется вокруг. (7)Прогресс находится в добром здравии и рвётся вперёд на всём скаку. (8)Сверкают переполненные товарами витрины, по улицам движутся потоки прохожих, туристов, всяких наисовременнейших автомобилей. (9)Воздушные лайнеры за сутки преодолевают расстояния, на которые Марко Поло и Афанасию Никитину потребовалось по три года. (10)Весь мир оклеен увлекательными афишами, призывающими с помощью разных средств незаметно скоротать скуку жизни. (11)Музеев уже не хватает для передовых произведений искусства, а пытливые науки с чрезвычайным коэффициентом полезного действия прощупывают окружающую неизвестность, дабы извлечь оттуда пользу для дальнейших удовольствий. (12)У каждого в руках диковинные приборы, позволяющие общаться чуть ли не с Северным полюсом, которые навели бы ужас на наших ничего не смысливших в технике предков. 
 (13)Но посмотрите, как дрожат стрелки манометров, определяющих духовное благополучие в мире, как стелется горелый чад от перегретых под ногами, перенапряжённых проводов, как обжигает лицо не в меру раскалённый воздух, какие подозрительные гулы ползут по земле не только от пробуждения материков или зарождения новаторских идей, но и ещё от чего-то… (14)Нечто подобное испытываешь во сне, когда, подкравшись к двери, слышишь за нею скрытное, затаившееся дыхание какого-то неописуемого существа, которое только и ждёт момента вставить колено, чуть приоткроется малая щёлка, и ворваться к тебе в тёплое, обжитое жильё. 
 (15)Такое впечатление, что человечество приблизилось к финалу отпущенной ему скромной вечности. (16)А наука, с разбегу пробившись сквозь нулевую фазу времени и физического бытия, ворвётся в иное, ещё не освоенное математическое пространство с переносом туда интеллектуальной столицы мироздания. (17)Очевидный теперь крах вчерашней эры завершится неминуемым пересмотром печально не оправдавшей себя парности Добра и Зла. 
 (18)Знание помогает заглянуть в бездну, но не содержит указаний, как не сорваться в неё. (19)Самый же прогресс следует уподобить горению бикфордова шнура: счастье наше в том и состоит, что не видно, как мало осталось до заряда. 
 (По Л. М. Леонову*) 
 * Леонид Максимович Леонов (1899–1994 гг.) — русский советский писатель. 
"
242,"Текст Леонова Л. 
 (1)С глазами, полными слез, Иван глядел в снег под собою: подступал конец его сказки. (2)Правда, добрая половина Облога стояла еще нетронутой, но в сознанье мальчика бор перестал существовать одновременно с гибелью той могучей хвойной старухи, что осеняла Калинову кровлю. (3)Оставлять её было немыслимо: в первую же пургу, при падении, она раздавила бы Калинову сторожку, как гнилой орех. 
 – (4)Теперь раздайсь маленько,  – тусклым голосом сказал Кнышев. – Дакось и мне погреться чуток! 
 (6)Неожиданно для всех он сбросил с себя поддевку и остался в белой  рубахе, опоясанной кавказским ремешком с серебряным набором. (7)Десяток рук протянули ему   пилы; он выбрал топор у ближайшего, прикинул на вес, одобрительно, на пробу, тронул ногтем лезвие, прозвеневшее, как струна,  и притоптал снежок, где мешал, – прислушался к верховому шелесту леса и неторопливо, как на эшафоте, с маковки до пяты оглядел свою жертву. (8)Она была неслыханно хороша сейчас, старая мать Облога, в своей древней красе, прямая, как луч, и без единого изъяна; снег, как розовый сон, покоился на ее отяжелевших ветвях. (9)Пока ещё не в полную силу, Кнышев размахнулся и с оттяжкой на себя, как бы дразня, ударил в самый низ, по смолистому затеку у комля, где, подобно жилам, корни взбегали на ствол, а мальчик Иван чуть не ахнул от удивления, что кровка не забрызгала ему рук. 
 – (10)Вот как её надоть, – наставительно промолвил Золотухин. – (11)Учитеся! 
  (12)И хотя Кнышев действовал без передышки, все понимали: он несколько подзатягивает свое удовольствие, чего простые люди никогда не прощали и заправским палачам...   
 –(13)Пошла-а... – придушенно шепнул кто-то над головой Ивана. 
 (14)Еле заметное движение родилось в ветвях, что-то деловито хрустнуло внизу и мелкой дрожью отозвалось в вершине.  (15) Нет ничего медленней и томительней на земле, чем падение дерева, под чьей сенью посещали тебя смутные грёзы детства! 
 (16)Не дождавшись конца, весь содрогаясь, Иван отправился побродить по оголённому пространству. (17) Он вернулся, когда миновал приступ отчаяния. 
 (18)Непонятно по прошествии стольких лет, откуда у тихого крестьянского отрока взялась такая ярость, но следует допустить одно для понимания всего дальнейшего: призвание смолоду ведет человека по искусно подобранным зрелищам бытия, чтобы воспитать в нем сноровку и волю на осуществление его исторических целей.  (19)Можно только гадать, каким чудом оказалась у Ивана рогатка, кто вложил ему камень в руку посреди зимы. 
 (20)Кнышев успел выпустить первое облачко дыма, когда в щёку ему угодил Иванов гостинец. (21)Произошло замешательство, скверная брань вспыхнула.  (22)  Подоспевший помощник Кнышева Титка псом бросился на обидчика, пустившегося к лесу по снежной целине.  (23)Молодому было легче перескакивать завалы, зато на одном из них у Ивана соскочил валенок, и он с маху распорол себе ногу о сук, спрятанный под сугробом. (24)Уже не больше десятка шагов разделяло их, и ходить бы Ивану – будущему профессору Вихрову  - век с надорванным ухом, если бы не подвернулась та спасительная, под отлогим углом наклонённая береза. (25)Мальчик с ходу взбежал до развилины и сидел там, как в седле, обнажив зубы, страшный в своем недетском озлоблении, а Титка похаживал внизу, длинным языком лизал снег с ладошки, перстом грозился, пока во всем снаряжении не подоспел сам Кнышев. 
 – (26)Слазь, волчонок, – глухо сказал большой, еле переводя дух. 
 – (27)Гнилой барин! – повторил маленький, словно знал, что для Кнышева, гордившегося своим здоровьем и плебейским происхождением, нет клички обидней. 
 (28)Тут за дело взялся Титка: 
 – (29)Покарауль его,   сейчас мы его  жердинкой оттеда сковырнём! 
 (30)Кнышев щурко смотрел на мальчонку, на его под рваным треушком сверкающие глаза, на босую, в крови, слегка посиневшую ступню. (31)Что-то изменилось в его намерениях: вряд ли пожалел человеческого зверька в лохмотьях, но подивился, наверное, что за целое десятилетие его злодейской деятельности лишь один этот, во всей России, крестьянский паренек с кулаками вступился за русские леса. 
 –(32) Ступай отсюда, дурак! – приказал Кнышев Титке. –(33) Нет, погоди... валенок ему сперва отыщешь...   
 (По Л. М. Леонову*)   
 *Леонид Максимович Леонов (1899-1994) – русский советский писатель, в центре внимания которого философская и нравственная проблематика.  
"
243,"Текст Леонова Ю. 
 (1)Когда – то,  приезжая   в  Костино,  ходил  я  по  здешним  буграм  за  шампиньонами,    как   к   себе   в   огород.  (2)Глянешь   сверху   на   другой  склон – где    там   белеет   «ведьмин  круг»  –  и   вперёд!  (3)Желающих  собирать   эти    «поганки»  почти   не   было. (4)Сейчас  всё   наоборот: желающих  много,  шампиньонов – едва – едва. (5)Прежде  на   хлипконогие  луговые   опята    и  глядеть   не   хотелось,  теперь  кладу  им  поклон  за  поклоном.  
 (6)В    мглистый  осенний   денёк   вышел   размяться,  сунув   в   карман   полиэтиленовый    пакет. (7)На   всякий   случай. (8)  Влажно  тускнели    полуоголённые    ветки. (9)Липкая    палая   листва   не   отзывалась   шелестом  на    шаги. (10)Пробившись   сквозь   неё,  кое – где  догорали   увядающие   шлемы   мухоморов    да   изредка   подмигивали   какие – то  желтоватые  грибы. (11)Я   не   удостаивал   их   вниманием. (12)Ведь   это   были   не  опята,  значит,  никчемные,   никому   не   нужные   создания. (13)Поганки,  как  зачастую  нарекаем  грибы,  о  которых  не  имеем  понятия. (14)На  этот  раз  я  всё  же  срезал   крайний   гриб. (15)Он   оказался    упругий,  на   изломе   кремоватый. (16)Пальцы   мои   тотчас  волнующе   запахли   лесной   свежестью.  
 (17)Дома  я   первым  делом  открыл  справочник  и  нашёл  своего  знакомца    под    странным   именем   «крепидот».  (18)Пояснялось,   что  в  нашей  стране   растёт  он  повсеместно,  съедобен. (19)Отведав  грибы  жареными,   могу   добавить,  что  они   нежны   на   вкус. 
 (20)Как   часто   встречаются   среди   любителей  грибной   охоты  люди  с  таким   же   испорченным   зрением,  как  и  у  меня.! (21)Причём   иной  торопыга  не   просто  обойдёт  стороной  какой – нибудь  подозрительно  пятнистый  «зонтик    пёстрый»,   но   ещё    и   ногой   поддаст  –  ведь    не   подберёзовик. (22)Окажется  ли  в  ту  минуту  рядом  кто – либо  способный  сказать,  что  погубил   он   гриб,  который   может   угодить   самому   изысканному   вкусу?  
 (23)Непросто  сориентироваться   в   разноликом   грибном   царстве…  
 (24)Но  разве   проще  распознать  человека?  (25)И  не  только  с  первого  взгляда,  с  первой  встречи…  (26)Кто  скажет,  мимо  скольких  внешне  ничем  не  примечательных    людей,   которые   могли  доставить   радость,  а  может  быть,  и    принести   счастье,   прошли   мы,  едва   удостоив   их   беглым   взглядом? (27)Хорошо   ещё,  если   походя  не  толкнули. (28)Ведь  обликом  они  совсем  не   похожи   на   кумиров. 
 (По Ю. Н. Леонову) 
"
244,"Текст Леонтьева А. 
 (1)Почему-то романтическими считаются такие профессии, как лётчик, космонавт, моряк дальнего плавания, геолог... (2)А мне кажется, что самая большая романтика — в повседневном труде учёного. (3)Ведь учёный — это тот человек, которому общество, человечество поручает узнавать новое об окружающем мире и о нас самих, то есть совершать открытия. (4)И как же счастлив человек, который всю жизнь, каждый день делает открытия! 
 (5)А кто не мечтал сделать какое-нибудь великое открытие или изобрести нечто необходимое людям? (6)Пусть это открытие касается, казалось бы, совсем незначительных вещей, например истории одного слова и даже одного звука. (7)Такое открытие совсем не обязательно сделает его автора знаменитым, если не считать узкого круга учёных, которые занимаются теми же проблемами. (8)Один мой знакомый, работавший в издательстве «Наука», любил говорить учёным: «Вашу книгу ждут во всём мире...». (9)3десь он делал паузу, а затем прибавлял: «...одиннадцать человек». (10)Но всё равно это — открытия. 
 (11)Правда, далеко не всегда научные открытия правильно оцениваются современниками. (12)В этом смысле показательна история одного ныне знаменитого языковеда. 
 (13)Во второй половине XIX века во Франции работал молодой швейцарский учёный по имени Фердинанд де Соссюр. (14)Ему было двадцать лет, когда он написал небольшую книгу о первоначальной системе гласных в индоевропейских языках. (15)Когда-то существовал язык, из которого развились в дальнейшем и русский, и немецкий, и латынь, и греческий, и армянский, и языки Ирана, Пакистана и Северной Индии. (16)Так вот, юный де Соссюр, сопоставляя слова разных языков, «вычислил», что в общеиндоевропейском языке были два звука, которые не сохранились ни в одном из известных нам индоевропейских языков. 
 (17)Большинство учёных если и прочитали книжку де Соссюра, то сочли её чепухой. (18)Только столь же юный польский языковед Николай Крушевский, заброшенный судьбой в далёкую Казань, и ещё два специалиста согласились с выводами де Соссюра. (19)А самые знаменитые тогдашние учёные назвали первый труд Фердинанда «незрелым», «в корне ошибочным», «по существу несостоятельным» ... 
 (20)Прошло почти пятьдесят лет. (21)Де Соссюр достиг преклонного возраста и умер малоизвестным. (22)Незадолго до смерти он трижды прочитал в Женевском университете, где был профессором, курс общего языкознания. (23)В первый год к нему пришло всего шесть слушателей, в последний — целых двенадцать! (24)Как можно видеть, студенты на лекции де Соссюра, мягко говоря, не особенно стремились попасть. 
 (25)А дальше начались поистине сказочные события. (26)Два близких и любимых ученика Соссюра, кстати, ставшие очень известными учёными, в память о своём учителе решили издать его лекции, собрав записи студентов и самого профессора и восстановив на их основе текст курса. (27)«Курс общей лингвистики» вышел в свет в 1916 году и мгновенно сделал имя де Соссюра знаменитым среди языковедов всего мира. (28)И примерно в то же время были впервые расшифрованы надписи на одном из древнейших индоевропейских языков — хеттском. (29)Молодой в те годы польский языковед Ежи Курилович стал всесторонне анализировать звуки этого языка. (30)И можно представить себе его удивление и восхищение, когда он обнаружил среди них оба звука, «вычисленных» за полвека до этого де Соссюром! 
 (31)Оказывается, уже в юности де Соссюр исследовал языки по своей системе, которую изложил ученикам только в самые последние годы жизни. (32)Только тогда и стало ясно, что «незрелое» рассуждение юного швейцарца было на самом деле великим открытием. 
 (По А.А. Леонтьеву*) 
 *Алексей Алексеевич Леонтьев (1936-2004) — известный лингвист, психолог, психолингвист, автор учебников и многочисленных публикаций. 
"
245,"Текст Лидина В. 
 (1)Немцы были изгнаны из Умани, и на улицах города вплотную, впритык, стояли брошенные ими в бегстве автомашины, бронетранспортёры и танки. (2)В городе ещё пахло гарью, тем звериным душным запахом, какой оставляют после себя бегущие массы людей, и вонью гниющих продуктов: в грузовиках стояли бочки с огурцами и капустой. 
 (3)На одной из улиц сквозь разбитое окно нижнего этажа я увидел груды сваленных на полу книг. (4)Вид книг всегда волнует меня, и я зашёл в помещение, в котором сразу по стеллажам определил библиотеку. (5)Никого в помещении, казалось, не было, только вглядевшись, я увидел скорбные фигуры двух немолодых женщин, разбиравших в соседней комнате книги. (6)Часть книг уже стояла на полках. (7)Я подошёл к женщинам, и мы познакомились: одна оказалась учительницей русского языка Зинаидой Ивановной Валянской, другая — библиотекаршей районной библиотеки Юлией Александровной Панасевич, а книги, лежавшие на полу, они перетаскали из Подполья, где те пережили всю оккупацию. (8)Я взял в руки одну из книг — это был учебник экономической географии, но, перелистав несколько страниц, я с недоумением обратился к титулу книги: содержанию он никак не соответствовал. 
 — (9)Работа нам предстоит немалая, — сказала одна из женщин» — дело в том, что по приказу гебитскомиссара Оппа мы должны были уничтожить все книги по прилагаемому списку, — и она достала из ящика целую пачку листков с тесными строками машинописи: это был список подлежавших уничтожению книг. — (10)Мы переклеивали со старых учебников и разных других книг заглавные страницы, и нам удалось спасти почти всё, что подлежало уничтожению, — добавила женщина с удовлетворением, — так что не удивляйтесь, если том сочинений Пушкина, например, называется руководством по вышиванию. 
 (11)Это было действительно так: две мужественные женщины спасли целую районную библиотеку, вклеивая в подлежавшие уничтожению книги другие названия или вкладывая их в другие переплёты. (12)А теперь они разбирались в своих богатствах, восстанавливали то, что, по распоряжению назначенного директором библиотеки Крамма они должны были разорвать в клочки. 
 (13)В Умани, в помещении районной библиотеки, я убедился в бессмертии книги. 
 (По В.Г. Лидину*) 
 * Владимир Германович Лидин (1894-1979) — русский писатель. Во время Великой Отечественной войны был военным корреспондентом «Известий». 
 
"
246,"Текст Лидина В. 
 (1)3а несколько дней до войны Академия архитектуры в Москве решила реставрировать редкие и наиболее ценные издания своей библиотеки. 
 (2)Огромные тома Витрувия или Палладио, источенные червями или обветшавшие от времени, требовали тончайшего мастерства переплётчика, который должен был вернуть им первоначальный вид. 
 (3)Такие золотые   руки нашлись в Москве. (4)Это был старый переплётчик Эльяшев, родом из Николаева, человек, тонко чувствовавший эпоху, бескорыстно влюблённый в своё дело, виртуозный переплётчик и футлярщик. 
 (5)Его пригласили в библиотеку Академии архитектуры, и Эльяшев реставрировал там или, вернее, воссоздал ряд замечательных книг, так что даже самый опытный взгляд не обнаружил бы изъянов. 
 (6)Я всегда с уважением смотрел на Эльяшева, который обращал ся с книгой так, словно разговаривал с ней. 
 (7)В 1941 году, во время эвакуации, я потерял Эльяшева из виду в сложных событиях войны и считал, что старик не вынес, вероятно, тяжёлых потрясений. (8)Но однажды, года через два после окончания войны, я узнал, что Эльяшев жив и даже работает продавцом в книжном киоске Академии наук на одной из станций московского метро. (9)Я поехал на эту станцию и отыскал Эльяшева. 
 (10)— Как я рад, что вы живы, — сказал я ему, — ведь часто вспоминал ваши руки. 
 (11)— Жив-то я жив, — ответил он, — но с руками мне пришлось проститься. 
 (12)Он показал мне свои руки, на которых были ампутированы все пальцы, за исключением двух — большого и указательного, которыми он и действовал. 
 (13)—Я отморозил их на лесозаготовках. (14)Ноги у меня были тоже отморожены, но не в такой степени. 
 (15)— Неужели без вас не обошлись на лесозаготовках? (16)Ведь вам больше шестидесяти лет, — сказал я,   готовый предположить чьё-то равнодушие к чужой старости. 
 (17)— Нет, я пошёл добровольно, — ответил он с твёрдостью. (18)— Разве мог я остаться без дела, когда вся страна воюет? (19)Нет, я не вправе был поступить иначе. 
 (20)Я вспомнил о своих книгах, которые переплёл Эльяшев, вспомнил редчайшие издания в библиотеке Академии архитектуры, которым этот старик дал вторую жизнь. 
 (21)— Как же мне жалко ваши руки, Эльяшев, — сказал я, искренне скорбя за него. (22)— Они у вас были как у скрипача. 
 (23)—Конечно, руки мои пропали... но если я принёс ими хоть сколько-нибудь пользы в войну, что сейчас говорить о них. 
 (24)Он сказал это, нисколько не рисуясь, и я подумал о том, что, может быть, спиленное его шестидесятилетними руками дерево послужило топливом для двигателя или станка, на котором изготовляли оружие. 
 (25)Неделю спустя Эльяшев неожиданно пришёл ко мне. 
 (26)— Вот что, — сказал он, — дайте мне какую-нибудь вашу самую любимую книгу... я постараюсь переплести её, и это будет в последний раз в моей жизни. 
 (27)Я дал ему редкость — сборник высоких мыслей «Похвала книге», и он переплёл её, орудуя двумя уцелевшими пальцами; вероятно,  это стоило ему многих усилий, но он переплёл книгу, и она стоит у меня на полке и поныне. (28)Она напоминает мне о том, что истинное существо человека проверяется в самых трудных испытаниях. 
 (По В. Г. Лидину*) 
 * Владимир Германович Лидин (1894-1979 гг.) — русский советский писатель. 
 Информация о тексте 
 
"
247,"Текст Лиханова А. 
 Два чувства дивно близки нам – 
 В них обретает сердце пищу – 
 Любовь к родному пепелищу, 
 Любовь к отеческим гробам. 
 На них основано от века, 
 По воле Бога самого, 
 Самостоянье человека – 
 Залог величия его. 
 (1)Пушкинские слова эти пронзительной глубиной своей обращают память и чувства к отчему дому. (2)Куда ни относила бы житейская волна, какое бы разнообразие ни предлагала, всё бытие твоё останется суетой без памяти об отчем крове, без тех нитей, которые протягивает сердце к Отчизне, без частицы души, может, наиглавнейшей, обращённой таинственным зеркальцем к матери, к отцу, к городу или деревне, где ты рос. 
 (3)Поразительная категория - «самостоянье человека». (4)Нет, не примитивно-утилитарная самостоятельность, а именно самостоянье, ведь в этом слове заключено особое определение души, ума и сердца, в самостоянье человека заключено очень многое, и помечено оно - верно! - любовью к родному. 
 (5)Без любви человек пуст; нет и не может быть любви между двумя людьми, если каждый из них не любит чего-то своего, отдельного, необъяснимого, порой трудно называемого; если не любит своей памяти – прозрачной речки, пескарей на золотистой отмели, тихого кружения берёзового листа в осенний листопад, трепета молодой осинки на весеннем ветру, дымка из трубы и ледяной дорожки, по которой так здорово было прокатиться, разбежавшись что есть мочи, в дальнем и близком детстве... 
 (6)«С чего начинается Родина?» (7)Песенный вопрос этот кажется неточным и риторическим; родина ни с чего не начинается — она была, она есть, она будет вечно, если говорить о ней применительно ко всем и ко всякому; в отдельном же человеке она не начинается тоже - сам человек и есть Родина, (8)Любовь к ней - естественное чувство. (9)Самостоянье и величие человека зависят от этой естественной любви, а растоптавший любовь эту жалок и ничтожен. (10)0н изгой в отчем доме. (11)Ему всё равно, где жить и что видеть окрест. (12)Такой живёт страстями мелкими - он сам себя отрёк от самостоянья. (13)Родины в нём нет. 
 (14)Неважно, какой он, отчий дом, где он стоит или, может, не стоит вовсе, снесённый беспощадным лезвием бульдозера. (15)Даже несуществующий, он есть вечно в твоём сознании и будет, пока будешь ты. 
 (По А. Лиханову) 
 Сведения об авторе: 
 Лиханов Альберт Анатольевич (родился в 1935 г.) - прозаик, публицист, педагог и общественный деятель, автор книг, посвящённых детям. Председатель правления Российского детского Фонда, Академик Российской Академии образования. Наибольшую популярность получили произведения А. А. Лиханова, посвящённые проблеме становления ребёнка и подростка. 
 Основные проблемы: 
 1. Проблема личностной цельности (При каких условиях человек может состояться как личность?) 
 2. Проблема патриотизма (С чего начинается любовь к Родине?) 
 3. Проблема любви (Что значит для человека чувство любви? При каких условиях оно возникает?) 
 Позиция автора по выделенным проблемам: 
 1. Память – основа человеческой личности; пока жив человек, живо то, что хранит его память; воспоминания об отчем доме - частица души каждого человека. Человек не может состояться как личность без любви к родительскому дому, к семье, к Родине. 
 2. Любовь к Родине - естественное чувство, которое живёт в каждом человеке, оно начинается с любви к отчему дому; величие человека зависит от способности испытывать это чувство. 
 3. Без любви человек пуст: не может быть любви между двумя людьми, если каждый из них не любит природы, Родины, своего дома, своих воспоминаний."
248,"Текст Лиханова А. 
 (1)Человек радуется, когда он взрослеет. (2)Счастлив, что расстаётся с детством. (З)Как же! (4)Он самостоятельный, большой, мужественный! (5)И поначалу эта самостоятельность кажется очень серьёзной. (6)Но потом... (7)Потом становится грустно. 
 (8)И чем старше взрослый человек, тем грустнее ему: ведь он отплывает всё дальше и дальше от берега своего единственного детства. 
 (9)Вот снесли дом, в котором ты рос, и в сердце у тебя возникла пустота. (10)Вот закрыли детский садик, в который ты ходил, - там теперь какая-то контора. (11)А потом ты узнал: умерла Анна Николаевна, твоя первая учительница. 
 (12)В сердце всё больше пустот - как бы оно не стало совсем пустым, страшным, точно тот край света возле лестницы в тихую ночь: черно перед тобой, одни холодные звёзды! 
 (13)Когда человек взрослеет, у него тускнеют глаза. (14)Он видит не меньше, даже больше, чем в детстве, но краски бледнеют, и яркость не такая, как раньше. 
 (15)Без детства холодно на душе. 
 (16)Мне кажется, в моём детстве всё было лучше. (17)Носились над головой стрижи - стремительные птицы, чей полёт похож на след молнии, и по ним мы узнавали погоду. (18)Если летят понизу, прямо над твоею головой, с лёгким шелестом рассекая воздух, значит, к дождю, а если вьются в бездонной высоте мелкими точками, значит, к ясному дню, можно не опасаться - самая надёжная примета. 
 (19)Расцветало море одуванчиков. (20)Расстроился из-за чего-то, огорчился - выйди на улицу, когда одуванчики цветут, пройди два квартала солнечной дорожкой, и будешь ещё вспоминать, что это тебя так расстроило, какая неприятность: одуванчики ярким цветом своим волшебно сотрут всё в голове. (21)А когда они отцветут? (22)Когда дунет ветер посильней? (23)Праздник на душе, ей-богу! (24)Несутся по небу тучи, белые, летучие. (25)А от земли к тучам взлетают миллиарды парашютиков - настоящая метель. (26)В такой день ходишь ликующий, будто это ты сам летел над землёй и поглядел на неё сверху. 
 (27)В моём детстве в реке была рыба, клевали на удочку здоровущие окуни, не то что сейчас - всякая мелкота! 
 (28)Мне кажется, что всё было лучше, но я знаю, что заблуждаюсь. (29)Кому дано волшебное право сравнивать детства? (30)Какой счастливец смог дважды начать свою жизнь, чтобы сравнить два начала? (31)Нет таких. (32)Моё детство видится мне прекрасным, и такое право есть у каждого, в какое бы время он ни жил. (ЗЗ)Но жаль прогонять заблуждение. (34)Оно мне нравится и кажется важным. 
 (35)Я понимаю: в детстве есть похожесть, но нет повторимости. (36)У каждого детства свои глаза. (37)Но как бы сделать так, чтобы, несмотря ни на что, мир остался по-детски ненаглядным? 
 (38)Как бы сделать? (39)Неужели нет ответа? 
 (По А. Лиханову) 
 Информация о тексте. 
 Основные проблемы: 
 1. Проблема роли детства в жизни человека. (Какова роль детских воспоминаний в жизни каждого человека? Почему человеку кажется, что в детстве всё было лучше?)	 
 Авторская позиция. Детские впечатления очень важны для человека: они сохраняют радостное восприятие мира, образ родного дома, родных мест. Детские воспоминания - самые яркие и незабываемые в жизни каждого. 
 2. Проблема сохранения по-детски яркого и ясного восприятия мира во взрослой жизни. (Можно ли сохранить по-детски яркое восприятие мира?) 
 Авторская позиция. Людям хочется сохранить яркое и радостное, как в детстве, восприятие мира, но этого, как правило, не происходит. 
"
249,"Текст Лиханова А. 
 (1) Я полюбил читать потому, что первая моя книга оказалась счастливой: она была интересной, я поверил ей, и мне очень, очень нравилась та жизнь, о которой писал её автор. (2)Было это в годы войны, телевизоров в ту пору не было, каждый кинофильм показывали подряд несколько месяцев, и мы, ребята военного времени, любили читать. 
 (3)...А новая книжка! (4)В военные и первые послевоенные годы новая книжка была редкостью, праздником - и я начитал в те юные свои годы такое множество книг, такой набрал багаж, что он до сих пор мне помогает. 
 (5)Для меня лично книга гораздо выше телевидения и кино, и прежде всего потому, что телевидение и кино не даёт простора фантазии, самотворчеству: и обстановку, и образы героев тебе преподносят в готовом, абсолютно материализованном виде, в то же время как, скажем, Наташа Ростова в воображении каждого человека разная. (6)И эта множественность воображения, возникающая индивидуально, в зависимости от индивидуального опыта и знания каждого читателя, создаёт тот мир самотворчества, который столь дорог и для развития всего мира. (7)Наташу Ростову в кино мы все воспринимаем в целом одинаково, а в книге всегда по-разному. (8)Но Наташа – персонаж всем известный, в какой-то мере захрестоматизированный. (9)А как велика сила воображения, как она важна, когда речь идёт о других героях великого мира литературы! 
 (10)Каждый читатель, на мой взгляд, это созидатель, соавтор писателя; каждый зритель, как правило, потребитель тех или иных категорий, созданных режиссёром или актёром. 
 (11)Было бы бессмысленно отрицать кино, театр, телевидение, они несут человеку много важного; в том числе, как и книга, воспитывают чувства, мысль, но мне кажется: первым этапом в судьбе художественного воспитания должна быть всё-таки книга. 
 (12)В нынешние времена ребёнок ещё не может читать, а он уже постоянный теле- и кинозритель. (13)Не облегчает ли такое «перепрыгивание» через книгу, через литературу становление личности в новые времена? (14)В этих словах моих боль, идущая от того, что дети сейчас смотрят гораздо больше, чем читают... 
 (15)А я по-прежнему преданно верен книге, и жизнь без книг для меня невозможна. 
 (По А. Лиханову*) 
 * Лиханов Альберт Анатольевич (родился в 1935 г.) – прозаик, публицист, педагог и общественный деятель, автор книг, посвящённых детям. 
"
250,"Текст Лиханова А. 
 
 (1)Пушкинские слова эти пронзительной глубиной своей обращают память и чувства к отчему дому. (2)Куда ни относила бы житейская волна, какое бы разнообразие ни предлагала, всё бытие твоё останется суетой без памяти об отчем крове, без тех нитей, которые протягивает сердце к Отчизне, без частицы души, может, наиглавнейшей, обращённой таинственным зеркальцем к матери, к отцу, к городу или деревне, где ты рос. 
 (3)Поразительная категория - «самостоянье человека». (4)Нет, не примитивно-утилитарная самостоятельность, а именно самостоянье, ведь в этом слове заключено особое определение души, ума и сердца, в самостоянье человека заключено очень многое, и помечено оно - верно! - любовью к родному. 
 (5)Без любви человек пуст; нет и не может быть любви между двумя людьми, если каждый из них не любит чего-то своего, отдельного, необъяснимого, порой трудно называемого; если не любит своей памяти – прозрачной речки, пескарей на золотистой отмели, тихого кружения берёзового листа в осенний листопад, трепета молодой осинки на весеннем ветру, дымка из трубы и ледяной дорожки, по которой так здорово было прокатиться, разбежавшись что есть мочи, в дальнем и близком детстве... 
 (6)«С чего начинается Родина?» (7)Песенный вопрос этот кажется неточным и риторическим; родина ни с чего не начинается — она была, она есть, она будет вечно, если говорить о ней применительно ко всем и ко всякому; в отдельном же человеке она не начинается тоже - сам человек и есть Родина, (8)Любовь к ней - естественное чувство. (9)Самостоянье и величие человека зависят от этой естественной любви, а растоптавший любовь эту жалок и ничтожен. (10)0н изгой в отчем доме. (11)Ему всё равно, где жить и что видеть окрест. (12)Такой живёт страстями мелкими - он сам себя отрёк от самостоянья. (13)Родины в нём нет. 
 (14)Неважно, какой он, отчий дом, где он стоит или, может, не стоит вовсе, снесённый беспощадным лезвием бульдозера. (15)Даже несуществующий, он есть вечно в твоём сознании и будет, пока будешь ты. 
 (По А. Лиханову) 
 Лиханов Альберт Анатольевич (родился в 1935 г.) - прозаик, публицист, педагог и общественный деятель, автор книг, посвящённых детям. Председатель правления Российского детского Фонда, Академик Российской Академии образования. Наибольшую популярность получили произведения А. А. Лиханова, посвящённые проблеме становления ребёнка и подростка. 
 Информация о тексте 
  "
251,"Текст Лиханова А. 
  (1)Мы часто говорим о том, в чём мы нуждаемся, но редко упоминаем то, чего нам не хватает в самом деле. 
 (2)Не хватает нам любви к детям. (3)Не хватает самоотверженности — родительской, педагогической. (4)Не хватает сыновней, дочерней любви. 
  (5)Есть простая пословица: «Как аукнется, так и откликнется». (6)Тот же смысл выражает пословица «Сколько положишь, столько и получишь». (7)Верные вроде бы формулы. (8)Только если следовать лишь им, добьёшься одного воспроизводства. (9)Для сеятеля это просто беда, когда зерна он снимет ровно столько же, сколько посеял. (10)Пахарь должен получить прибавок, ведь только тогда он выживет, прокормит свою семью. 
 (11)Так же точно и общество должно бы существовать. (12)Прогресс состоит из прибавок, которые дают поколения, «посеянные» их родителями и наставниками. (13)Конечно, прибавок этот есть, но в каких пространствах? (14)В пространстве человеческих знаний, конечно. (15)В области технологий. (16)А как с духовностью? (17)Увы, в этой тонкой сфере воспроизводства мы радуемся даже простому отклику на ауканье. 
  (18)И слишком часто замечаем простые потери: не больше, нет, а меньше становится доброты, милосердия. (19)Грубее и жёстче отношения между самыми добрыми вроде бы людьми. (20)Исполнение долга в межчеловеческих отношениях уступает служебным обязанностям — там человек и обязательнее, и профессиональнее. (21)А любовь к детям стала напоминать любовь к собственному имуществу. (22)Впрочем, имущество порой дороже людей... (23)Что может быть печальней и горше? 
  (24)Давно замечено: и лучшие, и худшие стороны человека выявляет беда. (25)Януш Корчак не только последние часы и минуты своего бытия, когда вместе с детьми принял мученическую смерть в фашистской газовой камере, но и всю предыдущую жизнь стоял рядом с бедой, точнее, жил в её гуще, работая с детьми-сиротами. (26)Сиротство, эта библейски древняя форма человеческого одиночества, требует сострадания и соучастия, самоотверженной и терпеливой любви настоящих гуманистов. (27)Януш Корчак первый из них, и первенство это измерено мерой его выбора, мерой честности. (28)Мера эта — смерть. 
 (29)Не только поляки чтут выбор своего бессмертного учителя. (30)Его имя внесено в святцы и мировой педагогики, и элементарной человеческой порядочности. (31)И именно в его устах, под его пером в высшей степени правомерно звучит дидактическое, даже назидательное наставление: как любить детей. (32)Книга «Как любить ребёнка» Януша Корчака — своеобычный манифест гуманизма. (33)Нестареющий завет, переданный в наши и грядущие времена из времен как будто от нас удалённых и в то же время совершенно похожих, потому что речь идёт о любви к детям, а это ценность постоянная. 
 (34)Духовная комфортность делает человека толстокожим, совершает в его сознании странные подвижки, когда ценности мнимые застят свет, а ценности подлинные уходят на второй план. (35)Каждому рано или поздно воздаётся по заслугам, но часто — слишком поздно, когда ничего не исправишь, и в этом истоки многих человеческих драм. (36)Те, кто воображает, будто доброта и любовь — малозначимые, второстепенные качества, которые не помогают, а напротив, даже вредят, допустим, при достижении карьеры, бывают наказаны на краю этой карьеры, а ещё чаще — на краю собственной жизни — нелюбовью и недобротой своих же близких, и в первую очередь детей. (37)И пусть же всякий, кто спохватится и заторопится вперёд — от нелюбви к любви, от недоброты к доброте, — припадёт, как к чистому итогу, к этой последней заповеди Януша Корчака. 
 (По А. Лиханову*) 
 
"
252,"Текст Лихачёва Д. 
 (1)Когда человек выбирает себе в жизни какую-то цель, жизненную задачу, он вместе с тем невольно даёт себе оценку. (2)По тому, ради чего человек живёт, можно судить и о его самооценке, низкой или высокой. 
 (3)Если человек рассчитывает приобрести материальные блага, то он и оценивает себя на уровне этих материальных благ: как владельца машины последней марки, как хозяина роскошной дачи, как часть своего мебельного гарнитура... 
 (4)Если человек живёт, чтобы приносить людям добро, облегчать их страдания при болезнях, давать людям радость, то он оценивает себя на уровне этой своей человечности. (5)Он ставит себе цель, достойную человека. 
 (6)Только жизненно необходимая цель позволяет человеку прожить свою жизнь с достоинством и получить настоящую радость. (7)От ошибок никто не застрахован. (8)Но самая главная ошибка - неправильно выбранная главная задача в жизни: это ошибка роковая. (9)Не повысили в должности -огорчение. (10)Не успел купить марку для своей коллекции - огорчение. (11)У кого-то лучшая мебель или машина - опять огорчение. 
 (12)Ставя себе задачей карьеру или приобретательство, человек испытывает гораздо больше огорчений, чем радостей, и рискует потерять всё. (13)А что может потерять человек, который радовался каждому своему доброму делу? (14)Важно только, чтобы добро, которое человек делает, было его внутренней потребностью. (15)Поэтому главная жизненная задача не  должна быть замкнута только на собственных удачах. (16)Она должна диктоваться добротой к людям, любовью к семье, к своему городу, к своему народу, стране, ко всей вселенной. 
 (17)Означает ли это, что человек должен жить как аскет, не заботясь о себе, ничего не приобретать и не радоваться повышению в должности? (18)Отнюдь нет! 
 (19)Человек, который совсем не думает о себе, - явление ненормальное: в этом есть какое-то показное преувеличение своей доброты и бескорыстия. 
 (20)Поэтому речь идёт лишь о главной жизненной задаче. (21)А её не надо подчеркивать в глазах остальных людей. (22)И одеваться можно хорошо, но не обязательно лучше других. (23)И библиотеку нужно составлять, но не обязательно большую, чем у соседа. (24)И машину хорошо приобрести. (25)Только не надо второстепенное превращать в первостепенное. 
 (По Д.С. Лихачёву*) 
 *Лихачёв Дмитрий Сергеевич (1906-1999) - русский литературовед, филолог, общественно-политический деятель, историк культуры, автор фундаментальных трудов, посвященных главным образом истории древнерусской литературы. 
"
253,"Текст Лихачёва Д. 
 (1) Научный труд требует общей интеллигентности человека. (2) И эта общая интеллигентность человека дается  главным   образом  гуманитарными науками. (3) Почему? (4) Потому что искусство, искусство слова, живописи, какое угодно искусство, основано на интуиции и воспитывает интуицию, а без интуиции не могут обойтись и естественные науки, и математика. (5) Интуиция - в основе всего, это то, что не может быть заменено никакой компьютерной машиной, а художественное творчество больше всего воспитывает интуицию. 
 (6) Ведь недаром, скажем, Эйнштейн вдохновлялся творчеством Достоевского. (7) Мне приходилось разговаривать с Романом Осиповичем Якобсоном. (8) Он говорил, что перед написанием какой-либо филологической работы он любил рассматривать живопись Ларионова или Гончаровой. (9) У него были определённые интересы в живописи. (10) К «своим» художникам он относился, как к вдохновляющему началу, хотя работал совсем в другой области. 
 (11)Математики не случайно занимаются музыкой, любят музыку. (12) Даже возьмем такой пример: талант человека в одной области сказывается и в другой. (13)Скажем, Пушкин - великолепный художник.   (14) Лермонтов  - тоже  художник. (15) Достоевский, как сейчас выясняется, был замечательным портретистом. (16) Таким образом, гуманитарные науки    очень важны. (17) То, что в школе на них уменьшают часы, это плохо. (18) Гуманитарные науки должны прежде всего воспитывать понимание искусства, понимание истории и учить нравственности. 
 (Д. С. Лихачёв) 
"
254,"Текст Лихачёва Д. 
 (1)Память – одно из величайших свойств бытия, любого бытия: материального, духовного, человеческого... 
 (2)Лист бумаги. (3)Сожмите его и расправьте. (4)На нём останутся складки, и, если вы сожмёте его вторично, часть складок ляжет по прежним складкам: бумага обладает «памятью». (5)Памятью обладают отдельные растения, камень, на котором остаются следы  его  происхождения  и  движения  в  ледниковый  период,  стекло,  вода  и  т.д. (6)Сложнейшими  формами  родовой  памяти,  позволяющими  новым  поколениям совершать перелёты в нужном направлении к нужному месту, обладают птицы. (7)А что говорить о «генетической памяти» – памяти, заложенной в веках, памяти, переходящей от одного поколения живых существ к следующим! (8)Запоминается то, что нужно; путём памяти накапливается добрый опыт, образуется традиция, создаются бытовые, семейные, трудовые навыки, общественные институты... 
 (9)Память противостоит уничтожающей силе времени. (10)Это свойство памяти чрезвычайно важно. (11)Принято примитивно делить время на прошедшее, настоящее и будущее. (12)Но благодаря памяти прошедшее входит в настоящее, а будущее как бы предугадывается настоящим, соединённым с прошедшим. (13)Память – преодоление времени, преодоление смерти. (14)В этом величайшее нравственное значение памяти. 
 (15)«Беспамятный» – это, прежде всего, человек неблагодарный, безответственный, а  следовательно,  и  неспособный  на  добрые,  бескорыстные  поступки.  (16)А безответственность  рождается  отсутствием  сознания  того,  что  ничто  не  проходит бесследно. (17)Человек, совершающий недобрый поступок, думает, что поступок этот не сохранится в памяти его личной и в памяти окружающих. (18)Он сам, очевидно, не привык беречь память о прошлом, испытывать чувство благодарности к предкам, к их труду, их заботам и поэтому думает, что и о нём всё будет позабыто. 
 (19)Совесть – это в основном память, к которой присоединяется моральная оценка совершённого. (20)Но если совершённое не сохраняется в памяти, то не может быть и оценки. (21)А значит, без памяти нет совести.  
 (22)Вот почему так важно воспитываться в моральном климате памяти – памяти семейной, народной, культурной. (23)Семейные фотографии – это  одно  из  важнейших  «наглядных  пособий»  морального воспитания детей, да и взрослых. (24)Уважение к труду наших предков, к их традициям и обычаям, к их песням и развлечениям. (25)Да и просто уважение к могилам предков. 
 (26)Как личная память человека формирует его совесть, его совестливое отношение к его личным предкам и близким – родным и друзьям, старым  друзьям, то есть наиболее верным, с которыми его связывают общие воспоминания, – так историческая память народа  формирует  нравственный  климат,  в  котором  живёт  народ.  (27)Может  быть, можно было бы подумать, не строить ли нравственность на чём-либо другом: полностью игнорировать прошлое с его неизбежными ошибками и быть устремлённым целиком в будущее,  строить  это  будущее  на  «разумных  основаниях»  самих  по  себе,  забыв  о 
прошлом с его тёмными и светлыми сторонами. 
 (28)Это не только не нужно, но и невозможно. (29)Хранить память, беречь память – это наш нравственный долг перед самими собой и перед потомками. 
 (По Д. С. Лихачёву*) 
 * Дмитрий Сергеевич Лихачёв (1906–1999 гг.) – советски   й и российский филолог, искусствовед, сценарист, академик РАН; автор фундаментальных трудов, посвящённых истории русской литературы (главным образом древнерусской) и русской культуры. 
 Информация о тексте 
 
"
255,"Текст Лихачёва Д. 
 (1)Я получил недавно письмо, в котором школьница пишет о своей подруге. (2)Учительница литературы предложила этой подруге написать сочинение об очень крупном советском писателе. (3)И в этом сочинении школьница, отдавая должное и гениальности писателя, и его значению в истории литературы, написала, что у него были ошибки. (4)Учительница сочла всё это неуместным и очень её бранила. (5)И вот подруга той школьницы обращается ко мне с вопросом: можно ли писать об ошибках великих людей? (6)Я ей ответил, что не только можно, но и нужно писать об ошибках великих людей, что велик человек не тем, что он ни в чём не ошибался. (7)Никто не свободен от ошибок в нашей жизни, в нашей сложной жизни. 
 (8)Что человеку важно? (9)Как прожить жизнь? (10)Прежде всего – не совершить никаких поступков, которые бы роняли его достоинство. (11)Можно не очень много сделать в жизни, но если ты не делаешь ничего, даже мелкого, против своей совести, то уже этим самым ты приносишь колоссальную пользу. (12)Даже в обыденной нашей, повседневной жизни. (13)А ведь в жизни могут быть и тяжёлые, горькие ситуации, когда перед человеком стоит проблема выбора – быть обесчещенным в глазах окружающих или в своих собственных. (14)Уверен, что лучше быть обесчещенным перед другими, нежели перед своей совестью. (15)Человек должен уметь жертвовать собой. (16)Конечно, такая жертва — это героический поступок. (17)Но на него нужно идти. 
 (18)Когда я говорю о том, что человек не должен идти против своей совести, не должен совершать с ней сделку, я вовсе не имею в виду, что человек не может или не должен ошибаться, оступаться. (19)Никто не свободен от ошибок в нашей сложной жизни. (20)Однако человека, который оступился, подстерегает серьёзнейшая опасность: он нередко приходит в отчаяние. (21)Ему начинает казаться, что все кругом подлецы, что все лгут и скверно поступают. (22)Наступает разочарование, а разочарование, потеря веры в людей, в порядочность — это самое страшное. 
 (23)Да, говорят: «Береги честь смолоду». (24)Но если даже не удалось сберечь честь смолоду, её нужно и можно вернуть себе в зрелом возрасте, переломить себя, найти в себе смелость и мужество признать ошибки. 
 (25)Я знаю человека, которым сейчас все восхищаются, которого очень ценят, которого и я в последние годы его жизни любил. (26)Между тем в молодости он совершил дурной поступок, очень дурной. (27)И он мне потом рассказал об этом поступке. (28)Сам признался. (29)Позже мы плыли с ним на теплоходе, и он сказал, опершись на поручни палубы: «А я думал, что вы со мной и разговаривать не станете». (30)Я даже не понял, о чём он: моё отношение к нему изменилось гораздо раньше, чем он признался в грехах молодости. (31)Я уже сам понимал, что он многое не осознавал из того, что делал... 
 (32)Путь к раскаянию может быть долгим и трудным. (33)Но как же украшает мужество признать свою вину – украшает и человека, и общество. 
 (34)Тревоги совести... (35)Они подсказывают, учат; они помогают не нарушать этических норм, сохранять достоинство – достоинство нравственно живущего человека. 
 (по Д. С. Лихачёву*) 
 * Дмитрий Сергеевич Лихачёв (1906–1999) – советский и российский филолог, культуролог, искусствовед, академик РАН.  
 Информация о тексте 
 
"
256,"Текст Лиходеева Л. 
 (1)Чистая детская наивность, инстинктивное желание добра и справедливости сопровождает нас, когда мы углубляемся в дебри невымышленной жизни, в которой добро и припаздывает, и ошибается адресом, а в некоторых случаях просто не является, будто позабыв о своей обязанности расправляться со злом. 
 (2)Но детство сопровождает нас не так долго, как хотелось бы. (3)И постепенно наивность превращается в ограниченность, а святое желание справедливости – в обыкновенную нравственную самооборону, когда человек походит уже не на малого ребёнка, а на взрослого страуса. (4)И хочется ему, чтобы всё на свете было хорошо при помощи того, что голова кладётся под крыло и думает о совершенстве, закрыв глаза. (5)И хочется, чтобы ничего не происходило такого, на что нужно тратить душу, нервы, сердце. 
 (6)Так вот для тех, кто не хочет нравственных затрат, существует и соответствующая литература. (7)Там всё на месте. (8)Там зло маленькое, как муха, а добро большущее, как лист липучки. (9)И с самого начала муха вязнет в этом листе, и с первой строчки ей конец. (10)Там зло глупое, как пень, а добро умное, как лисица. (11)А лисица любой пень обдурит. 
 (12)Бывают книги, наполненные подобием страстей, подобием борьбы, подобием любви. (13)Подобие борьбы приводит к подобию победы, и кажется, будто всё это – настоящее. 
 (14)Но мы умеем читать. (15)Мы понимаем, что чтение – это не просто составление слов из букв, это – удивительное дело, которое делает читающего соучастником событий и тайн, действий и чувств. (16)Мы умеем тратить себя на дорогах книг. 
 (17)Есть книги, которые нам известны ещё до того, как мы их прочтём. (18)Мы знаем, чем они начинаются и каков их конец. (19)Но мы проникаем в эти книги всякий раз, как первопроходцы. (20)Они ведут нас по своим странным дорогам – знакомым и всё-таки незнакомым, и приводят к своим тайнам, известным нас с детства. (21)Мы проходим их прилежно и послушно. (22)Но каждый раз мы видим подробности этих дорого по-новому. 
 (23)Добро всегда побеждает зло, и никому ещё это не надоедало. (24)Но добро – не липучка для мухи. (25)Добро – это то чувство, которое вызывает у нас книга. (26)Мы оплакиваем героя, и это – добро. (27)Мы высмеиваем глупость, и это – тоже добро. (28)Мы сочувствуем неудачнику, презираем негодяя, симпатизируя простодушию, – и всё это добро, которое побеждает зло. 
 (29)К книгам нужно относиться, как к людям. (30)Их нужно понимать, принимать или остерегаться. 
 (31)Мне кажется, книги делают за нас то, что не сделали мы потому, что не сумели. (32)Они видят то, что увидели бы мы сами, если бы были внимательнее. 
 (33)Мы не бережём себя – ни над драмой, ни над весёлой историей потом, что книга – это жизнь, а жить, не тратясь, нельзя. (34)Это и есть добро, которое, бывает, припаздывает в книгах, как и в жизни, но никогда не опаздывает в нашем сердце… 
  (По Л. Лиходееву) 
 *Леонид Израилевич Лиходеев (1921 – 1994) – советский поэт, писатель, участник Великой Отечественной войны. 
 Информация о тексте 
 
"
257,"Текст Личутина В. 
 (1)Говорят, глаза – зеркало души. (2)Но зеркало лишь отражает, не  запечатлевает  образы,  и  обратной  стороны  его  не  обнаружено.  
 (3) Глаза  же  выражают,  погружают  в  себя,  пропускают  сквозь внешние картины и всё узнанное передают в неисповедимую область  души, сердца и сознания. (4)Глаза созданы из нервов, они играют от  чувств,  озаряются  светом,  когда  здоровое  нутро,  иль  наоборот –  мелеют, тускнеют, мертвеют, когда хворь уже вплотную угнездилась в человеке и терзает его ежедень.  
 (5)Взгляд – это умышление поступка, знак о грядущем действии иль  происходящем переживании. (6)Накладываясь на сетчатку глаза, как  на  экран,  взгляд  внезапно  обнаруживает  огненную,  испепеляющую  силу,  от  которой  становится  страшно  иль  стыдно  за  себя. (7)Через  взгляд,  как  через  беззвучный  вопль,  человек  освобождается  от  внутреннего  гнёта. (8)Взгляд  в  спайке  со  словом  может  привести  в безумие массы народу...  
 (9)Так  что  же  такое  взгляд? (10)Он  же  не  фотографирует  слепо  увиденное? (11)Но и  глаза не  создают взгляда, а только пропускают  его,  усиливают  или  ослабляют. (12)Взгляд  исходит  изнутри  через  зрак,  как  сгущённый  пучок  энергии,  и  непонятная  сила  его  недоступна  расшифровке,  как  безусловная  божественная  тайна;  так  же  и  слово,  и  мысль. (13)Взгляд  нельзя  зачерпнуть  пригоршней,  измерить метром, взвесить на  скалке весов,  записать прибором  силу  его, разъять на волокна, передать на расстояние. (14)Непонятно, как  синтезируется взгляд, каким образом участвуют в его создании душа,  сердце  и  сознание. (15)Но  мы  уверены,  что  взгляд  существует  как  форма энергии.  
 (16)Именно  взгляду  в  русском  поэтическом  языке  даны  десятки  обозначений. (17)Взгляд бывает задумчивый и печальный, нежный и  ненавидящий,  грустный,  тоскливый,  радостный,  любящий,  тревожный, мужественный  и  трусливый,  обворожительный,  чуткий, честный, презрительный... (18)Каждый может продолжить  этот  ряд. (19)Есть взгляд прямой и косой, искренний и предательский, боевой  и плутовской, взгляд внутренней гармонии или распада... (20)Взгляд  переносит  сконцентрированное  чувство  из  областей  внутренних  во  внешние, чувство, которое уже не может держаться в человеке, иначе  грудь  иль  голова  его  лопнут  от  напора. (21)И  наоборот:  извне –  в  себя.    (По В. Личутину) 
"
258,"Текст Лосева А. 
 (1)Оставляя пока в стороне все материальные выгоды, которые мы получаем от науки, обратим внимание на ту её сторону, которая доставляет нам внутреннее удовлетворение и служит главной причиной нашего духовного развития. (2)Цель изучения наук и переработки тех сведений, которые они доставляют, есть формирование в нас личности, именно личности, то есть совокупности таких идей и убеждений, которые бы составили собой неотъемлемую принадлежность нашего «я». (3)Каждый человек представляет собой независимое и обособленное целое. (4)Быть цельным, быть самостоятельной единицей, то есть иметь своё действительно своим, - идеал образованного человека. (5)Но приобрести убеждения, которые бы образовали в нас личность, можно лишь путем долгого и упорного изучения наук. (6)Имея свои убеждения, мы становимся в определённое отношение к окружающим людям, к обществу, к государству, и это уже должно доставить нам большое удовлетворение. (7)Да, кроме того, одно чистое знание без всякого употребления его на выработку миросозерцания уже служит для человека источником высоких наслаждений. 
 (8)Но наука приносит «сладкие плоды» даже таким людям, которые по своей близорукости не ждут от неё духовного удовлетворения. (9)Многие при изучении наук преследуют только одни материальные выгоды, и в их осознании достижение известного «образования» всегда соединяется с получением материальных преимуществ. (10)В этом случае «плоды учения» ещё более очевидны. (11)Раз человек достиг известного положения в обществе, если он обеспечил себе безбедное существование, то «сладкий плод» учения становится для него прямой реальной действительностью. (12)Но можно нередко встретить таких людей, которые, по своей ли вине или просто из-за дурных условий существования, не получив в молодости достаточного образования, вступили в жизнь без всяких познаний и подготовки для деятельности в качестве  полезного члена общества. (13)Эти люди, если они не испытали всех трудностей первых лет учения по своей лености, всегда упрекают самих себя и начинают «учиться» уже в зрелых годах. (14)Пока не сделаются образованными, они не могут рассчитывать на те выгоды и ту пользу, которую другие люди получают после многих лет труда и лишений ради образования. 
 (15)Вместе с теми, кому мешали раньше учиться внешние обстоятельства, они, начиная заниматься, с удовольствием переносят все трудности учения и думают вместе с поэтом, который, «погубив много жизни на разные забавы», с сожалением говорил: 
 
 (17)Выгоду образования можно сравнить с урожаем на земле крестьянина. (18)Ранней весной он начинает свои полевые работы и трудится всё лето, несмотря на страшно изнуряющую жару, в поле, где нет ни одного дерева, которое бы могло скрыть его под свою тень. (19)Но честно потрудившегося крестьянина ожидает удовольствие отдыха и полного материального достатка на круглый год.  
 (По А. Ф. Лосеву) 
 Информация о тексте 
 
"
259,"Текст Лотмана Ю. 
 (1)Что такое настоящие культурные ценности? (2)Великие культурные ценности – это отнюдь не некий многоуважаемый шкаф из «Вишнёвого сада». (3)Не скопление книг на полке, которые редко берут в руки. (4)Не портрет на стене. (5)Это живое явление культуры… (6)Возьмём, к примеру, музыку Баха. (7)Совсем недавно казалось, что она существует только для знатоков, что так называемому широкому слушателю Бах не нужен. (8)А уж добаховская музыка, музыка ренессансная, средневековая казалась чем-то давно забытым, списанным в архив. (9)Но посмотрите на современные афиши. (10)Её исполняют и слушают с гораздо большим удовольствием и пониманием, чем хронологически более близкие вещи. 
 (11)В подлинной культуре ничто не умирает. (12)Может оставаться, как незажжённая лампочка. (13)Но придёт минута, чья-то рука коснётся выключателя – вспыхнет яркий свет. (14)Вспомним хотя бы Пушкина. (15)Были ведь после смерти его эпохи, когда Пушкин, казалось бы, был оттеснён, его переставали читать. (16)Но потом он снова возвращался, и я думаю, что он у нас не за спиной, он всё ещё впереди: отчасти он наше историческое прошлое, отчасти – культурное будущее. (17)И сегодня он привлекает нас прежде всего тем, что он поэт раздумья. (18)Не случайно уже с середины двадцатых годов его произведения кончаются не ответами, а вопросами. (19)Лирика Пушкина всегда даёт толчок мысли. 
 (20)Нам невольно хочется видеть в Пушкине литератора, уже закончившего свою дорогу. (21)Мы как бы придаём этакую композиционную завершённость его пути. (22)Но всё дело в том, что Пушкин нашёл необходимость постоянного движения. (23)И тут мы должны говорить об участии Творца, Личности в культурной жизни не только своего времени. 
 (24)Культура преодолевает биологическую смерть и не всегда подчиняется простой логике: чем новее – тем современней. (25)Понятие это – немеханическое. (26)И формула «незаменимых людей нет» – везде неправильная – здесь вопиюще несправедлива. (27)В области художественного творчества все незаменимы. (28)Не изобретённая одним человеком машина будет изобретена другим – ненаписанное произведение останется ненаписанным. (29)А ведь без «Евгения Онегина» или «Братьев Карамазовых» история России была бы другой. (30)После крупного мастера какой-то путь остаётся непройденным. 
 (31)Непройденные дороги – это не заваленные тоннели, не потерянные тропы. (32)И культура часто возвращается назад, чтобы найти потерянную тропу. (33)История идёт вперёд и будет идти очень круто. (34)Пушкин, Толстой, Достоевский, Чехов вдруг скажут нам ещё что-то новое, чего мы не предполагали.
(35)Судить, что в культуре умерло, а что остаётся, – очень трудно. (36)Я думаю, подлинно талантливое не умирает. (37)Другое дело, что мы часто оказываемся не на высоте нашего наследия, не на высоте своей культурной памяти. 
 (по Ю.М. Лотману) 
 
"
260,"Текст Львова С. 
 (1)Сострадание- активный помощник. 
 (2)Но как быть с теми, кто не видит, не слышит, не чувствует, когда больно и плохо другому? (3)Постороннему, какими они считают всех, кроме себя, да, может быть, своей семьи, к которой, впрочем, тоже часто равнодушны. (4)Как помочь и тем, кто страдает от равнодушия, и самим равнодушным? 
 (5)С самого детства воспитывать - прежде всего самого себя - так, чтобы отзываться на чужую беду и спешить на помощь тому, кто в беде. (6)И ни в жизни, ни в педагогике, ни в искусстве не считать сочувствие размагничивающей чувствительностью, чуждой нам сентиментальностью. 
 (7)Сочувствие - великая человеческая способность и потребность, благо и долг. (8)Людям, такой способностью наделённым или тревожно ощутившим в себе недостаток её, людям, воспитавшим в себе талант доброты, тем, кто умеет превращать сочувствие в содействие, живётся труднее, чем бесчувственным. (9)И беспокойнее. (10)Но их совесть чиста. (11)У них, как правило, вырастают хорошие дети. (12)Их, как правило, уважают окружающие. (13)Но даже если правило это нарушится и если окружающие их не поймут, а дети обманут их надежды, они не отступят от своей нравственной позиции. 
 (14)... кажется, что им хорошо. (15)Они-де наделены бронёй, которая защищает их от ненужных волнений и лишних забот. (16)Но это им только кажется, не наделены они, а обделены. (17)Рано или поздно - как аукнется, так и откликнется! 
 (18)На мою долю недавно выпало счастье познакомиться со старым мудрым врачом. (19)Он нередко появляется в своём отделении в выходные дни и в праздники, не по экстренной необходимости, а по душевной потребности. (20)Он разговаривает с больными не только об их болезни, но и на сложные жизненные темы. (21)Он умеет вселить в них надежду и бодрость. (22)Многолетние наблюдения показали ему, что человек, который никогда никому не сочувствовал, ничьим страданиям не сопереживал, очутившись перед собственной бедой, оказывается неготовым к ней. (23)Жалким и беспомощным встречает он такое испытание. (24)Эгоизм, чёрствость, равнодушие, бессердечность жестоко мстят за себя. (25)Слепым страхом. (26)Одиночеством. (27)3апоздалым раскаянием. 
 (28)Одно из самых важных человеческих чувств - сочувствие. (29)И пусть оно не остаётся просто сочувствием, а станет действием. (30)Содействием. (31)К тому, кто в нём нуждается, кому плохо, хотя он молчит, надо приходить на помощь, не ожидая зова. (32)Нет радиоприёмника более сильного и чуткого, чем человеческая душа. (33)Если её настроить на волну высокой человечности. 
 (По С. Львову) 
 Сведения об авторе: 
 Львов Сергей Львович (1922-1981) - прозаик, критик, публицист, автор многочисленных статей о советской и зарубежной литературе, произведений биографической и детской литературы. 
 Основные проблемы: 
 1. Проблема воспитания сострадания (Нужно ли воспитывать в человеке способность к сочувствию?)  
 2. Проблема способности человека к сочувствию (Как влияет на жизнь человека способность сочувствовать и отсутствие у него такой способности? Нужна ли человеку способность к состраданию?)  
 3. Проблема взаимосвязи сочувствия и активной помощи человеку (Какая связь существует между сочувствием и содействием?) 
 Позиция автора по выделенным проблемам: 
 1. Талант доброты, сочувствия необходимо воспитывать в человеке с детства, и начать надо с себя.  
 2. Человек, который никогда никому не сострадал, оказывается не защищённым от собственных бед и может остаться в одиночестве.  
 3. Человек, обладающий способностью к сочувствию, сумеет понять боль другого человека и услышать его безмолвную просьбу о помощи, и тогда сочувствие станет содействием."
261,"Текст Львова С. 
 (1)Случилось так, что в качестве преподавателя в аудитории высшего учебного заведения я впервые вошёл, когда мне не было двадцать лет, в 1942 году. (2)Мы только что закончили курсы военных переводчиков при Военном институте иностранных языков и готовились ехать на фронт. (3)Но нескольких из нас оставили преподавать в институте. (4)Меня предупредили: моими слушателями будут курсанты, уже закончившие общевойсковые училища. (5)Перед ними я робел. (6)Предстоит учить мне и призванных в армию студенток. (7)Они меня смущали. (8)Вид мой был отнюдь не бравый: более чем скромное обмундирование и сущее несчастье – ботинки с обмотками вместо сапог. 
 (9)Вот тут-то передо мной и встал вопрос: «Быть или казаться?»(10)Я представлял себе ясно, каким покажусь своим первым ученикам. (11)Как сделать, чтобы они почувствовали, каков я есть? (12)Решил начать с лобовой психологической атаки. (13)Продемонстрирую несколько примеров работы военного переводчика, потом скажу: «Вот что я умею и этому научу вас». 
 (14)Взяв с собой трофейные уставы и письма немецких солдат, я с замирающим сердцем пошёл в класс. (15)Перед дверью маячил дежурный – выше меня на голову, выправка умопомрачительная, обмундирование, какое мне и не снилось. 
 (16)Я взялся за ручку двери.  
 (17) – Ты куда? – грозно осведомился дежурный.  
 (18) – В класс!  
 (19) – Это чего ради? (20) К нам сейчас преподаватель придёт!  
 (21) – Это я!  
 (22) – Брось заливать! – начал дежурный, но вдруг осёкся, широко распахнул передо мной двери и от неожиданности гаркнул: «Встать! Руки вверх!» вместо «Встать! Смирно!». 
 (23)Отделение, вскочившее со своих мест, рухнуло на скамью, давясь от хохота.  
 (24)Растерявшись и видя перед собой аудиторию из одних бравых строевиков и блистательных красавиц, – так мне казалось – я, вместо того чтобы продемонстрировать на примерах, в чём состоит работа военного переводчика, сразу сказал:  
 (25) – Сейчас я покажу вам, что я умею... 
 (26)Тут у меня распустилась обмотка. (27)Я поставил ногу на табурет и начал обматывать ею ногу, но продолжал говорить:  
 (28) – И этому научу вас!  
 (29)Слушатели задохнулись от смеха.  
 (30)«Всё погибло!» – подумал я с отчаянием.  
 (31)Но отступать некуда. (32)Делая вид, что не слышу смеха, я приказал:  
 (33) – Раскрыть любой устав на любом месте!  
 (34)Дежурный раскрыл одну из синих книжек. (35)И я стал переводить с листа, сам себе приказав: «В темпе!» (36)Потом проделал то же самое с выхваченным наудачу трофейным приказом.(37)Особенно впечатлил слушателей перевод трофейного письма, написанного возрождённым в гитлеровские времена готическим шрифтом. (38)Непривычному он кажется иероглифами. (39)И наконец, не глядя на схему, отбарабанил структуру двух дивизий вермахта: пехотной и танковой.(40)Словом, я заставил своих учеников забыть и мою неприличную молодость, и гротескно-нелепое появление, и даже обмотки. (41)Но уж потом мне приходилось каждый день, не давая себе спуску и поблажки, быть, а значит, не заботиться о том, чтобы казаться. 
 Сведения об авторе: 
 Львов Сергей Львович ( род. в 1922 г.) - русский писатель, журналист, литературный критик.    
 Основные проблемы: 
 1. Проблема жизненного выбора (что важнее и нравственнее для человека в жизни: заботиться о том, чтобы выглядеть значительно, внушая уважение своим внушительным внешним видом, или быть настоящим профессионалом своего дела?)  
 2. Значимость труда в жизни человека (возможно ли без труда, не прикладывая усилий к чему-либо, добиться уважения людей?)  
 3. Проблема внутренней дисциплины, ответственности человека перед самим собой (должен ли человек постоянно совершенствовать себя внутренне, не давая себе поблажки?). 
 Авторская позиция:  
 1.  Для человека нравственнее «быть, а не казаться», то есть заслуживать уважение людей трудом, профессионализмом. 
 2. Только труд, дела, а не слова могут сделать человека профессионалом в чём-либо, и только настоящий профессионал может добиться признания у людей. 
 3. Только внутренняя дисциплина, способность строго себя оценивать и строго с себя спрашивать позволят человеку самореализоваться в жизни. 
"
262,"Текст Львова С. 
 (1)Домашнее чтение вслух очень сближает. (2)Когда вся семья вместе несколько вечеров подряд читает одну книгу, это невольно влечет за собой обмен мыслями. (3)Если это книга большая и её читают долго, она превращается в друга семьи, ее герои оживают и входят в наш дом. 
 (4)Когда я смотрю на книги, что стоят у нас на полках, я могу их мысленно разделить на несколько отделов: настоящие фолианты, сочинения классиков, современные книги, справочники, словари, учебники и так далее. (5)Но я могу мысленно собрать вместе на особую полку книги, которые мы читали вместе и вслух. (6)Их мы знаем, помним, любим, как никакие другие. 
 (7)Как же выбрать время, чтобы несколько членов семьи могли сразу собраться за столом? (8)Не выбрать времени? (9)Находится же оно для того, чтобы вместе смотреть телевизор! (10)Разве мы не просиживаем перед ним иногда часами, даже когда ничего особенного не показывают? (11)Страница книги – это огромный экран, который и не снился самому лучшему телевизору! 
 (12)Советую вам, прошу вас, уговариваю – попробуйте! (13)Попробуйте читать дома вместе и вслух! (14)Было же что-то такое в совместном домашнем чтении, если о нем с волнением и благодарностью вспоминают люди разных поколений. 
 (15)Когда книгу читает вслух кто-нибудь из домашних, то, что происходит на её страницах, отражается на лицах всех, кто собрался за столом. (16)Все чувства усиливаются и обостряются. (17)А тот, кто уже раньше читал эту книгу, читая ее теперь своим близким, испытывает радость, приобщая их к тому, что ему дорого, делясь тем, что принадлежало ему одному и чем он теперь одаривает других. (18)Словом, попробуйте, и я надеюсь, я уверен: вы не пожалеете об этом. 
 (С. Львов)"
263,"Текст Львова С. 
 (1)В нашем доме живёт мальчик. (2)Мы познакомились с ним, когда я выносил во двор оставшиеся после ремонта провода и изоляторы. (3)У него загорелись глаза. (4)Он забрал у меня всё. (5)А потом как-то мне понадобился напильник, и я пошел к нему. (6)С тех пор всегда обращаюсь к нему, когда мне нужна техпомощь. (7)В одной из двух комнат маленькой квартиры оборудован его рабочий уголок. (8)С потолка спускаются авиационные модели. (9)И вентилятор у него на столе самодельный. (10)А под столом бегает фантастический вездеход собственной конструкции. 
 (11)Родители относятся с уважением к техническим поискам сына. (12)На него не кричат, когда он приносит домой шурупы, гайки, обрезки жести. (13)Ему не говорят: (14)«3ачем мусору натаскал!». (15)Родители понимают: для него это не мусор. (16)Без этого он не сумеет мастерить машины. (17)Как знать, может быть, и создавать своё будущее! 
 (18)Не всякая семья может пойти навстречу желаниям и интересам ребёнка. (19)Родители великого английского ученого Фарадея отдали его в ученики к переплётчику потому, что не имели возможности дать ему образование по способностям, да и просто не могли понять, к чему стремится их сын. (20)Но когда высокообразованные и обеспеченные люди, какими были родители замечательных русских биологов Ковалевских, сделали всё, чтобы помешать детям заниматься естественными науками, они поступили так не потому, что не имели возможности дать им естественнонаучное образование, а потому, что считали: детям не пристало самим определять выбор своего пути. (21)Фарадею не в чем было упрекнуть своих родителей. (22)А вот Ковалевским, вероятно, было в чём своих родителей упрекнуть! 
 (23)Мы тревожимся, когда наши дети сдают экзамены. (24)Но ведь и нам  не следует забывать о трудном экзамене, который мы держим перед своими  детьми, помогая или не помогая им правильно определить свой путь, объясняя  или забывая объяснить, как в выборе этого пути сливаются ответственность  человека перед собой и перед обществом.  
 (25)Выбор пути начинается, когда ребёнок строит свою первую модель, Он рисует свой первый рисунок, впивается в одну книгу и отбрасывает другую,  когда он первый раз присматривается к тому, что делаете вы и как вы это делаете.  
 (2б)В записной книжке Чехова есть такие строки: (27)«Бездарный учёный,  тупица, прослужил 24 года, не сделав ничего хорошего, дав миру десятки таких же бездарных узких учёных, как он сам. (28)Тайно по ночам он переплетает книги - это его истинное призвание...». (29)Горечь этих строк вызвана не одной лишь судьбой человека, ошибившегося в выборе пути. (30)Не горше ли была для Чехова мысль о тех, перед кем этот мнимый учёный представал как деятель науки? (31)Безоговорочно и беспощадно решил Чехов эту тему в образе Серебрякова из пьесы «Дядя Ваня». (32)Чехов сказал о нём: (33)«...Старый сухарь, учёная вобла... ровно двадцать пять лет читает и пишет об искусстве, ровно ничего не понимая в искусстве». 
(34)Нередко человек, выбирая профессию «без любви», выбирает её и «по расчёту». (35)По расчёту в самом прямом смысле этого слова. (36)Люди, равнодушные к своему делу, часто оказываются отнюдь не равнодушными к «приданому», которое это дело может принести. 
 (37)Когда человек не любит свою профессию, за такой «брак без любви» расплачиваются не только он сам, но и его близкие. (38)Человек, берущийся не за свое дело, редко приносит людям пользу, и очень часто - вред. 
 (По С.Л. Львову*) 
 *Львов Сергей Львович (1922-1981) - прозаик, критик, публицист, автор многочисленных статей о советской и зарубежной литературе, произведений биографической и детской литературы. 
"
264,"Текст Львова С. 
 (1)Приобщение к искусству может происходить и в просторном, специально построенном здании, и в четырёх стенах, и под открытым небом. (2)Показывают ли зрителям очередную кинокартину, ведут ли занятия драматического кружка, самодеятельного хора или кружка по изобразительному искусству — во всём этом должен и может подолгу жить огонь творчества. (3)И тот, кто однажды приложит свои собственные усилия к одному из этих дел, со временем будет вознаграждён. 
 (4)Безусловно, искусство скорее и охотнее раскрывается тому, кто сам отдаёт ему силы, раздумья, время, внимание. 
 (5)Рано или поздно каждый может почувствовать, что он среди знакомых и друзей в неравном положении. (6)Их, например, интересует музыка или живопись, а для него они — книги за семью печатями. (7)Реакция на такое открытие возможна различная. 
 (8)Когда я стал студентом Института истории, философии и литературы, многое связало меня сразу с новыми товарищами. (9)Мы серьёзно занимались литературой, историей, языками. (10)Многие из нас пробовали писать сами. (11)Словно предчувствуя, каким недолгим будет наше студенчество, спешили успеть как можно больше. (12)Не только слушали лекции на своих курсах, но и ходили на лекции, читавшиеся старшекурсникам. (13)Успевали на семинары молодых прозаиков и критиков. (14)Старались не пропускать театральные премьеры и литературные вечера. (15)Как мы всё успевали, не знаю, но успевали. (16)Меня приняли в свою среду студенты, которые были на курс старше нашего. (17)Интереснейшая то была компания. (18)Я старался не отставать от неё, и мне это удавалось. (19)3а одним исключением. (20)Мои новые товарищи горячо интересовались музыкой. (21)У одного из нас была большая по тем временам редкость: радиола с устройством для переворачивания пластинок — долгоиграющих тогда ещё не было, — которая позволяла прослушать целую симфонию, концерт или оперу без перерывов. (22)И коллекция камерной, оперной и симфонической музыки. (23)Когда начиналась эта непременная часть нашего вечера, товарищи слушали и наслаждались, а я скучал, томился, мучился: музыки я не понимал, и радости она мне не доставляла. (24)Конечно, можно было притвориться, прикинуться, придать лицу подобающее выражение, проговорить вслед за всеми: «Прекрасно!» (25)Но притворяться, изображать чувства, которых не испытываешь, у нас было не в обычае. (26)Я забивался в угол и страдал, чувствуя себя выключенным из того, что так много значит для моих товарищей. 
 (27)Хорошо помню, как произошёл перелом. (28)Зимой 1940 года был объявлен авторский вечер тогда ещё молодого Д. Д. Шостаковича — первое исполнение его фортепианного квинтета. (29)Друзья взяли билет и мне. (30)Вручали его торжественно. (31)Я понял: то, что предстоит, — событие! (32)Не стану утверждать, что я в тот вечер сразу и навсегда излечился от невосприимчивости к музыке. (33)Но поворот — решительный и важный — произошёл. (34)Как я благодарен своим друзьям тех давних лет, что они не махнули рукой, не исключили из слушания музыки — а ведь и исключать не нужно было, при тогдашнем по-юношески ранимом самолюбии хватило бы иронической реплики, чтобы я почувствовал себя среди них, понимающих и знающих, лишним. (35)Этого не случилось. 
 (36)Прошло много лет. (37)Уже давно серьёзная музыка для меня — необходимость, потребность, счастье. (38)А ведь можно было — навсегда и непоправимо — разминуться с ней. (39)И обездолить себя. 
 (40)Этого не случилось. (41)Во-первых, я не встал в позу человека, который, не понимая чего-нибудь, говорит вслух или мысленно: «Ну и не надо!» (42)И потому, что не захотел притворяться, делая вид, что понимаю, когда ещё был очень далёк от этого. (43)А больше всего — благодаря моим друзьям. 
 (44)Им мало было наслаждаться самим. (45)Им хотелось и меня приобщить к своему пониманию, к своей радости. (46)И это им удалось! 
 (По С. Львову). 
"
265,"Текст Львова С. 
   Молодая замужняя женщина с высшим образованием. У её мужа тоже высшее образование. Живут в хорошей квартире. У них машина, немало интересных книг, телевизор и пр. Когда эта женщина из благополучной на первый взгляд семьи воспитывает детей, это слышно сквозь двери, окна, стены... На лестнице. Во дворе. В соседних квартирах. Не стесняясь окружающих, она вопит: «Заткнись, дрянь!» — младшей дочке. «Руки, ноги переломаю!» — старшей. «Идиотки» — обоим детям. Не выдержав, в соседней квартире начинает лаять собака, и, право, лай собаки звучит интеллигентнее этого крика. Самое печальное: дети уже привыкли. От них теперь не добиться послушания ни спокойными словами, ни воплем: «Убью!» Муж мирится с этой вакханалией крика. Впрочем, супруги друг на друга кричат тоже. Мне приходится иногда видеть эту молодую женщину в пароксизме крика — её лицо, обычно миловидное, становится страшной маской. Она стареет сразу на много лет. Не трудно догадаться, что будет дальше: в один непрекрасный день младшая или старшая дочь, а то и обе вместе ответят матери криком и бранью. Опасная цепная реакция... 
  Я убеждён: за нежеланием терпеть крик стоит чувство социально ценное — собственного достоинства. А что стоит за криком? Комплекс неполноценности? Вряд ли заведующая сберкассой и продавщица из продмага задумываются над тем, почему они кричат. Но люди видят: своим криком они прикрывают неумение работать, симулируют активную деятельность, которой нет. 
 Бесконечно опасен крик в педагогике. В одном газетном очерке с восторгом описывался знаменитый тренер, работающий с детьми и подростками. Автор писал, что сей мастер своего дела бывает несдержан и грубоват. Говорилось об этих качествах его натуры как о гранях самобытного таланта. 
 Если педагог не обходится без крика, значит это плохой педагог. Мой собственный педагогический опыт говорит мне об этом. Однажды я не смог совладать с большой незнакомой аудиторией, которой читал хорошо подготовленную лекцию,– зал шумел. Я повысил голос. На мгновение стало чуть тише. Потом снова шум. Я заговорил ещё громче. Опять минута относительного внимания, и снова шум. Я заговорил уже не «форте» – «фортиссимо». Тот же результат! Мои голосовые возможности были исчерпаны, а тишины и внимания я так и не добился.  
 Став опытнее, я узнал: если класс, студенческая или иная аудитория шумит, надо говорить не громче, а, наоборот, тише. В зале возникнут островки внимания. Те, кому интересно узнать, а что всё-таки там говорят? – сами заставят замолчать соседей. Внимание разольётся по залу. Мне часто приходилось выступать в школах. Я почти всегда знал наперёд, каким окажется общение с юной аудиторией – раскованным, радостным, творческим или напряжёнными тягостным. Важнейший признак – звучат ли в вестибюле и коридорах громкие окрики педагогов, или все пожелания, замечания, требования высказываются спокойными голосами. Школа, где по ушам бьёт крик, как правило, плохая школа... 
 Крик – маска профессиональной некомпетентности! Отсталости. Понимать это очень важно. Бороться с тем, чем порождено это явление, ещё важнее. 
 (С. Львов) 
  Блок ссылок на примеры сочинений  
 Примеры сочинений 
 
"
266,"Текст Мамина-Сибиряка Д. 
 (1)...Его звали Костей. (2) Я не помню, чтобы этот мой первый друг хотя бы когда-нибудь рассердился, – он вечно был весел и всегда улыбался. (3) Милый Костя! (4) Его давно нет на свете, и я вспоминаю о нём с особенной любовью, как о родном и таком близком человеке, которого не можешь отделить от самого себя.  
 (5) В детской дружбе заложена какая-то таинственная сила, которая проходит через всю остальную жизнь. (6) Те, кого мы любили в детстве, служат точно путеводными маяками для остального жизненного пути. (7) Моя встреча с Костей окрасила не только мое детство, но и юность дорогими впечатлениями и первым дорогим опытом. (8) С ним вместе мы начали самостоятельную жизнь… (9) Вместе с Костей же явилась и новая книга.  
 (10) – У меня отец всё романы читает, – рассказывал Костя, коверкая ударение. – (11) И чем страшнее, тем лучше для него. (12) Хочешь, почитаем вместе? (13) Есть «Черный ящик», «Таинственный монах», «Шапка юродивого, или Трилиственник». 
 (14) Я, конечно, согласился с величайшим удовольствием.  
 (15) Отец Кости имел привычку перечитывать свои любимые ""романы"" по нескольку раз, и книги имели очень подержанный вид, а некоторые листы были точно изжеваны теленком...    
 (16) – Люблю почитать романы, – говорил отец Кости. – (17) Только я по-своему читаю... (18) Меня, брат, никакой сочинитель не проведет. (19) Я сперва прочитаю конец романа, если все благополучно кончилось, ну, тогда я уж с начала за него примусь. (20) Учен я довольно... (21) Прежде, бывало, читаешь-читаешь, а до конца дочитал, – глядь, либо кого убили, либо кто умер. (22) Нет, покорно благодарю!.. (23) Я и без сочинителя знаю отлично, что все мы помрем. (24) Мало ли горя кругом, а тут ещё в книге его вычитывай...  
 (25) Его звали Романом Родионычем. (26) Это был человек маленького роста, с большой кудрявой головой. (27) Он тоже вечно улыбался, как и Костя, – это была фамильная черта. (28) Роман Родионыч был заводским служащим и занимал должность запасчика, то есть заведовал амбарами с хлебом, овсом и разными другими материалами, как сальные свечи, веревки, кожи и проч. (29) Наш завод хотя и был небольшой, но служащих было достаточно. (30) Они все были из крепостных и образование получили в заводской школе. (31) Дальнейшее образование шло «своим умом» и почерпалось главным образом из случайно попадавшихся под руки книг.  
 (32) Мы сейчас слишком привыкли к книге, чтобы хотя приблизительно оценить ту громадную силу, которую она представляет. (33) Важнее всего то, что эта сила, в форме странствующей книги в коробке офени, сама приходила уже в то далекое время к читателю и, мало того, приводила за собой другие книги... (34) Я сравнил бы эти странствующие книги с перелётными птицами, которые приносят с собой духовную весну. (35) Можно подумать, что какая-то невидимая рука какого-то невидимого гения разносила эти книги по необъятному простору Руси, неустанно сея «разумное, доброе, вечное». (36) Да, сейчас легко устроить домашнюю библиотеку из лучших авторов, особенно благодаря иллюстрированным изданиям; но книга пробивала себе дорогу в самую глухую пору, в доброе старое время ассигнаций, сальных свечей и всякого движения родным «гужом"". (37) Здесь нельзя не помянуть добрым словом старинного офеню-книгоношу, который, как вода, проникал в каждую скважину. (38) Для нас, детей, его появление в доме являлось настоящим праздником. (39) Он же руководил и выбором книг и давал, в случае нужды, необходимые объяснения. 
 (40) Один из таких офеней лично мне невольно доставил большое огорчение. (41) Как все дети, я очень любил рисовать, а у него в коробе среди других сокровищ оказался атлас для самообучения рисованию. (42) Вся беда была в том, что он стоил целых два рубля, – сумма, по тогдашнему счету и по нашему бюджету, громадная… 
 (43)– Нет, не могу, – заявил отец. – (44) Если рубль, то еще можно, а двух рублей нет.  
(45) Я отлично понимал, что значит слово «нет», и не настаивал. (46) Так атлас и ушёл в коробе офени к другому, более счастливому покупателю, а мне его жаль даже сейчас. (47) Уж очень хотелось учиться рисовать, а учиться было не по чему. 
  (По Д. Мамину-Сибиряку*) 
 *Д. Мамин-Сибиряк (1852 – 1912) – русский прозаик и драматург. 
"
267,"Текст Мамина-Сибиряка Д. 
 (1)На меня самое сильное впечатление производят сны, в которых поднимается далёкое детство и в неясном тумане встают уже не существующие лица, тем более дорогие, как всё безвозвратно утраченное. (2)Я долго не могу проснуться от такого сна и долго вижу живыми тех, кто давно уже в могиле. (3)И какие всё милые, дорогие лица! (4)Кажется, чего бы не дал, чтобы хоть издали взглянуть на них, услышать знакомый голос, пожать их руки и ещё раз вернуться к далёкому-далёкому прошлому. (5)Мне начинает казаться, что эти молчаливые тени чего-то требуют от меня. (6)Ведь я стольким обязан этим бесконечно дорогим для меня людям... 
 (7)Но в радужной перспективе детских воспоминаний живыми являются не одни люди, а и те неодушевлённые предметы, которые так или иначе были связаны с маленькой жизнью начинающего маленького человека. (8)И сейчас я думаю о них, снова переживая впечатления и ощущения детства.
(9)В этих немых участниках детской жизни на первом плане всегда, конечно, стоит детская книжка с картинками... (10)И это была та живая нить, которая выводила из детской комнаты и соединяла с остальным миром. (11)Для меня до сих пор каждая детская книжка является чем-то живым, поскольку она пробуждает детскую душу, направляет детские мысли по определённому руслу и заставляет биться детское сердце вместе с миллионами других детских сердец. (12)Детская книга - весенний солнечный луч, который заставляет пробуждаться дремлющие силы детской души и вызывает рост брошенных на эту благодарную почву семян. (13)Дети, благодаря этой книжке, сливаются в одну громадную духовную семью, которая не знает этнографических и географических границ. 
 (14)3десь мне придётся сделать небольшое отступление именно по поводу современных детей, у которых приходится сплошь и рядом наблюдать полное неуважение к книге. (15)Растрёпанные переплёты, следы грязных пальцев, загнутые углы листов, всевозможные каракули на полях -одним словом, в результате получается книга-калека. 
 (16)Трудно понять причины всего этого, и можно допустить только одно объяснение: нынче выходит слишком много книг, они значительно дешевле и как будто потеряли настоящую цену среди других предметов домашнего обихода. (17)У нашего поколения, которое помнит дорогую книгу, сохранилось особенное уважение к ней как к предмету высшего духовного порядка, несущего в себе яркую печать таланта и святого труда. 
 (По Д. Мамину-Сибиряку) 
 Сведения об авторе: 
 Мамин-Сибиряк Дмитрий Наркисович (1852-1912) - писатель-этнограф, в своих произведениях изображал жизнь Урала и Сибири 2-й половины XIX века, автор рассказов и сказок для детей. 
 Информация о тексте 
 
"
268,"Текст Мамина-Сибиряка Д. 
 (1)Домой я приезжал только летом, на каникулы, и почти всё время проводил в горах. (2)Теперь мы с Костей уже без руководительства Николая Матвеича бродили по горам и отлично знали все горные тропы. (3)Но всё-таки по старой привычке мы любили поохотиться со стариком, который в лесу был совсем другим человеком, вернее сказать, самим собой он делался только в лесу. 
 (4)Самое главное, что привлекало нас в нём, было необыкновенно развитое чувство природы. (5)Такое чувство есть, и, к сожалению, им владеют очень немногие. (б)Николай Матвеич и по лесу ходил не так, как другие. (7)Сейчас он идёт рядом с вами, вы слышите его шаги, а потом точно сквозь землю провалится. (8)Это была привычка «скрадывать», то есть идти на всякий случай под прикрытием. 
 (9)По дороге старик всегда приводил в порядок буйную горную растительность: тут суха-рина (сухое дерево) пала и придавила молодую поросль, там снегом искривило, там скотина подломала. (10)Надо помочь молодым расти, а то зря погибнут. (11)У старика были тысячи знакомых молодых деревьев, которым он спас тем или другим образом жизнь. (12)Он заходил навестить их, как своих воспитанников, и торжествующе любовался. 
 — (13)Ведь погибла бы, — говорил он, указывая на какую-нибудь молоденькую рябинку. 
 — (14)Снег выпал ранний, мокрый, ну и пригнул её головой до самой земли, а я стряхнул снег — вот она и красуется. 
 
 (21)Ещё больше внимания оказывал Николай Матвеич всякой лесной живности, которая у него была на счету. (22)Он наперечёт знал на своей Осиновой все гнёзда тетеревов, глухарей и рябчиков, тетеревиные и глухариные тока, все привычки и повадку каждой птицы. 
 — (23)3ря бьют птицу, — возмущался он, — выбивают птиц до Петрова дня, цыплята остаются маленькими, ну, ястреба да лисы их и переедят. (24)Убей птицу — всё гнездо пропало. 
 (25)Божья птичка, у неё на всё свой порядок. (26)Как она весной-то радуется, как гнёздышко вьёт, как деток вываживает — одна красота!.. (27)Только вот не скажет, что и она жить хочет. (28)Не троньте, мол, меня, не губите напрасно... 
 (29)Жизнь природы в совокупности всех её проявлений в глазах Николая Матвеича была проникнута неиссякаемой красотой. (30)И любой камень, и каждая травка, и маленький горный ключик, и каждое дерево — всё красиво по-своему. (31)Какими красивыми лишайниками точно обтянуты камни в горах! (32)А мхи, папоротники, цветы — что может быть красивее? (ЗЗ)Перемены погоды по временам года нехороши только в селении, а в лесу всё и хорошо, и красиво, и полезно. (34)И дождь, и снег, и солнце, и ветер, и холод — всё выполняет свою указанную работу. (Зб)Осенние ночи и осенние ливни нехороши только в селениях, а в лесу и в них есть своя прелесть и своя глубокая поэзия. 
 (36)Но больше всего Николай Матвеич любил суровую северную зиму, когда вся природа засыпала в красиво-торжественном покое. (37)Кажется, всё замерло, погибло, исчезло, а между тем где-то там, под саженным слоем снега, таится и теплится жизнь, которая проснётся с первым весенним лучом солнца. 
 (38)Горная текучая вода, разносившая кругом жизнь и движение, приводила Николая Матвеича в какое-то сладостное умиление. 
 — (39) Это уже вековечная работница, — объяснил он. — (40)Она и палый осенний лист стащит, и корешки у травки обмоет, и песок снесёт вниз, и зёрнышки рассадит... (41)Ведь и травка ходит: то вода снесёт, то ветром перекинет зёрнышко. 
 (42)Сидя по вечерам у огонька, о чём мы только не переговорили. (43)Николай Матвеич рассказывал мастерски, как никто, и всё, что он ни говорил, было передумано и перечувствовано. (44)Каждое слово являлось полновесным зерном, как у всех серьёзных и вдумчивых людей, которые умеют найти глубокий смысл в самом обыденном явлении и открыть его там, где другие ничего не видят. (45)Это особый дар, дар избранников... 
 (По Д. Н. Мамину Сибиряку*) 
 * Дмитрий Наркисович Мамин-Сибиряк (настоящая фамилия Мамин) (1852-1912) — русский писатель-прозаик и драматург.  
 
"
269,"Текст Мамина-Сибиряка Д. 
 (1)Малиновые горы — один из лучших уголков среднего Урала. (2)Нынешнее название они получили благодаря тому, что по увалам и россыпям растёт в особенном изобилии малина. (3)И какая малина — сравнить нельзя с лесной. (4)Правда, она мельче лесной, но, вызревая на солнце, эта горная малина приобретает особенный вкус. 
 (5)С Малиновых гор открывается единственный в своём роде вид. (6)Одних горных озёр можно насчитать до сотни, что придаёт картине совершенно особенный характер, точно горами прикрыто какое-то подземное море. (7)Горные озёра отличаются своей глубиной, красиво разорванной береговой линией, массой островов, прозрачной водой и тем, наконец, что почти все они соединены между собой протоками и составляют один громадный резервуар, из которого берут воду уходящие в степь реки. (8)Степные озёра, наоборот, имеют в большинстве случаев овальную форму, они мелки, вода в них буроватая, между собой они не соединены и никаких истоков не дают, за очень редкими исключениями. (9)Вообще цепь горных озёр составляет главную красоту восточного склона Урала, являясь в то же время неистощимым запасом живой силы. 
 (10)Никто не знал так Малиновых гор, как старый Сохач. (11)Для него они были чем-то живым. (12)Перед ненастьем горы задумывались, к ветру по вечерам они окрашивались розовым отблеском, зимой одевались в белую пушистую шубу, а весной покрывались пёстрым зелёным нарядом. (13)Сохач верил, что горы разговаривают между собой, и он сам слышал глухой гул от этих разговоров, особенно когда прокатится буйная молодая гроза, вся радостная, сверкающая, полная таинственной силы. (14)А после такой грозы, когда выглянет солнце, разве горы не улыбались? (15)Всё жило кругом удесятерённой жизнью и притягивало к себе жизнь, и всё было неразрывно связано между собой. (16)А весна? (17)Разве это не молодость, безумно тратившая избыток сил направо и налево? (18)Разве эта молодость не жила тысячами голосов, весёлой суматохой и торопливой погоней за своим молодым счастьем? (19)И вода была живая, и лес, и каждая былинка, и каждая капля дождя, и каждый солнечный луч, и каждое дыхание ветерка... (20)Везде творилась какая-то громадная и чудная тайна, везде вершилась какая-то великая правда жизни, и везде было непрерывавшееся чудо, окрылённое облаками, глядевшее тысячами глаз-звёзд, переливавшееся мерцанием летних зарниц, напоённое изумительным ароматом горных цветов. (21)Разве травы не шептались между собой? (22) Разве вода не разговаривала бесконечной волной? (23) Разве по ночам не засыпало всё: и горы, и вода, и лес? (24) Сохач просиживал у своей избушки весенние ночи напролёт, слушал, смотрел и плакал от умиления, охваченный восторженным чувством. (25)Если бы другие могли понимать, как всё хорошо, как всё справедливо и как человек мал и ничтожен пред окружающим его со всех сторон величием жизни! (26)Он мог только чувствовать и не умел рассказать. 
"
270,"Текст Маслова И. 
 (1)Нынешние подростки, рождённые в начале девяностых годов XX века,- первое поколение, выросшее в «обществе потребления». (2)У большинства из них, несмотря на юный возраст, уже существует личностная установка, соответствующая слогану: «Бери от жизни всё». (3)Всё взять, всё иметь, всё успеть. (4)Десяти-пятнадцатилетние активны, но не умеют делать что-либо просто так. (5)По велению души. (6)Они во многом хитрее и практичнее взрослых и искренне убеждены, что взрослые существуют лишь для удовлетворения их потребностей. (7)Всё возрастающих. (8)Дети хотят быстрее вырасти. (9)Почему спешат? (Ю)Чтоб свободно распоряжаться деньгами. (11)Как заработать, пока не знают, не задумываются. 
 (12)Сейчас воспитывают сверстники, телевидение, улица. (13)Российские психологи считают, что самая большая проблема заключается в том, что и сами взрослые нацелены на потребление. (14)Однако не всё так плохо. (15)В целом молодёжь очень разношёрстная, а болезненные перекосы имеют объективную основу: свойственные подростковому возрасту кризисы совпали с кризисом ценностных ориентации в стране. 
 (16)У современной молодёжи немало и положительных ориентации. (17)Она жаждет учиться, делать карьеру и для этого готова много работать, тогда как юноши и девушки эпохи застоя ждали, что им всё даст государство. 
 (18)Тенденция к самореализации - знаковое направление для сегодняшнего юного поколения. (19)А повышенное внимание подростков к определённым товарам, стилю жизни было и будет, так как это входит в круг ценностей, которыми надо обладать, чтобы вписаться в среду сверстников. (20)Надо быть как все. 
 (21)Что же наиболее значимо в жизни, по мнению самих подростков? (22)На первом месте у них - хорошая работа, карьера и образование. (23)Подростки осознают: чтобы в будущем хорошо жить, надо приложить к этому собственные усилия. (24)Многие старшеклассники хотят получить высшее образование, и в рейтинге профессий нет ни бандитов, ни киллеров, что наблюдалось ещё десять лет назад. (25)Для достижения своих целей они готовы отложить женитьбу или замужество до того времени, когда реализуют себя как специалисты и, соответственно, станут хорошо зарабатывать. 
 (26)Нынешние подростки не лучше и не хуже своих предшественников. (27)Просто они другие. 
 (По И. Маслову) 
 Сведения об авторе: 
 Маслов Илья Александрович (1935-2008) - поэт, прозаик, публицист, автор книг, посвящённых истории. 
 Основные проблемы: 
 1. Проблема определения жизненных приоритетов (Что влияет на выбор жизненных установок современных подростков? Каковы их жизненные приоритеты?) 
 2. Проблема влияния эпохи на формирование нравственных ориентиров и основных жизненных установок молодого поколения (Как влияет характер эпохи на формирование отношения к жизни и нравственных ценностей молодёжи?) 
 3. Проблема сравнения современных подростков и подростков прошлых времён (Стали ли современные подростки хуже?) 
 Позиция автора по выделенным проблемам: 
 1. На выбор подростками своих жизненных приоритетов сегодня влияют целевые установки общества; большое влияние оказывает телевидение, круг общения; на первом месте у юного поколения - хорошая работа, карьера и образование.  
 2. Современные подростки отличаются от своих сверстников, сформировавшихся в эпоху застоя, практичностью, определённостью жизненных установок; одни убеждены, что взрослые должны удовлетворять их потребности; другие не ждут, что им всё даст государство, а стремятся к самореализации.  
 3. Современные подростки не хуже и не лучше, они живут в другое время, в другом обществе и отличаются от своих сверстников прошлых времён и ярко выраженным стремлением к самореализации, и стремлением к удовлетворению своих всё возрастающих потребностей. 
"
271,"Текст Масс А. 
 (1)Машина ехала с включёнными фарами. (2)В столбах света танцевали снежинки. (3)Дворники, скрипя, ползали вправо-влево, расчищая ветровое стекло. (4)Людмила Михайловна и Игорь Алексеевич о чём-то негромко разговаривали, потом кто-то из них включил радио, и диктор стал читать последние известия. (5)В машине было темно, только светились стрелки и точки на панели управления. (6)Мне казалось, что всё это происходит не со мной, что я об этом уже читала. 
 (7)Но именно я сижу в машине, и Юркина рука лежит на моей руке, а я боюсь повернуть голову и взглянуть на него, потому что чудо, которое происходит со мной в эти минуты, может нарушиться. 
 (8)Неожиданно машина резко затормозила, и нас с Юркой прижало к спинке переднего сиденья, а потом откинуло назад. 
 (9) - Ненормальная! - испуганно вскрикнула Людмила Михайловна. (10)Фары осветили женщину с большим узлом, который она обхватила обеими руками. 
 (11)Людмила Михайловна опустила боковое стекло: 
 (12) - Да вы что? (13)А если бы я не успела затормозить? 
 (14)В наступившей тишине резко заскрипел снег под ногами женщины. (15)Она наклонилась к окну. 
 (16) - Довезите до города, - попросила она, тяжело дыша. -(17)Срочно нужно... 
 (18) - Куда же я вас посажу? - удивилась Людмила Михайловна. -(19)У нас полная машина. 
 (20)Она торопливыми движениями подняла стекло и тронула с места. (21)Женщина поплыла назад, и фигура её слилась с темнотой просёлка. (22)Но в тот момент, когда она ещё не скрылась в темноте, я успела разглядеть, что у неё в руках не узел, а ребёнок, завёрнутый в ватное одеяло. 
 (23) - Прямо под колёса лезет! - заново переживая происшествие, сказала Людмила Михайловна. - (24)Ужас, как я испугалась! 
 (25) - У неё ребёнок! - сказала я. 
 (26) - Разве?.. - не сразу отозвалась Людмила Михайловна. - (27)Ах, как неловко... (28)Да теперь уж далеко отъехали. 
 (29) - Может, вернёмся всё-таки? - сказал Игорь Алексеевич. 
 (30) - Смысла нет. (31)В театр опоздаем. 
 (32) - А вдруг нужно в больницу? 
 (33) - А вдруг, а вдруг! - резко возразила Людмила Михайловна. -(34)А вдруг этот ребёнок заразный? (35)У нас тоже, между прочим, дети. (36)И я отвечаю за Алёнку и Юру. 
 (37)   -  Всё   равно,   нельзя   так,  -  с   осуждением   сказал   Игорь Алексеевич. 
 (38)  - Ну, не сработало, виновата, - легко согласилась Людмила Михайловна. (39) - Да тут всего метров двести до шоссе. (40)И автобусная остановка   рядом.   (41)Да   подберёт   их   кто-нибудь.   (42)У   нас   же действительно машина полная. 
 (43)Мы выехали на шоссе и понеслись по расчищенному и уже снова заметённому снегом асфальту. (44)Я никак не могла осознать того, что произошло. (45)Мне казалось, что я просто чего-то не поняла, что такого не может быть. (46)Я молчала и ненавидела себя за это молчание. (47)Я ненавидела себя даже больше, чем Людмилу Михайловну. (48)У меня было чувство, как будто я - та женщина. (49)Я стою в темноте, на морозе, снег засыпает моего больного ребёнка, а мимо, не останавливаясь, проносятся довольные собой люди в комфортабельных машинах.   
 (По А. Масс) 
"
272,"Текст Матрос Л. 
 (1)Недавно в средствах массовой информации развернулась дискуссия о том, какое именно образование нужно обществу. (2)Одни утверждали, что образование должно быть подчинено прагматичным целям, потому что требует огромных материальных затрат. (3)Другие (в числе которых и автор данной статьи) настаивали на том, что образование всегда социально рентабельно и чем больше в обществе образованных людей, тем выше его интеллектуальный и культурный потенциал. 
 (4)В развитых западных странах образование доступно всем при наличии соответствующего желания, средств и стараний. (5)Однако свобода в получении образования имеет и другую сторону. (6)Это относится и к школам, и к высшим учебным заведениям. (7)Статистика свидетельствует, что выпускники не только государственных, но и частных школ далеко не всегда являются носителями высокой культуры, людьми высоких нравственных критериев. 
 (8)Принято считать, что человек с университетским дипломом олицетворяет не только профессионализм, но и высокий уровень культуры. (9)Но какой уровень культуры может олицетворять выпускница университета, которая на вопрос профессора о роли языка в её жизни ответила: «Чтобы на тусовке сказать молодым людям что-нибудь эдакое»?.. 
 (10)То же самое можно сказать о других средствах воздействия на сознание, поведение людей, особенно молодёжи. (11)Я имею в виду средства массовой информации, литературу, телевидение, кино. 
 (12)Позволю себе небольшое отступление, обратившись к русской классике. (13)Лев Толстой — это писатель, которого я читаю, можно сказать, всю жизнь, без перерыва. (14)Но что-то заставляет меня вновь и вновь перечитывать, переосмысливая заново то, с чего начинается роман: «Все счастливые семьи похожи друг на друга, каждая несчастливая семья несчастлива по-своему». (15)И в этой ставшей афоризмом и сохранённой в памяти с юных лет фразе мне явилось обобщение, чрезвычайно актуальное в наши дни. (16)Действительно, почему все счастливые семьи похожи друг на друга, а несчастливые несчастливы каждая по-своему? (17)Да потому, что так уж мы организовали свою жизнь, что в негативном, во зле мы более изобретательны, чем в позитивном. (18)И так называемое счастье превращаем в рутину, а во имя зла «творчески» преуспеваем. (19)И потому зло становится более привлекательным. (20)И может, потому и стоим в очередях, чтобы посмотреть очередной фильм про изощрения всяких монстров, вампиров, гангстеров, без душевных потрясений глядя на жестокость. 
 (21)И это всё обязывает нас посмотреть на себя, переосмыслить наш образ жизни, отношение друг другу и к самому себе не только внутренне, но и внешне. (22)И тогда, я думаю, мы поймём, что нужно вспомнить и те времена, когда мы не позволяли себе и дома ходить так, как теперь выходим на улицу, когда вместо элегантного костюма мы надеваем футболки, когда вместо красивых туфель на нас надеты шлёпки. (23)И уже на улице, в гостях, в ресторане, даже в театре, на концерте редко встретишь элегантно одетых людей. (24)И если раньше всегда стремились быть не хуже других в одежде, то сейчас каждый боится оказаться элегантней других. (25)И мы не задумываемся, что это тоже снижает планку нашей культуры, требований к самому себе, самоуважения и уважения к окружающим. (26)Думаю, не ошибусь, если скажу, что с элегантно одетой, подтянутой девушкой мы разговариваем по-иному и ведём себя по-иному. (27)И ненормативная лексика с футболкой и шлёпками больше сочетается, чем с элегантной блузкой и туфлями. 
 (28)Критерием качества каждого человека и общества может послужить афоризм великого классика А. Чехова, который утверждал: «В человеке всё должно быть прекрасно: и лицо, и одежда, и душа, и мысли». (29)Так давайте же спасать прекрасное — красоту наших лиц, одежды, души, мыслей. 
 (По Л. Г. Матрос*) 
 * Лариса Григорьевна Матрос — юрист по профессии, доктор философии, писатель, литературный критик. 
"
273,"Текст Матрос Л. 
 (1)Натка вышла из дома и направилась вдоль улицы. (2)Вопреки ясной, солнечной погоде на душе было мрачно и тягостно. (3)Сегодня мама купит ей платье, даже мысль о котором отравляет предпраздничное настроение. (4)Мама купила бы это платье ещё вчера вечером, когда они завершали «последний», как она сказала, тяжкий поход по магазинам. (5)Но их отказались обслужить, так как время работы торгового центра истекло и все кассы были закрыты. (6)Это было простое шёлковое белое платье, совершенно не соответствующее мечте Натки о наряде на выпускном балу, который состоится через два дня. (7)Она сама точно не знала, какое именно хочет. (8)Но знала точно, что не хочет такое платье, на котором настояла мама. 
 (9)Натка вообще уже потеряла надежду на то, чтобы найти общий язык с мамой, которая с каждым днём становилась всё более агрессивной по отношению к ней. (10)Казалось, что мама только и ждёт чего-то плохого от неё, опасается плохих новостей о внедомашней и внешкольной жизни дочери, которая всё более замыкалась. (11)Но Натка знала себя. (12)Она знала, что заложенное именно мамой сидит в ней так прочно, что она никогда не сможет переступить черту, за которой то, на что падки некоторые её ровесники... (13)Натка знала, что никогда не позволит себе опустить планку требований к себе, не предаст своего идеала самой себя, стремление к которому ей внушала мама с самого раннего детства. (14)Но, как бы назло самой себе, Натка свою внутреннюю «правильность» тщательно прятала за внешней бравадой, выраженной в манере разговаривать (неподобающей «приличной девушке», со слов мамы), в одежде. (15)«Словечки», мини-юбки, бикини и тому подобное пугали маму, приводили в шок, заставляли вырабатывать методы борьбы с помощью всё увеличивающейся шкалы запретов. (16)Это влекло противоположный эффект, и дочь придумывала всё более изощрённые (нередко успешные) способы противостояния. (17)Но подготовка к выпускному завершилась полным поражением Натки, олицетворённым в этом отвратительном платье, на котором настаивала мама тоном, не допускающим возражений. 
 (18)В самом мрачном настроении Натка брела по городу куда глаза глядят. 
 (19)На одной из улиц, где, как ей показалось, она вообще не бывала, её внимание привлекла витрина маленького (судя по всему, совсем нового) магазинчика. 
 (20)Девушка из праздного любопытства отворила дверь, и перед ней предстало платье, которое просто приворожило её. (21)Светло-пепельного цвета, составленное из нескольких слоёв мягкого шифона. (22)Платье было без рукавов и даже без лямочек. (23)От драпировки у груди шифон спадал каскадом воланов разной ширины, которые, как воздушная спираль, обволакивали фигуру манекена. 
 (24)Натка не могла не примерить это чудо и, глянув в зеркало, не узнала себя. 
 (25)Её фигура стала какой-то отточенной, с более длинной шеей и более округлыми плечами. (26)Платье было словно специально подогнано к натуральным цветам её внешности: пепельным волосам, персиковой коже и светло-карим глазам. 
 (27)«Цена платья превышает вдвое стоимость того, что выбрала и уже наверняка купила мама в обеденный перерыв, — размышляла девушка, с грустью возвращая платье на место. — (28)Но здесь дело не только в цене. (29)Попадись это платье на глаза маме ранее даже при сходной цене, она бы всё равно не купила его, так как оно выходит за рамки её представления о платье, которое подобает носить “скромной девушке”». 
 (30)Уже поздним вечером Натка зашла к старшей подруге (первокурснице университета) Оле и за чаепитием поделилась с ней своим настроением.  
 (31)Семья подруги относилась к числу весьма зажиточных. (32)Оля предложила Натке взаймы деньги на неопределённый срок на полюбившееся платье.  
 (33)Девушка возвращалась домой с мечтой о том, как завтра побежит прямо к открытию магазинчика за платьем-мечтой. 
 (34)Натка осторожно повернула ключ входной двери, поскольку мама уже должна спать, как обычно в это время. (35)Девушка была рада тому, что так оно и оказалось и ей не нужно объясняться с мамой. (36)Она тихо прошмыгнула в свою комнату и нашла выключатель. (37)Когда вспыхнул свет, перед её глазами предстало разложенное посреди кровати то самое платье, которое она мерила в новом магазинчике несколько часов назад. 
 (По Л. Матрос*) 
 * Лариса Григорьевна Матрос (род. в 1961 г.) — юрист по профессии, доктор философии, писатель, литературный критик. 
"
274,"Текст Матрос Л. 
 (1)Он был всем в её жизни, её сын. 
 (2)Она ждала его долго. (3)Больше года с момента замужества лечилась, ходила на процедуры. (4)Лечащий врач ничего не гарантировал, но всё же внушал оптимизм насчёт перспектив. (5)Она не просто хотела ребенка, она хотела сына, чтобы назвать его именем безвременно ушедшего, горячо любимого отца. 
 (6)Кому-то из литераторов принадлежат слова: (7)«Каждый месяц природа напоминает женщине о том, что она может стать матерью». (8)Около двух лет она с трепетом ждала «удостоверения» природы о том, что она не из числа тех исключений, которым не дано счастья стать матерью. (9)А ныне... шла к врачу, готовая с полным равнодушием услышать то, что ещё недавно доставляло ей неописуемые страдания. (10)Но врач, который усердно помогал ей, радостно сообщил об успехе их стараний. 
 (11)По всем внешним признакам ей предсказывали дочь, но она упорно твердила, что у неё родится сын. (12)И он родился! (13)Крепким, здоровым и красивым! (14)С самого первого прикосновенья его влажных, тёплых губ к её груди она восприняла сына как чудо, явившееся, чтобы стать ей опорой всегда и во всём. (15)Данное ему имя - Виктор - стало не только символом памяти об отце, но и знаком её побед за счастье сына. 
 (16) С первых лет она растила его как «маленького принца» - с изысканными манерами, почтительным отношением к старшим и представителям прекрасного пола. (17)Ради сына она изощрялась, как могла, чтобы совладать с тираническими и плейбойскими замашками мужа и сохранить семью, дабы не обрекать ребёнка на зависть к тем детям, которые живут в полных семьях. (18)Компромиссы, уступки помогали внешне создавать в доме атмосферу покоя, что позволяло отнести их семью к категории вполне благополучных. 
 (19)Она знала, что привлекает внимание мужчин, однако никто не мог вызвать у неё интереса, так как все её помыслы и лучшие чувства принадлежали   сыну. (20)Сын учился в той же школе, где она работала все годы сразу после окончания университета, однако никто не мог упрекнуть её в «семейственности», поскольку Виктор рос настолько ярким, талантливым и усердным, что никому в голову не пришло бы заподозрить её в использовании для успехов сына   своего статуса учительницы. (21 Единственная корысть состояла в том, что мальчик всегда был у неё на глазах, и она знала о нем всё, что позволяло ей высвечивать, обозначать особым смыслом его победы и подставлять плечо при радостях и неудачах. 
 (22)Дружба и привязанность между сыном и матерью вызывали удивление и даже зависть у многих. (23)Они всё обсуждали вместе, часто гуляли вдвоём, делились впечатлениями об увиденном и прочитанном, о головокружительных возможностях, связанных с развитием биологии, о его друзьях и отношениях с ними и даже о его влюблённостях. (24)Мать была его лучшим другом, и потому он всегда чувствовал себя защищённым, уверенным в себе, преисполненным чувства собственного достоинства и дружелюбия к окружающим. 
 (24)«Может, и правильно, что не пошла в науку, отказалась от аспирантуры после университета, - иногда рассуждала она молча, - я чувствую неисчерпаемые возможности свои именно в качестве педагога. (25)У меня именно педагогический талант, данный мне от бога, и мои ученики, и прежде всего мой сын тому подтверждение!» 
 (По Л. Г. Матрос*) 
 *Лариса Григорьевна Матрос - юрист по профессии, доктор философии, писатель, литературный критик. 
"
275,"Текст Мельникова А. 
 (1)«Интересно, что у него в голове?» (2)Скоро на подобный риторический вопрос можно будет получить довольно точный ответ. (3)Современные методы исследования позволяют всё более детально разбираться в том, что именно происходит в нашем мозгу, и нередко ставят исследователей в тупик. 
 (4)Учёные Гарвардского университета провели оригинальный эксперимент. (5)Студентам художественных колледжей показали портреты двух неизвестных и рассказали, что один из них интеллектуал и либерал, близкий участникам эксперимента по духу и политическим взглядам, другой – религиозный человек консервативных убеждений. (6)Затем студентов стали спрашивать, как они сами и эти двое неизвестных могли бы повести себя в той или иной ситуации. (7)Магнитно-резонансный томограф фиксировал, что происходило в мозгу участников исследования. 
 (8)Выяснилось следующее: когда студенты говорили о cе6e и о том из незнакомцев, которого считали похожим на себя, активизировалась одна и та же область мозга. (9)Но когда они размышляли о поступках человека, который казался им чужим, подключалась совсем другая часть мозга. (10)Психологи сделали заключение: мы не можем беспристрастно взглянуть на «чужого» – на того, кто на нас не похож.  
 (11)Подобный же эксперимент провели американские ученые во время одной из предвыборных кампаний. (12)Участникам исследования (в группе было поровну республиканцев и демократов) предложили оценить явно противоречивые высказывания двух кандидатов от разных партий. (13)Как и следовало ожидать, республиканцы подвергли беспощадной критике кандидата-демократа, а демократы – претендента на президентский пост от республиканской партии. (14)Но те и другие были равно снисходительны к ошибкам «своего» кандидата. (15)При этом сканирование показало, что мозг искал не истины, а психологического комфорта, пытаясь уйти от негативных эмоций и найти положительные. 
(16)Двойные стандарты и предвзятые оценки характерны не только для членов политических партий. (17)Мы делим окружающих на «своих» и «чужих»: на новичков и старослужащих, на местных и приезжих, бедных и богатых. (18)Мы необъективны к тем, кого считаем чужими, даже на физиологическом уровне. (19)Как избежать пристрастности? (20)Как научиться быть доброжелательным и терпимым? (21)Как обуздать свою необъективность? (22)На все эти вопросы наука ответа пока не дает. (23)Ответ нужно искать нам самим. 
 (По А. Мельникову) 
"
276,"Текст Мизерова С. 
 (1)Чаще всего человек ищет свою мечту, но бывает и так, что мечта находит человека. (2)Как болезнь, как вирус гриппа. (3)Вроде бы никогда Колька 
Велин не смотрел на небо, затаив дыхание, и голоса птиц, реявших в голубой вышине, не заставляли трепетать его сердце. (4)Он был самым обыкновенным 
учеником, в меру усидчивым и старательным, в школу ходил без особого задора, на уроках был тише воды, любил рыбачить... 
 (5)Всё переменилось мгновенно. (6)Он вдруг решил, что станет лётчиком. 
 (7)В глухой, далёкой деревне, где до ближайшей станции больше ста километров, где любая поездка становится целым путешествием, сама эта мысль казалась безумием. (8)Жизненная стезя каждого человека здесь была ровной и прямой: после школы мальчики получали права на управление трактором и становились механизаторами, а самые смелые оканчивали водительские курсы и работали в селе шофёрами. (9)Ездить по земле — вот удел человека. (10)А тут летать на самолёте! (11)На Кольку смотрели как на чудака, и отец надеялся, что вздорная идея как-нибудь сама собой улетучится из головы сына. (12)Мало ли чего мы хотим в молодости! (13)Жизнь — жестокая штука, она всё расставит по своим местам и равнодушно, как маляр, закрасит серой краской наши пылкие мечты, нарисованные в юности. 
 (14)Но Колька не сдавался. (15)Ему грезились серебристые крылья, несущие его над влажным снегом облаков, и густой упругий воздух, чистый и холодный, как родниковая вода, наполнял его лёгкие. 
 (16)После выпускного вечера он отправился на станцию, купил билет до Оренбурга и ночным поездом поехал поступать в лётное училище. (17)Проснулся Колька рано утром от ужаса. (18)Ужас, будто удав, сдавил его окоченевшее тело холодными кольцами и впился своей зубастой пастью в самую грудь. (19)Колька спустился с верхней полки вниз, посмотрел в окно, и ему стало ещё страшнее. (20)Деревья, выступавшие из полумглы, тянули к стёклам кривые руки, узкие просёлки, словно серые степные гадюки, расползались по кустам, и с неба, заполненного до краёв клочьями ободранных туч, фиолетово-чёрной краской стекал на землю сумрак. (21)Куда я еду? (22)Что я там буду делать один? (23)Кольке представилось, что сейчас его высадят и он окажется в беспредельной пустоте необитаемой планеты... 
 (24)Приехав на вокзал, он в тот же день купил билет на обратную дорогу и через два дня вернулся домой. (25)К его возвращению все отнеслись спокойно, без издёвки, но и без сочувствия. (26)Денег, потраченных на билеты, немного жаль, зато съездил, посмотрел, проверил себя, успокоился, теперь выбросит из головы всякий вздор и станет нормальным человеком. (27)Таковы законы жизни: всё, что взлетело вверх, рано или поздно возвращается на землю.  (28)Камень, птица, мечта — всё возвращается назад... 
 (29)Колька устроился в лесхоз, женился, сейчас растит двух дочек, в выходные ходит на рыбалку. (30)Сидя на берегу мутной речушки, он смотрит на бесшумно летящие в небесной вышине реактивные самолёты, сразу определяет: вот «МиГ», а вон «Су». (31)Сердце его стонет от щемящей боли, ему хочется повыше подпрыгнуть и хотя бы разок глотнуть той свежести, которой небо щедро поит птиц. (32)Но рядом сидят рыбаки, и он пугливо прячет свой взволнованный взгляд, насаживает червячка на крючок, а потом терпеливо ждёт, когда начнёт клевать. 
 (По С. Мизерову*) 
 * Сергей Викторович Мизеров (род. в 1958 г.) — российский писатель, публицист. 
 Информация о тексте 
 
"
277,"Текст Михайлова Н. 
 (1)Выхожу  из  дома  на  работу  и...  (2)Ну,  конечно,  опять  забыл мобильник! (3)Возвращаюсь — куда же нынче без этой штуки! (4)Вернувшись, заглядываю в зеркало, как учила меня в детстве бабушка. (5)Примета такая: а то «пути не будет». (6)Какое это имеет отношение к моей патологической забывчивости — не знаю. (7)Но в зеркало на всякий случай смотрюсь: мало ли что. 
 (8)Ну  разве  не  парадокс?  (9)Вот  он,  мобильный  телефон, —свидетельство бурного прогресса науки и техники наших дней, и тут же — очевидный  (куда  уж  очевиднее!)  атавизм  древних  суеверий.  (10)Не удивительно  ли:  пришедшие  из  далёкого  язычества,  из  мрачного  и невежественного средневековья суеверные приметы постоянно и беспощадно разоблачает наука, осуждают все традиционные религии, порицают учителя и воспитатели, а они живут из века в век! 
 (11)Просвещение, конечно, сильно поколебало древние представления. (12)Уже  в  XIX  веке  суеверные  приметы  считали  патриархальными предрассудками. (13)Помните, у Пушкина? (14)«Татьяна верила преданьям / Простонародной старины, / И снам, и карточным гаданьям, / И предсказаниям луны...» (15)Наивная сельская барышня — что с неё взять! (16)Но ведь и сам Пушкин верил, да ещё как верил! (17)А он-то был европейски образованным человеком, умнейшим человеком России, как сказал о нём Николай I. (18)Нет, проводить прямую зависимость между цивилизациейи искоренением суеверий я бы поостерёгся. 
 (19)Во-первых, приметы приметам — рознь. (20)Нелепо сомневаться, например,  в  предсказаниях  погоды,  основанных  на  вековых  наблюдениях наших предков: красный закат — к жаркому дню, кошка клубком — к морозу. (21)А во-вторых,    и отношение к приметам разное.(22)Для одних это не более чем игра: заглянуть в зеркало и посмеяться над собой. (23)Для других — фольклор, загадки народной культуры. (24)Почему столько примет связано, например, с тем же зеркалом? (25) Для третьих,к сожалению, — внушённая шарлатанами слепаявера в порчу, сглаз и прочее.  
 (26)А  для  многих — результа   т  чудесных  совпадений  примет  и случившихся событий. (27)Но ведь такие ничем не объяснимые совпадения были, есть и будут всегда. (28)3начит, и суеверия будут всегда. (29)И всегда покажутся чудом, как бы ни относились к такому чудунаука и религия. (30)Да и кто сказал, что где-то у кого-то существует монополия на чудо!(31)«Не  верить  в  возможность  предсказаний  нельзя, — говорил Достоевский. (32)— Все верят, но если не признаются, то единственно из малодушия».(33)Можно улыбнуться этим словам Фёдора Михайловича, однако это убеждение он вынес из совпадений примет и реалий своей жизни.(34)Я вовсе не хочу петь гимн суевериям и приметам. (35)В XXI веке это смешно. (36)Но если вы меня спросите, надо ли переходить на другую сторону улицы, встретив чёрную кошку...(37)А и перейдите, если очень хочется. (38)Вреда не будет. (39) Мало ли что. 
 (По Н. Михайлову*) 
  *Николай Михайлов - журналист. 
 
"
278,"Текст Михайловой Н. 
 (1)Сегодня я впервые осознала: расставаться будет грустно. (2)Просто грустно, без всяких метафор и ненужных сравнений. (3)Одиннадцатый класс как песочные часы. (4)Сверху — школа, снизу — ты. (5)И ты берёшь теперь от школы всё, что она даёт, и не ждёшь, когда закончится урок, когда можно будет закрыть за собой дверь класса, пронестись во весь дух по коридору, сбежать вниз по лестнице, запрыгать, как кузнечик: «Домой, домой!» (6)Не хочется теперь! 
 (7)В одиннадцатом классе учиться весело. (8)Шутим чаще, смеёмся громче, ссоримся реже. (9)Вообще не ссоримся! (10)На уроках не до учёбы, потому что нравится оглядывать взрослеющих одноклассников, вздыхать: «Какие...» (11) Вспоминать, кто в кого был влюблен, кто кому нравился. (12)Кто смешливый, кто обидчивый, кто чудаковат, кто всегда поможет, а кто и отложит. 
 (13)В одиннадцатом классе легко всех любить, и все кажутся самыми лучшими. (14)Кто раздражал, незаметно становится лучшим другом. (15)Того, кого считала глупым, считаешь теперь просто очень простым. (16)И хорошим. (17)И не обзываешь никого, даже про школьные «кликухи» стараешься забыть: ко всем по имени. (18) Уважительно и как друг. 
 (19)В последнее время на уроках литературы мне кажется, будто между нами, одноклассниками, бьются окна, срываются шторы, становится всё понятно... 
 (20)Мы отрываемся от художественного произведения, от рассказов Бунина и Куприна, пружиним литературными строчками, подпрыгиваем и улетаем за горизонты школьной программы, туда, где начинается жизнь... (21)Углубляемся в тему любви, которая трогает больше всего, заставляет спорить, громко и страстно рассуждать... 
 (22)В любовь все верят одинаково. (23)И несправедливо выделять кого-то: юношей, девушек... (24)Нет более или менее романтичных или сентиментальных. (25)Удивительно, но юноши даже чаще более заинтересованы в обсуждении любви, личных взаимоотношений. 
 (26)И оказываются более активными, поднимают руку, чтобы ответить, кто из героев повести или рассказа виноват в разлуке, кто ошибался, как он сам поступил бы в такой ситуации. (27)И мы теперь с большим рвением делаем литературу, спешим начать заниматься сразу, лишь прозвенит звонок. (28)И нашей учительнице тоже интересно, она наблюдает за нами, загадочно молчит, улыбается, подкидывает новые вопросы, темы для обсуждения. (29)И у книг из школьной программы вдруг рождается неожиданное продолжение. (30)И я с удивлением понимаю: мы не дети, мы не школьники, мы уже взрослые... (31)Те, про кого пишутся и пишутся книги... 
 (По Н. Михайловой*) 
 *Наталья Михайлова — педагог, публицист.  
"
279,"Текст Михалкова С. 
  Однажды я услышал разговор двоих. Одному было семь лет, а другому лет на сорок больше. 
   — Ты читал «Тома Сойера»? 
   — Нет. 
  — А «Вия»? 
  — Нет. 
  — Счастливый, — вздохнул с завистью старший. 
  И, правда, можно было позавидовать. Мальчишке только еще предстояло наслаждение смеяться вместе с озорным Марком Твеном. Он только еще будет глазами, расширенными от ужаса и восторга, впиваться в строчки гоголевских «Вечеров на хуторе близ Диканьки». Все это впереди. Важно лишь не упустить минуты и вовремя прочесть все эти прекрасные книги.  
  По-моему, какой бы интересной ни была домашняя и школьная жизнь ребенка, не прочти он этих драгоценных книг — он обворован. Такие утраты невосполнимы. Это взрослые могут прочесть книжку сегодня или через год — разница невелика. В детстве же счет времени ведется иначе, тут каждый день — открытия. И острота восприятия в дни детства такова, что ранние впечатления могут влиять потом на всю жизнь. Вот почему и страшно потерять напрасно хоть час в пору этих золотых лет. Представьте себе, что годков через десять с бывшим первоклассником, с тем самым, которому мы позавидовали, состоялся бы такой разговор: 
  — «Войну и мир» читал? 
  — Смотрел в кино.  
— А «Белые ночи»? 
  — Тоже. Не понравилось. «Дама с собачкой» лучше. 
  Тут уж никто бы не позавидовал девственной нетронутости ума и несомненной примитивности чувств своего собеседника. Мы бы, скорей всего, ужаснулись: «Неужели книги не научили его чувствовать, думать? Неужели он прошел мимо них?!» Хорошая, вовремя прочитанная книга может иногда решить судьбу человека, стать его путеводной звездой, на всю жизнь определить его идеалы. 
  Как-то я побывал в тех местах, где дед Мазай спасал несчастных зайцев. Ребята, с которыми я разговорился в одной из деревень, рассуждали о космических кораблях, о полете на Луну, о событиях в мире. Но когда я заговорил с ними о Некрасове, напомнил строки, где поэт описывает их родные места, ребята замялись и никто, увы, не смог прочитать наизусть из «Деда Мазая» ни одного четверостишия. Я с горечью подумал: а не была бы богаче их душа, если бы наряду с тем, что они знают о науке, технике и политических событиях, они знали бы еще и стихи — много стихов! — Пушкина, Лермонтова, Некрасова, Фета, Тютчева, Блока и других замечательных русских поэтов. Без некоторых книг, не пережитых в детстве, в отрочестве, сущность человека со всей его психологией останется грубой и неотесанной. 
 (По С. Михалкову) 
"
280,"Текст Можаева Б. 
 (1)В солнечный день я приехал в старинный посёлок Гусь-Железный полюбоваться на озеро, искупаться, поплавать в нём. (2)Доехал до речки, поднялся на бугор, глянул и... (3)О ужас! (4)Нет озера. (5)По широкой впадине, окаймлённой дальней опушкой бывшего прибрежного леса, текла, извиваясь, узкая, местами пересыхающая речушка. (6)И старинной плотины, высокой, кирпичной, с чугунными шлюзами, в тёмных казематах которой, по преданию, разбойная братия чеканила фальшивые деньги, тоже не было. (7)Шлюзы, регулировавшие сток, убрали, засыпали –  и затянуло озеро тиной да ряской. (8)На месте этом проходила теперь обыкновенная дорожная насыпь; дорога делала крутой поворот, огибала белый двухэтажный барский дом, похожий на длинную казарму, заломанный чахлый парк и снова вырывалась на простор. 
 (9)Главный врач детского санатория, размещённого в барском доме, показал мне давние фотографии этого исчезнувшего озера, высокой кирпичной плотины, торговых рядов с доисторическими портиками, он водил по внутренним покоям огромного дома, заново перегороженного, приспособленного для иных надобностей. (10)Переделка и ремонт когда-то выполнены были наспех: половицы скрипят и хлябают под ногами, двери перекошены, в оконные рамы задувает свежий ветерок. 
  – (11)Сохранилась хоть одна комната от давнего времени? – спросил я. – (12)С полами, дверями и окнами? 
 – (13)Полы, двери и прочее – всё порастащили.  (14)А вот стены и потолок сохранились в одном месте.  (15)Идёмте, покажу.  
 (16)Он ввёл меня в зал, кажется, в теперешнюю столовую, с белыми строгими пилястрами, с лепным потолком. 
  – (17)Полы здесь были, говорят, из наборного паркета, двери из орехового дерева с бронзовой инкрустацией, люстра позолоченная висела. 
 – (18)Жалко, – говорю, – что не сохранилось всё это. 
 – (19)О чём жалеть? (20)Архитектурной ценности этот дом не имеет, – сказал доктор. 
 (21)Я взглянул на него с удивлением. (22)Не шутит ли? (23)Нет, смотрит прямо в глаза, даже с каким-то вызовом. (24)Задиристый хохолок на лысеющем лбу топорщится, как петушиный гребешок. 
  – (25)Как не имеет ценности? – говорю. – (26)Это ж дом! (27)Большой, крепкий, красивый, полный когда-то дорогого убранства. 
 – (28)Барские покои, и больше ничего. (29)Таких в России тысячи.  
 – (30)Так ведь и народу нашему пригодились бы такие покои. 
 – (31)Людям нашим нужны другие ценности. (32)Вы ещё храм пожалейте. (33)Теперь это модно. 
  – (34)А что, не жаль храма? 
 – (35)И храм цены не имеет. (36)Архитектура путаная. (37)Специалисты приезжали, говорят – эклектика. (38)Потом, правда, всё-таки восстановили храм этот. 
  – (39)И парка не жаль? 
  – (40)Парк –  природа, и больше ничего. (41)В одном месте убавилось, в другом прибавилось. (42)В любую минуту его насадить можно. 
  (43)Мы стояли возле окна, внизу под нами раскинулся обширный посёлок. 
  – (44)Смотрите, – говорю, – сколько домов.  (45)Приличные дома, большинство новых. 
  – (46)Здесь живёт в основном торговый люд, кто чем торгует, работы хватает. 
  – (47)Вот и хорошо, – говорю.  – (48)Увеличился посёлок за полвека? 
  – (49)Увеличился. 
  – (50)А теперь подумайте вот о чём: раньше, ну хоть ещё в тридцатые годы, здесь меньше жило народу, но успевали не только свои рабочие дела делать. (51)Ещё и плотину чинили, озеро в берегах держали и парк обихаживали. (52)А теперь что ж, времени на это не хватает или желания нет? 
 – (53)А это, – говорит, – знакомый мотив. (54)Это всё ваше писательское ворчание. (55)Что озеро спустили – это вы заметили. (56)Что над каждой крышей телевизионная тарелка поставлена –  этого вы не замечаете.  
  (57)Спорить с ним трудно, почти невозможно: доводы ваши он не слушает, только глаза навострит, тряхнёт головой и чешет без запинки, как будто доклад читает… 
 – (58)Есть писатели-патриоты. (59)Их книги читают, фильмы по книжкам их смотрят наравне с футболом и хоккеем, потому что яркие, незабываемые образы. (60)А есть писатели-ворчуны, которые всем недовольны. (61)И всё им что-то надо. (62)Вот одного такого лечили, а он нас же, медиков, опозорил в своём последнем сочинении. (63)За что, спрашивается? 
 (64)Да, не раз вспомянешь в дальней дороге бессмертного писателя земли русской Николая Васильевича Гоголя: «Россия такая уж страна –  стоит высмеять одного околоточного надзирателя, как вся полиция обидится». 
 (По Б.А. Можаеву*) 
 * Борис Андреевич Можаев (1923–1996) – советский и российский писатель. 
 
"
281,"Текст Мозгового Л. 
 (1)Недавно прочитал в интервью городского чиновника: «Филармония «Петербург-концерт» должна стать продюсерским центром, своеобразной «фабрикой звёзд»... (2)Более неудачное сочетание слов -«фабрика звёзд» - трудно себе представить в устах председателя Комитета по культуре. (3)Ведь то, что показывает нам телевидение под этим названием, - если и фабрика, то не звёзд, а, скорее, заштампованной метеоритной пыли, которая в доли секунд исчезает в животворящей атмосфере культуры. (4)Бедная страна наша! (5)Кроме прочих неисчислимых недугов, она просто заражена «звёздной болезнью». (6)А нам нужны мастера! 
 (7)Понятно, что воспитание актёра, певца и музыканта требует не только неимоверного труда, способностей и терпения, но и времени. (8)Недаром даже очень среднее образование требует не менее трёх лет обучения. (9)А за полгода неокрепших молодых людей, даже подающих надежды, можно только вымуштровать, обучив немногим актерским штампам, годным на потребу невзыскательной толпе. 
 (10)Если говорить словами великого поэта, то мы «сеем разумное, доброе, вечное». (11)И в школьном классе, и в прекрасном зале на Фонтанке я вижу, как в глазах старшеклассников появляется пытливый блеск понимания и сопереживания, когда они слушают Достоевского, Чехова. Пушкина, Галича, Окуджаву, как глубокие мысли и чувства, высказанные на сказочно прекрасном русском языке, трудно переводимом на другие языки, находят свой путь к их разуму и сердцу. (12)И их реплики после концерта - «клёво!» - не меньшая награда, чем громкие аплодисменты или напряжённая, сознательная тишина во время выступлений. (13)Надо только сделать так, чтобы этот «птичий» подростковый сленг переплавился в их сознании в прекрасную русскую речь. (14)А что говорить о великой классической музыке, которая без слов — напрямую — испокон веку воздействовала на чувства людей! 
 (15)Это адски трудное дело - пытаться донести до зрителя (особенно молодого - ведь упустим же!) драгоценные слова и музыку наших великих предшественников, за творения которых нас уважают и любят во всем мире. 
 (16)А шоу-бизнес в помощи государства не нуждается.  
 (По Л. Мозговому) 
"
282,"Текст Морозова А. 
 (1)- Друг, ты чей? 
 (2)Пара грустных преданных глаз взирает на тебя снизу вверх. 
 (3)- Ты, наверное, голодный? (4)И где же твоя семья? 
 (5)Лохматый хвост неистово заметает пыль на асфальте. (6)Ненавистный холодный ветер, взлохмачивая грязную шерсть, продувает насквозь, но какое это теперь имеет значение! (7)Вот хозяин, они так долго друг друга искали! 
 (8)- Эх, как жалко, что даже нечего дать тебе перекусить... (9)Ну, мне пора. (10)Ты не грусти, всё будет хорошо. (11)Давай, пока! 
 (12) ""Что такое, ты уходишь? А как же...» (13)Лохматый хвост замирает в недоумении. 
 (14)- Прости, не могу тебя сейчас взять. (15)И не смотри так - квартира маленькая, я постоянно на работе. (16)Да и вообще, с тобой заниматься нужно… 
 (17)Удаляющийся силуэт скрывается за поворотом, оставляя живое существо наедине со своими надеждами и переживаниями... 
 (18)Знакомая ситуация? (19)Вот только концовка бывает разной. (20)Иногда - как описано выше, а порой кто-то после подобной встречи находит друга. 
 (21)О преданности и любви собаки по отношению к человеку написаны книги, сняты фильмы, но даже они не в силах передать ту жажду отдавать и быть необходимым, которая у них в крови. (22)Служение человеку для собаки - это жизнь. (23)Быть рядом - предназначение. (24)Отнимите это у собаки, и жизнь потеряет для неё всякий смысл, останется лишь поиск хозяина, друга, собственной необходимости. 
 (25)В последние несколько лет психологи, ветеринары и владельцы собак в полной мере осознали ценность контактов между человеком и собакой.  (26)Теперь собаки не только помогают «видеть» слепым, «слышать» глухим, но и выполняют важные обязанности «развлекать» старых и больных людей, нетрудоспособных и душевно надломленных взрослых и детей. (27)Было обнаружено, что само присутствие собаки оказывает огромное оздоровительное воздействие на таких людей, оживляя их обычно унылый быт. (28)Собак приводят в детские дома или дома престарелых, и их обитатели с благодарностью ощущают на себе благотворное воздействие тепла и расположения, которое оказывают им собаки. (29)Самое важное для них - быть другом для человека. (ЗО)Преданным, готовым на любые лишения, подчас с риском для жизни, и хранящим свою верность при любых условиях. 
 (31)Так что ситуации, похожие на описанную в начале статьи, - это не просто разговор на уровне «взять - не взять». (32)Быть может, попытавшись хотя бы раз помочь живому существу найти своё место в жизни и начать жить в соответствии со своим (в данном случае «собачьим») законом, мы с вами научимся жить в соответствии со своим законом - человеческим, который известен с самых давних времён как Кодекс Чести."
283,"Текст Набокова В. 
 (1) Мещанин – это взрослый человек с практичным умом, корыстными, общепринятыми интересами и низменными идеалами своего времени и своей среды. (2) Я говорю именно о «взрослом», солидном человеке, так как ребенок или подросток с повадкам мещанина – это всего лишь попугай, подражающий манерам законченных обывателей; ведь попугаем быть легче, чем белой вороной. (3) Обыватель и мещанин – в какой-то степени синонимы: в обывателе удручает не столько его повсеместность, сколько сама вульгарность его представлений. 
 (4) Обыватель – явление всемирное. (5) Оно встречается во всех классах и нациях. (6) Английский герцог может быть столь же вульгарным, как и американский пастор; рабочий или шахтер нередко оказываются такими же откровенными буржуа, как банковский служащий или голливудская звезда. 
 (7) Мещане питаются запасом банальных идей, прибегая к избитым фразам и клише, их речь изобилует тусклыми, невыразительными словами. (8) Истинный обыватель весь соткан из заурядных, убогих мыслей, кроме них у него ничего нет. (9) Но надо признать, что все мы в повседневной жизни прибегаем к словам-штампам, превращая их в знаки и формулы. (10) Это не означает, однако, что все люди – обыватели, но предостерегает от машинального обмена любезностями. 
 (11) Обман – верный признак настоящего обывателя! (12) Великие слова Красота, Любовь, Природа – звучат в его устах фальшиво и своекорыстно. (13) Таков, например, Чичиков из «Мёртвых душ». 
 (14) Обыватель с его низменной страстной потребностью приспособиться, приобщиться, пролезть разрывается между стремлением поступать как все и страстным желанием принадлежать к избранному кругу. 
 (15) Он не увлекается и не интересуется искусством, в том числе и литературой – вся его природа искусству враждебна, - но с жадностью поглощает всяческую информацию и отлично натренирован в чтении газет и журналов. 
 (16) В своей приверженности к утилитарным, материальным ценностям он легко превращается в жертву рекламного бизнеса. 
 (В.В. Набоков) 
"
284,"Текст Набокова В. 
 (1)Обыватель – явление всемирное. (2)Оно встречается во всех классах и нациях. (3)Английский герцог может быть столь же вульгарным, как американский пастор или французский бюрократ. (4)Рабочий или шахтёр нередко оказываются такими же откровенными буржуа, как банковский служащий или голливудская звезда. 
 (5)Истинный обыватель весь соткан из заурядных, убогих мыслей; кроме них, у него ничего нет. 
 (6)Истинный обыватель, с его неизменной страстной потребностью приспособиться, приобщиться, пролезть, разрывается между стремлением поступать как все и приобретает ту или иную вещь потому, что она есть у миллионов, и страстным желанием принадлежать к избранному кругу, ассоциации, клубу. (7)Соседство с главой компании и европейским аристократом может вскружить ему голову. (8)Богатство и титул приводят его в восторг. 
 (9)Истинный обыватель не отличает одного автора от другого; читает он мало и всегда с определённой целью, но может вступить в общество библиофилов и смаковать прелестные книги: винегрет из Симоны де Бовуар, Достоевского, Сомерсета Моэма, «Доктора Живаго» и мастеров эпохи Возрождения. (10)Его не очень интересует живопись, но престижа ради он охотно повесит в гостиной репродукции Ван Гога, втайне предпочитая ему другого художника. 
 (11)В своей приверженности к утилитарным, материальным ценностям он легко превращается в жертву рекламного бизнеса. (12)А реклама всегда играет на обывательской гордости обладания вещью, будь то комплект нижнего белья или набор столового серебра. (13)Я имею в виду определённый тип рекламы. (14)Глубочайшая пошлость, источаемая рекламой, не в том, что она придаёт блеск полезной вещи, но в самом предположении, что человеческое счастье можно купить и что покупка эта в какой-то мере возвеличивает покупателя. 
 (15)Конечно, сотворённый в рекламе мир сам по себе безвреден – каждый знает, что сотворён он продавцом, которому всегда подыгрывает покупатель. (16)Самое забавное не в том, что здесь не осталось ничего духовного, кроме экстатических улыбок людей, поглощающих божественные хлопья, не в том, что игра чувств ведётся по законам буржуазного общества. (17)Нет, самое забавное, что это – теневой, иллюзорный мир, и в его реальное существование втайне не верят ни продавцы, ни покупатели. 
 (18)У русских есть, вернее, было специальное название для самодовольного величественного обывателя – пошлость. (19)Это главным образом  ложная,  поддельная  значительность,  поддельная  красота, поддельный ум, поддельная привлекательность. (20)Припечатывая что-то словом «пошлость», мы не просто выносим эстетическое суждение, но и творим нравственный суд. (21)Всё подлинное, честное, прекрасное не может быть пошлым. (22)Я утверждаю, что простой, не тронутый цивилизацией человек редко бывает пошляком, поскольку пошлость предполагает внешнюю сторону, фасад, внешний лоск. 
 (23)В прежние времена Гоголь, Толстой, Чехов в своих поисках простоты и истины великолепно изобличали вульгарность, так же как показное глубокомыслие. (24)Но пошляки есть всюду, в любой стране – и в Америке, и в Европе. (25)И всё же в Европе их больше, несмотря на старания американской рекламы. 
 (По В. В. Набокову*) 
 * Владимир Владимирович Набоков (1899–1977 гг.) – русский и американский писатель, поэт, переводчик, литературовед. 
 Информация о тексте 
 
"
285,"Текст Нагибина Ю. 
 (1)Поначалу мы узнали, что вокруг громадного корпуса дома отдыха, по необъятной и почти девственной территории, как-то ненадёжно и неуверенно отобранной у леса, реки и поля, бродит призрак лошади. (2)Он естественно вписался в пейзаж, дружественный подлунному буйству теней и миганию потусторонних огоньков. 
 (3)Чтобы жила ничейная, вольная лошадь, - это не укладывалось в нашем сознании. (4)Вот почему её  проще было считать призраком,  нежели тварью из плоти и крови. (5)И всё-таки настал день, когда силуэт загадочного коня обрёл трёхмерность, чёткую,  живую окраску, суету мелких движений плоти и пришлось отбросить самообман - возле нас существовала лошадь, которая ходит сама по себе. (6)Она пришла словно из дней детства, но что-то непонятное мешало мне приблизиться к ней. 
 (7)Однажды я всё же оказался так близко от неё, что почувствовал слабый запах мокрой шерсти. (8)Дикарка была на редкость ухоженной: хвост подрезан и расчёсан, также расчёсаны густая грива и чёлка. (9)Обрызганные влагой копыта опрятны и освобождены от подков. (10)Надраенный скребницей круп сыто блестит. (11)Красив и значителен был мир, отражённый в её большом, глубоком и добром зрачке, а вот другой глаз ничего не отражал - тусклый, затянутый голубоватым бельмом, он мёртво пялился в пустоту. 
 (12)Но, странное дело, бельмо не уродовало лошадь, а прибавляло ей достоинства. (13)Крепко поработала старая на своём веку и награждена нынешним привольем. 
 (14)Это была не простая  деревенская лошадь (15)В ней чувствовалась порода,  хотя не знаю, какие крови слились, чтобы    создать такое милое существо.   
 (16)Некоторые отдыхающие попытались  вступить с лошадью в более тесные отношения, но она не принимала ни сахара с ладони, ни чёрного хлеба, скромно довольствуясь осенней травой. (17)Долгие годы возле людей научили её мудрой осмотрительности. 
 (18)Но лошадь не понимала другого, - что сама безнадзорность её была вызовом правопорядку. 
 (19)Лесник, прочный, надёжный в каждой жилке, движении, слове трудовой человек, как-то пришедший вместе с лошадью, сказал, посмеиваясь: 
 (20)- Без малого двадцать годов мы с ней вкалывали. (21)А сейчас пусть гуляет, заслужила бессрочный отпуск. (22)Да и кому Маруська мешает? 
 (23)Никто и внимания не обратил, что старая Маруська прикрыта от судьбы лишь худым плащом лесниковой доброты, а не Законом. (24)Никто не обратил внимания на полуторку, проехавшую в лес мимо главного корпуса дня через два. (25)Никто не придал значения и слабому выстрелу, ватно щёлкнувшему в сыроватом просторе. (26)Но, когда полуторка катила назад, многие заметили торчащие из кузова четыре толстые коричневые палки. (27)То были не палки - ноги убитой лошади. 
 (28)Как бессильно добро и как действенно зло! 
 (29)«А стоит ли подымать шум из-за старой, полуслепой, бесполезной лошади?» - скажет какой-нибудь здравомыслящий человек. (30)Но это была прекрасная лошадь... (31)Прекрасная Лошадь, погубленная не случайно, а сознательно...  
 (По Ю.М. Нагибину) 
"
286,"Текст Нагибина Ю. 
 (1)Один жестокий человек сказал: все молодые люди похожи друг на друга. (2)Это было сказано из глубины презрения к людям, но известная доля истины тут есть. (3)Конечно, все молодые люди разные, но они решают одну задачу: первого и самого трудного приспосабливания к жизни, утверждения себя в ней. (4)Любому нормальному юноше свойственны завышенное представление о собственной ценности, идеализм (чему не мешает защитный скепсис, порой цинизм), ранимость и отсюда – яростное стремление сберечь от посторонних (самые посторонние – родители и близкие) свою внутреннюю жизнь.  
 (5)Мне до сих пор непонятно, как мы вработались в ту дружбу, память о которой за сорок лет не только не стёрлась, не потускнела, но стала больнее, пронзительней и неотвязней – щемяще-печальный праздник, который всегда со мной. (6)Мы трое: Павлик, Оська и я – были нужны друг другу, хотя едва ли смогли бы назвать в словах эту нужность. 
 (7)В дружбе есть нечто не поддающееся анализу, как и в любви, о которой вернее всех сказал Гёте: «Очень трудно любить за что-нибудь, очень легко – ни за что». (8)Конечно, безоглядное, слепое влечение любви, её таинственный зов неприложимы к дружбе, но и в дружбе есть что-то сверх сознания. (9)Впрочем, я знаю, что с Павликом нас спаяли поиски своего места в жизни, давление властных глубинных сил, не ведавших очень долго своего применения. (10)Эти устремленности были разные; моя раньше обрела имя – литература, его позже – театр, но мучений они доставили нам в равной мере. (11)Терпеть и одолевать неизвестное было легче вдвоем. (12)Мы искали неведомую землю в темноте, то сходясь, то расходясь, черпая бодрость и надежду в стойкости другого, который сам в себе этой стойкости не ощущал. (13)Нас связывали и внешние обстоятельства жизни: мы жили в одном подъезде, вместе готовили уроки, вместе испытывали свой дух искусственно придуманными увлечениями, ибо не догадывались о подлинных; мы находились в постоянном обмене; неудивительно, что у нас выработалось схожее отношение к людям, ко многим жизненным вопросам, что наши вкусы, пристрастия и отторжения совпадали. (14)И хотя все это ещё не самая душа нашей дружбы, предпосылки взаимопритяжения ясны. 
 (15)С Оськой обстояло по-другому. (16)С ним можно было говорить о многом, потому что он был развит, начитан, остроумен, но нельзя было говорить о том главном, что нас томило, и – что ещё важнее – нельзя было об этом молчать, как часами молчали мы с Павликом, занимаясь чёрт знает чем: от химический опытов – вдруг мы великие учёные? – до держания на кончике носа половой щётки или бильярдного кия – ради упражнения и проверки воли. (17)С Оськой было интересно, наполненно, весело, «крылато» – не найду другого слова – это правда, но не вся правда, ведь бывало и грустно, и смутно, и тревожно… (18)Всякое бывало, но в памяти остался солнечный свет, который потом уже никогда не был так ярок… 
   (По Ю. М. Нагибину) 
 *Юрий Маркович Нагибин (1920 – 1994) – русский писатель, киносценарист. Здесь помещён (с некоторыми сокращениями) отрывок из его повести «В те юные годы», в которой он вспоминает своих друзей, погибших в годы Великой Отечественной войны. 
"
287,"Текст Нагибина Ю. 
 (1)Кабинет-министр Волынский прошел через сущий ад, и, если бы даже его помиловали, это лишь на короткое время оттянуло бы его мучительный конец. (2)Он был разбит, истерзан, размолот и не мог жить. (3)Он с самого начала знал, что обречен, и ни добровольное признание, ни чистосердечное раскаяние, ни самое гнусное предательство, ни даже заступничество государыни – ничто не могло спасти его от неизбежной смерти. (4)Бирону, фавориту царицы, нужна была такая устрашающая публичная казнь, чтобы навсегда подавить решимость недовольных, парализовать страхом их волю. (5)Волынский смирился со своей участью и лишь молил в душе, чтобы поскорее наступил желанный конец. (6)Когда огласили приговор, он испытал не страх, а облегчение. 
 (7)С этим чувством и пошел на казнь. (8)Его окружала громадная толпа, которая с бессмысленным равнодушием рассматривала его окровавленное тело. (9)Всем было интересно посмотреть, как неприступный вельможа, прежде  вселявший священный трепет, теперь низвергнут безжалостный судьбой в море бедствий  и теперь превратился в обычного смертного – жалкого, слабого и ничтожного.   
 (10)Обведя гаснущим взглядом людей, Волынский вдруг оступился о знакомые черты. (11)Он в тот же миг узнал Василия Тредиаковского, которого с поразившей всех жестокостью наказал только за то, что поэт осмелился перечить его приказу. (12)Он вспомнил окровавленное тело Тредиаковского, вспомнил его жалобные крики и беспомощные стоны, и только теперь понял, какую невыносимую боль причинил этому безвинному человеку. (13)Что ж, зато теперь этот оскорбленный и униженный любимец муз сможет сполна насладиться муками своего жестокого истязателя. (14)Смотри, несчастный бумагомарака, как палач затянет веревку на моей шее, распотешь свою душеньку, порадуйся позорной смерти  своего ненавистного обидчика... (15)Волынский с презрением отвернулся, но что-то заставило его еще раз оглянуться на застывшего Тредиаковского. (16)«Господи!» - против воли вырвалось из самого сердца бывшего фаворита. (17)Из бездушной людской массы на него смотрели человеческие глаза, полные жалости и сострадания. (18)И Волынский, тяжело дыша, ободряюще улыбнулся Тредиаковскому. 
 (19)Казалось, тот начал что-то быстро жевать, его круглое лицо заходило ходуном. (20)«Да он плачет!» - осенило Волынского, и сердце его засочилось. (21)Он был близок к тому, чтобы понять на исходе жизни что-то очень большое и важное, к чему никогда не подступала его жестокая и целенаправленная душа, охваченная жаром властолюбия. (22)Но не успел: по знаку палача на него накинулись подручные и стали сдирать кафтан. (23)Он уже не увидел, как рванулся к плахе Тредиаковский, что-то крича перекошенным ртом, как испуганно раздалась толпа, как кто-то схватил поэта, заломил ему руки и потащил прочь с места казни.  
 (По Ю. Нагибину)  
"
288,"Текст Нагибина Ю. 
 (1)Что такое красота? (2)Людям кажутся совсем разные лица, вещи, явления. (3)Полагаю, что, посещая художественные галереи, выставки, собравшие нетленные образы красоты, многие испытывают порой чувство недоумения: неужели это неправильное, странное женское лицо или эта нелепая мужская фигура могут считаться красивыми? (4)Но ведь художник подобен влюбленному, он глядит на свою модель околдованными глазами и — в отличие от бытового человека — умеет сообщать свое видение другим. (5)Правда, не всегда, у людей разные вкусы, разные представления о том, «что такое хорошо и что такое плохо». (6)Тем, кто обладает сильно развитым воспринимающим аппаратом, куда легче понять очарованность художника той или иной натурой и разделить его чувство вопреки собственным пристрастиям, нежели тем, кто редко соприкасается с искусством. 
 Чем поражает Джоконда? (7)Сложностью выражения, глубиной душевной жизни, обнаруживающей себя в многозначной полуулыбке, взгляде, погруженном в даль, но готовом откликнуться и сиюминутности. (8)Разве можно сказать, что Мона Лиза безукоризненно красива? (9)У самого Леонардо есть на полотнах женщины куда красивей (хотя бы эрмитажная «Мадонна Литта»), но манит, притягивает, сводит с ума поэтов, вдохновляет музыкантов, пленяет сложные и простые души бессмертная Джоконда — в ней явлен не холодный, обобщающий тип красоты, а горячая, пульсирующая, бездонная жизнь единственной души. (10)Человеку, сказал Паскаль, по-настоящему интересен только человек. (11)И потому над тайной Джоконды, тайной вполне реальной женщины, жившей в нашем мире, а не на Олимпе и не в горних высях, флорентийской гражданки, жены купца Джокондо не устают биться поколение за поколением. 
 (12)Словами красоту не передашь. (13)Это прекрасно знал Лев Толстой. (14)В полушутливом споре с Тургеневым и Дружининым, кто лучше опишет красоту женщины, он перечеркнул прямолинейные описания своих соперников одной-единственной фразой из Гомера: «Когда Елена вошла, старцы встали». (15)Умно, дерзко, лукаво, но вместе с тем Толстой как бы расписывается в бессилии выразить словами живую красоту женщины. (16)Впрочем, это не мешало ни ему самому, ни его литературным собратьям создавать пленительные женские образы. (17)Разве мы сомневаемся в зрелой красоте Анны Карениной, или девичьей — Наташи Ростовой, или романтической — Татьяны Лариной? (18)А между тем Пушкин не дал ее портрета. (19)Ведь нельзя же считать портретом: «Татьяны бледные красы и распущенные власы». (20)А ведь всего-то сказано, что «все тихо, просто было в ней». (21)Чего же достигает Пушкин такой зримости образа, ставшего символом русской женской красоты — физической и духовной? (22)Колдовством рассеянных по роману легких мазков чарующей авторской интонацией, исполненной нежность и уважения, и чем-то вовсе неуловимым, что принадлежит тайне гения. 
 (23)Бездушная, внешняя красота — ничто, ценна лишь красота, светящаяся изнутри, она озаряет мир добром, возвышает самого человека и укрепляет веру в будущее. 
 (24)Как хорошо сказал великий педагог К. Ушинский: «Всякое искреннее наслаждение изящным само по себе источник нравственной красоты». 
 (по Ю. М. Нагибину*) 
 * Нагибин Ю́рий Маркович (3 апреля 1920, Москва — 17 июня 1994, Москва) — русский писатель-прозаик, журналист и сценарист. 
 Информация о тексте 
 
"
289,"Текст Нагибина Ю. 
 Вот и кончился последний урок последнего дня нашей школьной жизни! Впереди ещё долгие и трудные экзамены, но уроков у нас больше никогда не будет. Будут лекции, семинары, коллоквиумы — все такие взрослые слова! — будут вузовские аудитории и лаборатории, но не будет ни классов, ни парт. 
 Десять школьных лет завершились по знакомой хрипловатой трели звонка, что возникает внизу, в недрах учительской, и, наливаясь звуком, подымается с некоторым опозданием к нам на шестой этаж, где расположены десятые классы. 
 Все мы, растроганные, взволнованные, радостные и о чем-то жалеющие, растерянные и смущённые своим мгновенным превращением из школяров во взрослых людей, которым даже можно жениться, слонялись по классам и коридору, словно страшась выйти из школьных стен в мир, ставший бесконечным. И было такое чувство, будто что-то недоговорено, недожито, не исчерпано за последние десять лет, будто этот день застал нас врасплох. 
 В распахнутые окна изливалась густая небесная синь, грубыми от страсти голосами ворковали голуби на подоконниках, крепко пахло распустившимися деревьями и политым асфальтом. 
 
 Я вышел в коридор. В этот необычный день и Женя показалась мне не совсем обычной. Одета она была, как всегда, несуразно: платье, из которого она выросла ещё в прошлом году, шерстяная кофточка, а под ней белая, с просинью от бесконечных стирок шелковая блузка, тупоносые детские туфли без каблуков. Казалось, Женя носит вещи младшей сестры. Огромные пепельные волосы Жени были кое-как собраны заколками, шпильками, гребёнками вокруг маленького лица и всё-таки закрывали ей лоб и щёки, а одна прядь все время падала на её короткий нос, и она раздраженно отмахивала её прочь. Новым в ней был ровный, тонкий румянец, окрасивший её лицо, да живой, близкий блеск больших серых глаз, то серьёзно-деловитых, то рассеянно-невидящих. 
 — Серёжа, я хотела тебе сказать: давай встретимся через десять лет. 
 
 — Мне интересно, каким ты станешь, — Женя отбросила назойливую прядь. — Ты ведь очень нравился мне все эти годы. 
 Я думал, что Жене Румянцевой неведомы ни эти слова, ни эти чувства. Вся её жизнь протекала в двух сферах: в напряжённой комсомольской работе — она была нашим комсоргом — и в мечтаниях о звёздных мирах. Я никогда не слышал, чтобы в свободное от деловых забот время Женя говорила о чём-нибудь другом, кроме звёзд, планет, орбит, протуберанцев, космических полетов. Не многие из нас твёрдо определили свой дальнейший жизненный путь, а Женя с шестого класса знала, что будет астрономом и никем другим. 
 Между нами никогда не было дружеской близости, учились мы в параллельных классах и сталкивались лишь по комсомольской работе. Несколько лет назад меня за один проступок чуть не выгнали из пионерского отряда. Ребята встали за меня горой, лишь одна Женя, новенькая в нашей школе, до конца настаивала на моём исключении. Это наложило отпечаток на моё отношение к ней. Позднее я понял, что Женина беспощадность шла от повышенной требовательности к себе и к людям, а вовсе не от злого сердца. Человек до дна прозрачный, стойкий и верный, она хотела, чтобы и все люди вокруг были такими. Я не был «рыцарем без страха и упрёка», и сейчас неожиданное её признание удивило и смутило меня. В поисках разгадки я мысленно пробегал прошлое, но ничего не нашёл в нем, кроме одной встречи на Чистых прудах... 
 Однажды мы собрались в выходной день на Химкинское водохранилище — покататься на лодках. Сбор назначили на Чистых прудах, у большой беседки. Но с утра заморосил дождь, и на сборный пункт пришли только мы с Павликом Аршанским, Нина Барышева и Женя Румянцева. Нина пришла потому, что в выходной день не могла усидеть дома, я пришёл из-за Нины, Павлик — из-за меня, а почему пришла Женя, было нам непонятно. 
 Женя никогда не появлялась на скромных наших пирушках, не ходила с нами в кино, в Парк культуры, в «Эрмитаж». Никто не подозревал Женю в ханжестве, просто у неё не хватало времени: она занималась в астрономическом кружке при МГУ и ещё что-то делала в Планетарии. Мы уважали эту Женину устремлённость и не хотели ей мешать. 
 - Давайте покатаемся по пруду, и будем воображать, что мы в Химках. 
 - Или в Индийском океане! — восторженно подхватила Женя. — Или у берегов Гренландии!.. 
 Мы влезли в старую, рассохшуюся плоскодонку, подобрали на берегу две дощечки вместо вёсел и отправились в кругосветное путешествие. Едва ли кому-нибудь из нас, кроме Жени, это доставляло удовольствие. Пока мы с Павликом вяло шлёпали дощечками по воде, Женя придумывала трассу нашего путешествия. Вот мы проходим Босфор, через Суэцкий канал попадаем в Красное море, оттуда в Аравийское, оплываем Филиппины и входим в Тихий океан. 
 Больше Женя не бывала с нами. Мы не раз приглашали её на наши сборища, но она отказывалась за недосугом. А что, если в тот единственный раз она пришла из-за меня, и из-за меня отступилась, сказав с гордой честностью: «Не вышло»... 
 - Почему же ты раньше молчала, Женя? — спросил я. 
 - К чему было говорить? Тебе так нравилась Нина! 
 
 - Через десять лет, двадцать девятого мая, в восемь часов вечера в среднем пролёте между колонн Большого театра. 
 Минули годы. Женя училась в Ленинграде, я ничего не слышал о ней. Зимой 1941 года, жадно ловя известия о судьбе моих друзей, я узнал, что Женя в первый же день войны бросила институт и пошла в лётную школу. Летом 1944 года, находясь в госпитале, я услышал по радио указ о присвоении майору авиации Румянцевой звания Героя Советского Союза. Когда я вернулся с войны, то узнал, что звание Героя было присвоено Жене посмертно. 
 Жизнь шла дальше, порой я вдруг вспоминал о нашем уговоре, а за несколько дней до срока почувствовал такое острое, щемящее беспокойство, будто все прошедшие годы только и готовился к этой встрече. Я купил у цветочницы ландыши и пошёл к среднему пролету между колонн Большого театра. Постоял там немного, затем отдал ландыши худенькой сероглазой девушке и поехал домой. 
 Мне хотелось на миг остановить время и оглянуться на себя, на прожитые годы, дождик, вспомнить слепоту своей юношеской души, так легко прошедшей мимо того, что могло бы стать судьбой.   
 (Ю.Нагибину) 
  Примерный круг проблем: 
 
"
290,"Текст Надыршина В. 
 (1)Не помню, как его звали. (2)Он жил на Сортировочной и в нашу школу перешёл временно, потому что его мать положили в больницу, а здесь, в третьем микрорайоне, жила бабушка. (3)Новенького посадили со мной, и это мне не понравилось: значит, когда я просил посадить меня с Колькой Лыковым - нельзя, посадите с Саней Табуховым - опять нельзя, а тут, оказывается, можно! 
 (4)Новенький несколько раз обратился ко мне с какими-то дурацкими вопросами: «как зовут?», «где живёшь?»... (5)Я отвечал нехотя, сквозь зубы, и он отвязался. 
 (6)А после уроков его повели бить. (7)Это называется «прописка». (8)Бьют несерьёзно, больше для формы, как говорится, ничего личного, просто традиция такая. (9)Новенький, увидев толпу, которая его окружила, метнулся к стоящему рядом Серёжке Романову, отбросил его ударом в сторону и, ловко увернувшись от Кольки Лыкова, словно ветер, скрылся во дворах. (10)За ним побежали, но догнать не смогли. (11)Серёжка Романов, всхлипывая, вытирал кровь с разбитой губы, а мы хмуро смотрели на него. (12)Решили не ждать завтрашнего дня, а рассчитаться с новеньким сегодня же, во что бы то ни стало. 
 (13)- Димон, ты же сидел с ним! (14)3айди к нему, позови его к себе домой - музыку там послушать или чего ещё... — попросил меня Колька Лыков.  (15)- Ты же умный, схитри как-нибудь, чтобы он вышел на улицу. 
 (16)Мне польстило, что ко мне обратился Колька, что он при всех назвал меня умным, что поручение, которое требует смекалки и находчивости, по его мнению, могу выполнить только я. 
 (17)Через полчаса я уже звонил в дверь квартиры, где жил новенький. 
 (18)-Тебе чего? 
 (19)— Как чего? (20)Посмотреть в твои глаза! — насмешливо сказал я. (21)- Ты-то умчался, как быстроногая лань, а я за тебя получил по полной программе. 
 (22) - А ты-то при чём? 
 (23)- Как при чём? - удивился я. (24)- Мы же вместе сидим, значит, мы друзья, вот мне за тебя и вломили! (25)До сих пор рёбра болят... (26)Пройти-то можно? 
 (27)-Проходи... 
 (28)Мы попили чай, он показал свои рисунки... (29)Неплохо он рисовал. (30)Потом я посмотрел на часы и позвал его к себе в гости. 
 (31)-Давай только не сегодня! 
 (32)Внутри у меня всё упало: ребята из нашего класса уже ждали нас в засаде возле недостроенного дома. 
  (33)- Понимаешь: у меня братишка болеет, и я хотел, чтобы ты нарисовал ему какую-нибудь картинку, он любит разные сказочные сюжеты... 
 (34) - Ну, раз так, то пойдём... 
 (35)Тот путь я помню до сантиметра, словно шёл босиком по гвоздям. (36)Новенький что-то говорил мне, а я торопливо кивал головой. (37)Недостроенный дом. (38)Я вижу выбитый асфальт, рулоны рубероида, краешек пакета, где лежат альбомные листы и краски... (39)Горячий воздух, словно напильник, режет мою грудь. (40) Я остановился. (4!)А новенький сделал ещё несколько шагов. (42)Кусты шевельнулись. (43)Всё! (44)Навстречу нам медленно вышел Колька Лыков и зловеще улыбнулся. 
 (45)Самое страшное было дальше. (46)Судьба, видно, решила провести меня до последнего круга моего ада. (47)Новенький вдруг взвизгнул, схватил камень и крикнул: «Димон, беги!». (48)Но, увидев, что нас уже окружили, что мне не убежать, он набросился на Тольку Власова, освобождая мне путь. 
 (49) - Димон, беги! (50)Чего ты стоишь? 
 (51)И тут я улыбнулся, а остальные засмеялись. (52)Только тогда он всё понял и посмотрел на меня. (53)Удивлённо, недоверчиво. (54)В ту секунду мне показалось, что сожжённая этим взглядом кожа, словно чулок, сползла с моего тела... 
 (55)...Уже много лет я мечтаю кого-то спасти: вытащить тонущего из воды, защитить девушку от хулиганов, вынести раненого с поля боя, я согласен даже умереть, совершая героический поступок. (56)Но никто на моём пути не тонет, никто не горит, никто не просит меня о помощи. (57)В жалобно протянутых ладонях я несу своё окровавленное сердце: всё надеюсь, что когда-нибудь увижу преданного мною паренька и он меня простит. (58)Или хотя бы поймёт. (59)Или, по крайней мере, выслушает... (60)Но он живёт где-то на Сортировочной, в нашу школу его перевели временно, и наши жизненные пути всё никак не могут пересечься.   (По В. Надыршину*) 
 *Надыршин Василий Михайлович - (род. в 1933 г.) – современный публицист, автор статей и рассказов на морально-этические темы. 
 Информация о тексте  
"
291,"Текст Некрасова В. 
 (1) Стоял сентябрь. (2) Мы уже десятый день на этом сталинградском заводе. (3) Десятый день немцы бомбят город. (4) Бомбят - значит, там ещё наши. (5) 3начит, идут бои. (6)Значит, есть фронт. (7) Это лучше, чем в июле, когда мы отступали... 
 (8) Игорь часто спорит с Георгием Акимовичем: 
 (9) - Не умеем мы воевать. 
 (10) - А что такое уметь, Георгий Акимович? 
 (11) - Уметь? (12)От Берлина до Волги дойти - вот что значит уметь.  
 (13) - Отойти от границы до Волги тоже надо уметь. 
 (14) Георгий Акимович смеётся мелким сухим смешком. (15)Игорь начинает злиться. 
 (16) - Мы будем воевать до последнего солдата. (17) Русские всегда так воюют. (18) Но шансов у нас всё-таки мало. (19)Нас сможет спасти только чудо. (20) Иначе нас задавят. (21) 3адавят организованностью и танками. 
 (22) Чудо?.. 
 (23) Недавно ночью шли мимо солдаты. (24) Я дежурил у телефона и вышел покурить. (25) Они шли и пели, тихо, вполголоса. (26) Я даже не видел их, я только слышал их шаги по асфальту и тихую, немного даже грустную песню про Днепр и журавлей. (27) Я подошёл. (28) Бойцы расположились на отдых вдоль дороги, на примятой траве, под акациями. (29) Мигали огоньками цигарок. (30) И чей-то молодой, негромкий голос доносился откуда-то из-под деревьев: 
 (31)- Нет, Вась... (32) Ты уж не говори. (33)Лучше нашей нигде не сыщешь. (34) Ей-Богу... (35) Как масло земля - жирная, настоящая. -(36) Он даже причмокнул как-то по-особенному. - (37) А хлеб взойдёт - с головой закроет... 
  (38) А город пылал, и красные отсветы прыгали по стенам цехов, и где-то совсем недалеко трещали автоматы то чаще, то реже, и взлетали ракеты, и впереди неизвестность и почти неминуемая смерть. 
 (39) Я так и не увидел того, кто это сказал. (40) Кто-то крикнул: «Приготовиться к движению!» (41) Все зашевелились, загремели котелками. (42) И пошли. (43) Пошли медленным, тяжёлым шагом. (44) Пошли к тому неизвестному месту,  которое на карте их командира отмечено, должно быть, красным крестиком. 
 (45) Я долго стоял ещё и прислушивался к удалявшимся и затихшим потом совсем шагам солдат. 
 (46) Есть детали, которые запоминаются на всю жизнь. (47) И не только запоминаются. (48) Маленькие, как будто незначительные, они проникают в тебя, начинают прорастать, вырастают во что-то большое, значительное, вбирают в себя всю сущность происходящего, становятся как будто символом. 
 (49) И вот в песне той, в тех простых словах о земле, жирной, как масло, о хлебах, с головой закрывающих тебя, было что-то... (50) Я даже не знаю, как это назвать. (51)Толстой называл это «скрытой теплотой патриотизма». (52) Возможно, это и есть то чудо, которого так ждём мы все, чудо более сильное, чем немецкая организованность и танки с чёрными крестами... 
 (По В. Некрасову) 
 Некрасов Виктор Платонович (1911-1987) - прозаик, участник Великой Отечественной войны, в своих произведениях правдиво отразил фронтовые будни. 
  Информация о тексте 
 
"
292,"Текст Некрасова В. 
"
293,"Текст Непомнящего В. 
 (1)Что такое культура, зачем она нужна? (2)Что такое культура как  система ценностей? (3)Какова цель того широкого гуманитарного образования, которое всегда было у нас в традиции?  (4)Ведь ни для кого не секрет, что наша система образования при всех пороках одна из лучших, если не лучшая в мире. 
 (5)Я все время повторяю, что феномен «русских мозгов» не этнобиологический, что своим существованием он обязан ещё и вот этой  широкой  гуманитарной основе нашего образования, повторяю знаменитые слова Эйнштейна о том, что Достоевский дает ему больше, чем математика.  (6) Недавно кто-то – не помню кто – сказал: не будь у нас преподавания литературы, не было бы ни ракет, ни Королева, ни многого другого. 
 (7)Я убежден, что русская литература, русская культура поддержали нас в войну: «Жди меня» Симонова,  «В землянке» Суркова, тот же «Теркин»… (8)А Седьмая симфония Шостаковича – она же помогла выстоять  Ленинграду! 
 (9)Русская литература – это, помимо прочего, противоядие пошлости и нравственному уродству.  (10)Нельзя, чтобы преподавание литературы превращалось в «информацию», чтобы «Евгений Онегин» рассматривался только как «энциклопедия русской жизни».  (11)Ведь смысл преподавания не в том, чтобы научить так же гениально писать, как Пушкин,  или в свободное от серьёзных дел время получать удовольствие от стилистических красот.  (12)Уроки литературы прежде всего должны приобщать к высокой культуре, к системе нравственных ценностей. 
  (13)Полная жизнь русской классики в школе – это условие существования  нашего народа,  нашего государства; это, как принято сейчас говорить, вопрос национальной безопасности .  (14)Не читая «Онегина», не зная «Преступления и наказания», «Обломова», «Тихого Дона», мы превращаемся в какой-то другой народ.   (15)Да что там «народ»!    (16)Нас и так уже иначе как «населением» не называют. (17)Так должны же  мы как-то отстаивать себя.  
 (В.Непомнящий) 
"
294,"Текст Нечипоренко Ю. 
 (1)Детство у меня было замечательным. (2)В детстве не было денег, не было интересной работы, но всё это — дело наживное. (3)Зато в детстве
были отец и мать. 
 
 (9)Сказал ли я ей это хотя бы раз? (10)Жизнь была так заполнена важными делами, что не оставалось места обычным: забежал домой на минутку, перекусил — и опять туда, где друзья, игры и страсти. (11)На девяносто процентов я состоял из маминых забот, но не замечал их, как не чувствуем мы и совсем не видим воздуха, которым дышим. 
 (12)Мы с мамой жили рядом, но словно в разных мирах. (13)Эти миры соприкоснулись лишь однажды, когда случилась история, оказавшаяся интереснее всех приключений и затей: игры в футбол, стрельбы из самопала и запусков ракет. 
 (14)Обычно мама проводила время у плиты, в ванной или на диване — за чтением книг, помню, плакала над «Бедными людьми» Достоевского. (15)Но иногда она вдруг вскакивала с дивана, полная энергии и готовая к подвигам. (16)Её манила деловая активность, мама была полна самых смелых бизнес-планов. (17)Она любила приговаривать: «Жили бедно — хватит!» (18)Но бизнес её обычно ограничивался мечтами и смехом. (19)Она делилась с близкими своими планами, а те поднимали её на смех. (20)И напрасно, потому что главное для автора проекта — уверенность в себе, а критика близких способна уничтожить ростки самых гениальных начинаний. 
 (21)И всё же однажды мама смогла увлечь меня своим планом. (22)Речь шла о полёте на самолёте! (23)Мне отводилась роль помощника: утром она покупала на нашем базаре три ведра вишен, мы садились на самолёт и через полчаса уже оказывались в областном центре, где эти же вишни можно было продать с немалой выгодой! (24)Перспектива полетать на самолёте показалась мне столь заманчивой, что я решил поддержать маму наперекор всем сомнениям. 
 (25)В шесть часов утра мы, помогая друг другу, перекладывая вёдра с купленной вишней из руки в руку, дотащились до аэродрома. (26)На голом поле стоял вагончик и ночевала пара зелёных «кукурузников». (27)Мы забрались в брюхо самолётика, поставили под ноги вёдра и после короткого разбега с ужасным тарахтеньем взмыли в воздух. (28)Не поднимались мы выше облаков, но и от той высоты в пару сотен метров, на которой проходил полёт, дух захватило. (29)3елёная земля висела под нами, округлившись по краям и покачиваясь из стороны в сторону, как огромная ёлочная игрушка — шар на ниточке. (30)Под нами бежали поля и луга до тех пор, пока мы не увидели внизу трубы и дома большого города. (31)Со свистом в ушах, держа в трясущихся руках вёдра вишен, ступили мы на бетонное поле аэродрома. 
 (32)Конец нашего бизнес-проекта был бесславным: оказалось, что здесь на центральном рынке вишни идут по той же цене, что и на нашем базаре. (33)Сейчас мне кажется, что это было самое удачное мамино предприятие, самое удачное начинание: деньги, вложенные в этот проект, обратились в чувства. (34)Нас с мамой связало дело, в котором соприкоснулись миры взрослых и детей и благодаря которому я могу сейчас ощутить её характер в своём: я так же люблю читать и мечтать о великих делах, а потом так же вскакиваю и отправляюсь штурмовать небо в поисках лучшей доли на рынке нынешнего дня. (35)Разве что вишней не торгую... 
 
 (38)Теперь я могу сказать это только во сне, и, поднимаясь вверх, как на «кукурузнике», я опять вижу под собою землю, которая покачивается и
закругляется по краям... (39)Рядом со мной мама, мы обмениваемся взглядами. (40)Мы летим на самолёте, мы полны радужных планов. (41)На двоих у нас три ведра небесных вишен. 
 (По Нечипоренко Ю.*) 
 * *Юрий Дмитриевич Нечипоренко (род. в 1956 г.) — русский прозаик, арт-критик, художник, культуролог. 
 
"
295,"Текст Никляева В. 
 (1)...На вечерних улицах светятся огни, мерцают гирлянды фонариков на клубах, кафе. (2)Позади праздники, а между тем мы все прочно входим в будни. (3)Мы нехотя прощаемся с ожиданием чудес и подарков, мы понимаем, что праздник не может быть вечным, и вот мы просто начинаем жить, работать, решать очередные и внеочередные задачи. (4)И если спросить любого из нас, что нас сегодня обрадовало, мало кто вспомнит хоть одно радостное мгновение дня. (5)Мы смутимся и попытаемся объяснить, что нам не до радости: сколько проблем приходится решать... (6)Да, жизнь сложна, но радость пушистого снега, синих вечерних сумерек - это то, что доступно каждому из нас, причём абсолютно бесплатно. (7)Может быть, настало время задуматься: возможно, человек, не умеющий находить радость в простых, повседневных мгновениях бытия, опасен для общества. (8)Нерадостный человек дома, нерадостный на работе... (9)Можно, наверное, эту всеобщую не радостность объяснить сложнейшими проблемами времени, социума, государства, но нужно ли? 
 (10)И важно ли объяснять детям, почему так нерадостен взрослый мир? (11)Из этих детей вырастут люди с нерадостным мировосприятием, ведь их внимание сконцентрировано на грустных сторонах жизни. (12)Может быть, нам всем надо учиться находить радости среди однообразных и трудных будней? (13)И это окажется для нас всего полезней? (14)Мы привыкли стесняться радости: вокруг так много печали. (15)Наша личная радость кажется нам эгоистичной и потому скрывается. (16)Не нужно скрывать радости! (17)Нужно учиться культуре радости! (18)Сегодня очень часто радость подменяется удовольствием, из этого складывается стереотип жизни, состоящей из погони за удовольствиями, (19)Не нужно лишать себя удовольствий, нужно научиться различать эти понятия. {20)Радость всегда одухотворённа, её свет озаряет лицо человека, (21 )Удовольствие же несёт на себе налёт суетности, сиюминутности и потому не приводит к духовному развитию, росту. 
 (22)...В мире всегда существует трагедия. (23)Её предчувствие существует и среди нас: кто знает, по какому пути пойдут страна, мир, каждая отдельно взятая личность? (24)Вероятно, трудности будут. (25)Как можно противостоять им? (26)Видеть вокруг только врагов? (27)Сделать шаг к агрессии и мести? (28)Мы можем выбрать другой путь - путь радости. (29)Русский писатель Михаил Пришвин прожил долгую жизнь во время адских лет революции, войн, репрессий - и остался в памяти людей как автор светлых рассказов о природе. (30)Эго был принцип восприятия мира, сохранивший жизнь. (31)Радоваться солнцу, новому дню, встрече с человеком - вот основа долгой, плодотворной жизни. 
 (По В. Никляеву) 
  Никляев Владимир Николаевич (родился в 1961 г.) - современный публицист, автор статей, посвящённых развитию современного общества. 
  Информация о тексте 
 
"
296,"Текст Новикова Е. 
 (1)Мне поручили написать статью об известном в нашем городе учителе трудового обучения Евгении Александровиче Субботине. (2)Это был не просто талантливый конструктор, великолепный мастер. (3)Это был солнечный человек с отзывчивым, горячим сердцем. 
 (4)Я пришёл к нему прямо на работу и, попросив уделить мне несколько минут, стал задавать специально приготовленные вопросы. 
 — (5)3наешь что, Жень, мне приятно, что ты пишешь обо мне статью. (6)Там будет, наверное, много хороших слов. (7)Но я бы хотел, чтобы ты написал о другом. (8)Конечно, теперь я стал известным в городе, уважаемым человеком, но всё могло бы сложиться совсем иначе. (9)И, наверное, совсем другой была бы моя жизнь, если бы не один случай. 
 (10)У меня не было отца, не было матери. (11)Вернее, они как бы существовали, приходили ночевать и смотрели на нас, голодных и грязных, с недоумением: откуда эти дети, что они тут делают? (12)Я жил тем, что воровал или выпрашивал. (13)Подаянием кормил двух своих маленьких сестрёнок. (14)Моих родителей то и дело вызывали на какие-то комиссии, к нам постоянно приходили то участковый, то инспектор по делам несовершеннолетних. (15)Да только что они могли сделать... (16)Я рос волчонком. (17)Вокруг меня был мир, населённый людьми, они жили в тёплых домах, ели хлеб, покупали детям гостинцы, а я смотрел на них из глухого леса, где всегда было сыро и темно. (18)Вот тогда я и научился открывать любой замок, разобрался во всех видах сигнализации... (19)Но однажды я попался. (20)В квартиру внезапно вернулись хозяева, мне пришлось прыгать с третьего этажа, и я вывихнул ногу. (21)Суд. (22)Родителей нигде не могли найти, и на заседании сидела классная руководительница. (23)Ни лица, ни имени её я не помню. (24)Помню только, что она была совсем молоденькой девчонкой. (25)Прокурор задал ей какой-то вопрос, она встала и вдруг заплакала. (26)Она плакала и говорила: «Не надо сажать его в тюрьму! (27)Пожалуйста». (28)Прокурор ей строго говорит: «Не плачьте, вы на вопрос ответьте». (29)А она опять - плачет и только одно твердит: «Не сажайте его в тюрьму». (30)И в этот момент я испытал чувство, которое невозможно описать никакими словами. (31)Чужой человек плачет по тебе. (32)Это что значит? (33)Это значит, что я ей чем-то дорог, это значит, что я ей нужен. (34)Выходит, что я не посторонний, не чужой! (35)Выходит, что солнце светит и для меня, и трава на лугах - это тоже моё, и в жизни есть какое-то моё место. (36)Значит, если меня не будет, то кому-то от этого станет плохо, значит, кому-то надо, чтобы я был. (37)Я  сейчас вот пытаюсь описать свои мысли, а тогда это была какая-то безудержная радость, заполнившая всю мою душу. 
 (38)Мне дали четыре года колонии. (39)Я отсидел, вернулся и начал новую жизнь. (40)У меня было много хорошего, теперь я счастливый, состоявшийся человек. (41)Но до сих пор я не могу забыть тех слёз, которые отогрели моё закоченевшее сердце. (42)И никогда не забуду. 
 (По Е. Новикову*) 
 *Новиков Евгений Петрович - журналист, автор статей на морально-этические темы. 
"
297,"Текст Новикова И. 
 (1)Это был один из тех осенних дней, когда изнуряющая тоска давит сердце, когда промозглая сырость проникает в душу и там, как в погребе, становится темно и холодно. (2)Порывисто дул ветер, и неподвижно-тяжёлая вода в лужах начинала покрываться чёрными пупырышками. (3)Белые льдинки, похожие на обглоданные рыбьи кости, тоненько звенели о края асфальта. (4)Провисшее небо цементного цвета, озябшие осины, обмотанные грязно-серыми бинтами утренней изморози, выбеленные ночным холодом скулы зданий... (5)В такие дни кажется, что никогда больше не появится солнце, что навсегда померк свет, что наша жизнь будет безрадостно тлеть среди этого одуряюще-серого, радикулитного сумрака... 
 (6)Я ждал автобуса на остановке, возвращаясь из служебной командировки: в маленьком волжском городке я инспектировал безопасность газового оборудования городской котельной. (7)В моём портфеле лежала целая кипа предписаний, и кому-то эта проверка грозила увольнением с работы. (8)Вот почему меня встречали и провожали с обречённо-кислой полуулыбкой, как будто я был бациллой сибирской язвы, от которой никак невозможно спастись. (9)Мне робко пытались вручить пакет с сувениром и приглашали на якобы случайно совпавший с моим приездом семейный праздник, но я категорично отказался. (10)Хотя все свои проверки я проводил в точном соответствии с должностными инструкциями, на душе лежал камень. 
 (11)Люди на остановке, будто связанные по рукам и ногам пленники, застыли на месте и апатично смотрели в ту сторону, откуда должен был появиться опаздывающий автобус. (12)Ни раздражительного слова, ни весёлой шутки, ни смеха... (13)Мы все стали неотъемлемой частью тоскливого ненастья. 
 (14)Вдруг откуда-то из переулка вышел высокий, полный мужчина, который вёл за руки двух круглолицых девочек. (15)Они кружили подле отца, хлопали одна другую по плечам и самозабвенно смеялись. (16)Отец смеялся вместе с ними, поправляя девочкам капюшоны, то и дело сползающие на глаза. (17)Эта весело гомонящая троица подошла к остановке. (18)Отбиваясь от детей, отец посмотрел на расписание, потом бегло глянул на часы и, видимо поняв, что у него ещё есть время, целиком отдался игре. (19)Они шумно бегали друг за другом, с топотом кружа вокруг сваленных в кучу бетонных плит. (20)Дети смеялись так, что порой останавливались и, согнувшись, хватались за отца, чтобы не упасть. (21)Тот, большой и толстый, с широким мясистым лицом, торопливо, почти взахлёб, говорил им что-то смешное, и они, всплёскивая руками, начинали хохотать ещё сильнее. 
 (22)Пожилая женщина, пряча лицо от ветра, искоса глядела на это ликующее семейство и укоризненно качала головой: 
 (23) - Ну разве так можно?! 
 (24)А я смотрел на них и завидовал. (25)Так завидуешь людям, живущим в уютной и тёплой деревушке, мимо огоньков которой ты мчишься на поезде в морозную зимнюю ночь... 
 (26)Подошёл автобус, одна из девочек, прочитав табличку на ветровом стекле, радостно махнула рукой вопросительно кивнувшему отцу: 
 (27)-Не наш!(28)Играем! 
 (29)Мы угрюмо сели в автобус и поехали, а они остались, с блаженным визгом гоняясь друг за другом по опустевшей остановке.   
 (По И. Новикову)  
"
298,"Текст Новопрудского С. 
 (1)Включаю в новогодние праздники утром телевизор, музыкальный канал. (2)В телевизоре эти примелькавшиеся четыре привидения в синих костюмах снегурочек с милыми юбочками и востроносыми колпачками. (3)Группа «Блестящие» со своим новым хитом под названием «Новогодняя». (4)Все понятно: пришёл Новый год — ваяй сезонный хит, чтобы не забыли о твоем существовании. 
 (5)Итак, четыре девушки в клипе гадают, изображают своими нежными ручками часики, синхронно топают ножками и хлопают в ладоши. (6)Каждая поет по куплету, чтобы лицо запомнили. (7)Усердно разученные движения, вымученный текст, где пошлые слова об оставлении в старом году всего плохого и взятии в новый год всего хорошего соседствуют со строчками, напоминающими впечатления любителя галлюциногенных грибов. 
 (8)Например, такая: «Топ-топ, игрушки закружили хороводом». (9)Вы представляете себе топающие игрушки на елке? (10)Топающие шары, топающую мишуру, звездочек топающих?! (11)А тут они не просто топают — они ещё «закружили хороводом». (12)То есть, видимо, в данном тексте просто описывается действие шампанского на девушку, такое приятное головокружение. (13)Игрушки в принципе не могут закружить «хороводом», если, конечно, песня написана на русском языке. (14)Они могут «закружиться в хороводе» или «закружить хоровод». (15)Но автору текста кровь из носу надо, чтобы растопавшиеся игрушки закружили именно «хороводом», потому что другая рифма к выражению «с Новым годом» не подбирается, а песню надо сдать точно в срок, примерно за полтора месяца до наступления праздника. 
 (16)Вполне приличная рок-команда «Ногу свело» тоже создала свою «Новогоднюю». (17)Точнее, поменяла номер года в своей старой песне «С Новым годом, землячки». (18)Там, естественно, текст поизобретательнее: землячки рифмуются и с «чувачками», и с «червячками». (19)Последних в нашей поэзии с Новым годом, кажется, не поздравлял ещё никто. 
 (20)Да... (21)Под ёлочкой такое не хочется петь, потому что всё это написано не от души, а для промоушна. (22)Как тяжкая трудовая повинность. (23)А Рождество и Новый год — слишком живые, слишком человечные праздники, чтобы петь на них песни, написанные ради места под солнцем шоу-бизнеса, а не от полноты переполняющих чувств. (24)Поэтому петь мы с вами будем все те же бесхитростные, милые Jingle Bells и «В лесу родилась елочка», хотя практически никто из нас не знает ни авторов, ни первых исполнителей этих шлягеров. 
 (По С. Новопрудскому) 
"
299,"Текст Носова Е. 
 (1)Все собрались. (2)Сначала речь держал председатель здешнего колхоза, на чьей земле был сооружён этот памятник. (З)Говорил он безо всяких бумажек, любил цифру и умел её подать, а потому слушали его всегда с оживлённым вниманием. 
 (4)А я всё смотрел на цементный конус, ещё раз перечитывая фамилии. (5)Праведников Г. А., рядовой. (б)Проскурин С.М., рядовой. (7)Пыжов А.С., лейтенант. (8)Рогачёв М.В., мл. сержант. (9)Родионов Н.И., рядовой... 
 (10) Как и все остальные здесь, я тоже не знал никого из этого списка, но имена неотвратимо притягивали к себе. 
 — (11)Итоги подводить нам ещё рано, — продолжал выступающий, — но то, что мы сделали, это уже весомо. (12)Это дело чести... 
 (13)Романов Ф.С., мл. сержант, — про себя читал я. (14)Салямов М., рядовой, Санько А.Д., рядовой... 
 (15)Вчитываясь в эти фамилии, я как-то и не заметил, когда председателя сменила бойкая девчонка. (16)Я слушал эту чистенькую расторопную девчонку, а передо мной встали в памяти картины, виденные там, на войне... 
 (17)...Зимой мы сменили пехотную часть на плацдарме. (18)Поредевшую, измотанную шквальным огнём, её незаметно отвели обратно за реку. (19)Однажды я, командовавший тогда ротой, увидел в бинокль перед занятыми позициями одиноко лежащего молодого убитого бойца. (20)Кто же был этот солдат? (21)У него ведь тоже были фамилия, имя, отчество... 
 (22)И я подумал: как по-разному может сложиться судьба солдата. (23)Даже если он пал смертью храбрых. (24)Это благо, если его подобрали с поля боя, если опознали при этом и если ротный, составляя списки потерь, второпях не перепутал, не пропустил его фамилии. (25)Это благо, если донесение попало в вышестоящий штаб и если тот штаб не окружили потом, не сожгли, не разбомбили с воздуха вместе с писарскими сундуками и сейфами. (26)Если... (27)Да мало ли этих «если» на пути солдатского имени к такой вот табличке на братском обелиске! 
 (28)В это время бойкая девчонка произнесла последнюю фразу особенно звонко и, довольная, что нигде ни разу не запнулась, пылая счастливым лицом, на носочках перебежала от обелиска к стоявшим в строю ребятишкам. 
 (29)А потом, когда пригласили желающих выступить, вышла женщина, в зимней суконной шали, с заветренными руками. (30)Сразу побледнела, как только оказалась у памятника, и лишь потом выкрикнула: 
 — (31)Я вам так скажу: моих полегло двое. (32)На самом деле... все они мои... все, кто погиб... 
 (По Е. Носову*)  
 *Евгений Иванович Носов (1925-2002) — русский писатель, прозаик, автор повестей и рассказов. Участник Великой Отечественной войны. 
"
300,"Текст Носова Е.    
 (1)Вот пишут: малая родина... (2)Что же это такое? (3)Где её границы? (4)Откуда и докуда она простирается? 
 (5)По-моему, малая родина — это окоём нашего детства.(6) Иными словами, то, что способно объять мальчишеское око. (7)И что жаждет вместить в себя чистая, распахнутая душа. (8)Где эта душа впервые удивилась, обрадовалась и возликовала от нахлынувшего восторга.(9) И где впервые огорчилась, разгневалась или пережила своё первое потрясение. 
 (10)Тихая деревенская улица, пахнущий пряниками и кожаной обувью тесный магазинчик, машинный двор за околицей, куда заманчиво пробраться, тайком посидеть в кабине ещё не остывшего трактора, потрогать рычаги и кнопки, блаженно повздыхать запах наработавшегося мотора; туманное таинство сбегающего под гору колхозного сада, в сумерках которого предостерегающе постукивает деревянная колотушка, гремит тяжёлой цепью рыжий репьистый пес. (11)За садом — змеистые зигзаги старых, почти изгладившихся траншей, поросших терновником и лещиной, которые, однако, и поныне заставляют примолкнуть, говорить вполголоса... (12)И вдруг, снова воротясь к прежнему, шумно, наперегонки умчаться в зовущий простор луга с блёстками озерков и полузаросших стариц, где, раздевшись донага и взбаламутив воду, майкой начерпать в этом чёрном киселе чумазых карасей пополам с пиявками и плавунцами. (13)И вот наконец речушка, петлявая, увертливая, не терпящая открытых мест и норовящая улизнуть в лозняки, в корявую и петлючую неразбериху.(14) И если не жалеть рубах и штанов, то можно продраться к старой мельнице с давно разбитой плотиной и обвалившейся кровлей, где сквозь обветшалые мостки и в пустые проёмы буйно бьет вольный кипрей. (15)Здесь тоже не принято говорить громко: ходит молва, будто и теперь ещё в омуте обретается мельничный водяной, ветхий, обомшелый, и будто бы кто-то слыхал, как он кряхтел и отдувался в кустах, тужась столкнуть в омут теперь уже никому не нужный жернов. (16)Как же не пробраться туда и не посмотреть, страшась и озираясь, лежит ли тот камень или уже нет его...(17) За рекой — соседняя деревня, и забредать за реку не полагается: это уже иной, запредельный мир.(18) Там обитают свои вихрастые окоемщики, на глаза которых поодиночке лучше не попадаться... (19)Вот, собственно, и вся мальчишеская вселенная. (20)Но и того невеликого обиталища хватает с лихвой, чтобы за день, пока не падет солнце, набегаться, наоткрывать и навпечатляться до того предела, когда уже за ужином безвольно начнет клониться опалённая солнцем и вытрепанная ветром буйная молодецкая головушка, и мать подхватывает и несёт исцарапанное, пахнущее рогозом и подмаренником, отрешённое, обмякшее чадо к постели, как с поля боя уносит павшего сестра милосердия.(21) И видится ему сон, будто взбирается он на самое высокое дерево, с обмирающим сердцем добирается до вершинных ветвей, опасно и жутко раскачиваемых ветром, чтобы посмотреть: а что же там дальше, где он ещё не бывал? (22)И вдруг что-то ломко хрустит, и он с остановившимся дыханием кубарем рушится вниз. (23)Но, как бывает только во снах, в самый последний момент как-то так удачно расставляет руки, подобно крыльям, ветер упруго подхватывает его, и вот уже летит, летит, плавно и завораживающе набирая высоту и замирая от неописуемого восторга. (24)Малая родина — это то, что на всю жизнь одаривает нас крыльями вдохновения. 
 (По Е. И. Носову) 
"
301,"Текст Носова Н. 
 (1)На Галицкой площади был огромнейший рынок. (2)Как раз в том месте площади, где кончался Бибиковский бульвар, был построен ряд новых деревянных лавок. (3)Одна из этих лавок была дяди-Володина. (4)Торговля в этой лавке велась дёгтем, колёсной мазью, мелом для побелки стен – в общем, всем, что могло понадобиться крестьянам, привозившим на рынок продукты своего хозяйства. (5)Кроме того, торговали древесным углём, употреблявшимся в те времена повсеместно для жаровен и самоваров. 
 (6)Держать уголь в лавке было нельзя, так как он всё вокруг пачкал. (7)Весь запас этого товара хранился в специальном амбаре. (8)Было, однако, хлопотно каждый раз закрывать лавку и отправляться с покупателем в амбар, чтобы отпустить уголь. (9)Поэтому дядя Володя придумал, чтоб на время летних каникул мы с братом по очереди сидели в амбаре и отпускали покупателям уголь. 
 (10)Этот амбар – огромнейший погреб, то есть наполовину врытый в землю сарай с серым цементным полом и потолком и такими же цементными стенами. (11)В этом бункере имелось лишь одно крошечное, забранное железной решёткой окно, к тому же находилось оно не на обычном уровне, как в домах, а высоко под потолком, как это делается в тюрьмах. (12)Кроме маленького кусочка неба, в это окно ничего не было видно. 
 (13)Особенно тягостными были для меня первые дни сидения в этом угольном каземате. (14)Покупатели являлись нечасто, поэтому скучать приходилось главным образом в одиночестве. (15)Сидя на стуле, я глядел на кучу угля, над которой в серебристой полоске солнечного луча, падавшего из окна, танцевали мириады угольных пылинок. 
 (16)Когда глаза мои полностью освоились с царившим вокруг полумраком, моё внимание привлекла лежавшая в одном из тёмных углов подвала куча того, что теперь называют макулатурой. (17)Здесь были старые газеты, журналы, непереплетённые книжки собраний сочинений разных писателей. (18)По мере надобности дядя Володя брал из этой кучи бумагу и относил её в лавку для завёртывания покупок. 
 (19)Как только эта куча попалась мне на глаза, я принялся читать книгу за книгой и в сравнительно небольшой срок прочитал полные собрания сочинений Гауптмана, Ибсена, Гамсуна, Метерлинка и ничего или почти ничего в них не понял. 
 (20)Однажды, роясь в куче бумажного хлама, я вытащил какую-то старую, истрёпанную книжонку, в которой листочки еле держались, а некоторые и вовсе были оторваны. (21)Обложка истёрлась до такой степени, что мне с трудом удалось прочитать название. (22)Это были сказки Ганса Христиана Андерсена. (23)Я хотел эту книжку тут же бросить обратно в кучу, но подумал: если она так сильно потрёпана, то это потому, должно быть, что её читали многие люди, а раз так, то, наверное, она интересная. (24)Я начал эту книгу читать и уже не мог от неё оторваться. (25)Хотя я уже знал в то время, что сказки – это <…>, мне казалось, что в этих сказках изображена самая настоящая, самая доподлинная жизнь. 
 (26)Особенно сильное впечатление произвела на меня в этой книжке история, которая называлась «Гадкий утёнок». (27)Я очень сочувствовал бедному утёнку, потому что мне самому приходилось в жизни терпеть много обид: и от страшной собаки, и от бешеного Стёпки-растрёпки, и от ребятишек, которые дразнили меня, и от насмешливых покупателей. (28)Кроме того, мне пришлось остаться в подготовительном классе на второй год, и меня всё время сверлила мысль, что, как только окончится лето, я снова пойду в школу и все ребята, с которыми я учился в прошлом году, будут подходить ко мне и с презрением говорить: «Эх, ты! (29)Остался на второй год! (30)Мы теперь будем первоклассники, потому что мы умнее! (31)А ты глупый! (32)Ты глупый гадкий утёнок, вот ты кто!» 
 (По Н. Н. Носову*) 
 *Николай Николаевич Носов (1908–1976 гг.) – писатель-прозаик, драматург, киносценарист. 
 Информация о тексте 
 
"
302,"Текст Овчинниковой Л.  
 (1)Почти каждый, кто воевал, был ранен хотя бы однажды. (2)Кто-то помог ему на поле боя. (3)И сам он спасал других. (4)Помощь товарищу, подчас связанная со смертельным риском, стала обыкновенным делом каждого дня войны.  
 (5)Шёл 1942 год. (6)Однажды, вернувшись в лагерь, партизаны одного из отрядов Белоруссии принесли раненого Степана Несынова. (7)Осколок задел бедро, прошил тело. (8)Фельдшер отряда Александр Вергун, осмотрев раненого, сказал: нужна операция. (9)Сделать её в лесу невозможно. (10)Все поняли, что Степан обречён. (11)Ему было двадцать лет.  
 (12)Перед опасностью все равны на войне. (13)Глядя на раненого товарища, беспомощно распластанного на плащ-палатке, партизаны думали о том, что такое могло случиться с любым из них. (14)И боль товарища переживали, как свою собственную. 
 (15)Никто ещё не знал в лагере, что командир М.К. Бажанов и комиссар А. И. Авдеев, склонившись над картой, стали прочерчивать маршрут из партизанского отряда к линии фронта. (16)Чтобы из-под Орши добраться до передовой, нужно было пройти по районам Витебской и Смоленской областей. 
 (17)Из всех добровольцев отобрали шестерых отважных ребят: Павла Маркина, Виктора Правдина, Сергея Щербакова, Алексея Андреева, Ивана Головенкова. (18)Старшим группы шёл Борис Галушкин.  
 (19)В партизанском отряде спешно собирались в дорогу. (20)Готовили носилки: к двум жердям прикрепили палатку.  
 (21)Укладывали в вещмешки патроны и сухари. (22)Раненый Степан попросил положить рядом с ним гранату, привязал к кольцу шпагат. (23)Если будут окружать враги, он сам дёрнет за кольцо... (24)Отправляясь в путь, никто не знал, какие придётся преодолеть трудности и испытания.  
 (25)Партизаны всегда находились в окружении, продуктов часто не хватало так же, как и патронов. (26)Поэтому, когда взяли на плечи раненого, почувствовали, как ослабли. (27)Часто сменяли друг друга. (28)Несли носилки, буквально шатаясь от усталости, местами, подняв их над собой, пробирались по пояс в болоте. (29)Шли только по ночам. (30)Выбирали самые глухие места в лесу.  
 (31)«Тяжелее всех, конечно, приходилось раненому, - рассказывает Виктор Александрович Правдин. - Мы же трясли его, спотыкаясь в лесной чащобе. (32)К тому же многие из нас из-за плохого питания заболели куриной слепотой. (ЗЗ)Все предметы и расстояния в сумерках представлялись нам искажёнными. (34)Мы часто падали. (35)Даже роняли носилки. (36)Степан переносил всё мужественно». (37)В пути рану обрабатывали с помощью спирта и марганцовки, бинты кипятили над костром, нередко набрав в котелок болотной воды. (38)Потом на бинты пошли нательные рубашки.  
 (39)Маленький подвижный гарнизон в любой момент был готов принять бой... (40)Чуть не попали в окружение к немцам, остановившись на ночь в одной из деревень...(41) С боем пересекли железную дорогу и спаслись, отчаянно отстреливаясь, только в болотах, скрывшись в темноте. (42)Партизаны вышли к своим в одном из районов Калининской области на девятнадцатый день пути.  
 (43)На войне не раз происходили случаи, которые выходили за рамки обычных представлений о возможностях человеческой воли и его телесных сил. (44)Хирурги военного госпиталя установили, что состояние ран у Степана Несынова за время трудной дороги не ухудшилось, а улучшилось. (45)Не случилось заражения крови и загноения. (46)И это несмотря на болотную грязь, холод, тряску.  
 (47)В подвиге товарищества сказался характер будущих победителей. (48)Они готовы были превозмочь и казавшуюся непосильной работу, и опасности, которые окружали их со всех сторон. (49)Воля к жизни соединилась с волей к Победе. (50)Спустя годы В.А. Правдин скажет: «Степан Несынов выжил потому, что верил в нас, а мы верили друг другу».  
 (По Л. П. Овчинниковой) 
 
"
303,"Текст Олеши Ю. 
 (1)3олотая полка — это та, которая заводится исключительно для любимых  книг. 
 (2)Но где же раздобыть такую? (3)Пожалуй, нужно заказать столяру. (4)Но я  ограничиваюсь только мечтой, как будто трудно и в самом деле позвать столяра, потолковать с ним, описать ему, что я именно имею в виду. (5)Увы, всё же не  зову, и мечта почему-то остается неисполненной. 
 (6)Может быть, не завожу этой полки из-за отсутствия в продаже золотой бумаги? (7)Наверно, теперь её продают (8)Помню эти золотые с тиснёным рисунком листы, которые так украшали детство. (9)Для чего они продавались? (10)Кажется, они применялись при изготовлении ёлочных игрушек. (11)Лист был величиной с нормальный лист писчей бумаги, обратная сторона которого, в данном случае хочется сказать подкладка, была белая и какая-то странная, чуть-чуть пушистая. (12)На ней был тиснёный рисунок с цветами. 
 (13)Может быть, я не могу осуществить свою мечту потому, что не так легко золотой полке стать реальностью. (14)Всё же это золотая полка, а на ней должны стоять золотые книги, которые трудно собрать. 
 (15)Парадоксально, но наиболее замечательные книги, которые мы в течение жизни постоянно перечитываем, забываются, не удерживаются в памяти. (16)Казалось бы, должно быть наоборот: книга, произведшая на нас впечатление да ещё читанная не однажды, должна была бы запомниться во всех подробностях. (17)Нет, этого не происходит. (18)Разумеется, мы знаем, о чём в основном идёт в этой книге речь, но как раз подробности для нас неожиданны, новы. (19)Безусловно, так. (20)Замечательную книгу мы читаем не один раз в жизни и каждый раз как бы заново, и в этом удивительная судьба авторов золотых книг они не ушли, не умерли, они сидят за своими письменными столами или стоят за конторками, они вне времени. (21)Каждый из нас в течение всей жизни собирает свою золотую полку, и это дело очень непростое, но эти книги, их герои помогают нам жить и лучше понимать жизнь.   (По Ю. Олеше) 
"
304,"Текст Олеши Ю. 
 (1) Нет ничего прекрасней кустов шиповника! (2) Помните ли вы их, милый читатель? (3) Мой вопрос не слишком невежлив; ведь верно же, что многие и многие проходят мимо множества чудесных вещей, стоящих или двигающихся по пути. (4) Мимо деревьев, кустов, птиц, детских лиц, провожающих нас взглядом где-то на пороге ворот... (5) Красная узкая птичка вертится во все стороны на ветке - видим ли мы её? (6) Утка опрокидывается головой вперёд в воду - замечаем ли мы, как юмористично и обаятельно это движение, хохочем ли мы, оглядываемся ли, чтобы посмотреть, что с уткой? 
 (7) Её нет! (8) Где она? (9) Она плывёт под водой... (10) Подождите, она сейчас вынырнет! (11) Вынырнула, отшвырнув движением головы такую горсть сверкающих капель, что даже трудно подыскать для них метафору. (12) Вынырнув, она делает движения головой, чтобы стряхнуть воду, и кажется, будто она утирается после купания всем небом! 
 (13) Как редко мы останавливаем внимание на мире! (14) Вот я и позволяю себе поэтому напомнить читателю о том, как красив шиповник. (15) В тот день он показался мне особенно красивым. (16) Может быть, потому, что я несколько лет не встречал его на своем пути. 
 (17) Что же и в самом деле самое прекрасное из того, что я видел на земле? 
 (18) Как-то я хотел ответить на этот вопрос, что самое прекрасное - деревья. (19) Может быть, это и правда деревья? (20) Некоторые из них действительно прекрасны. (21) Я помню сосну на каком-то холме, пронёсшемся мимо меня в окне вагона. (22) Она была чуть откинута назад, что было великолепно при её высоте, была освещена закатом - причём не вся, а только в своей вершине, где ствол стал от заката румяным, а хвоя глубоко зелёной... (23) Этот ствол уходил косо, как уходит лестница, в небо. (24) Эта хвоя - венец - темнела в синеве и как бы ходила там, образуя круг. (25) Я запомнил на всю жизнь это дерево, которое, по всей вероятности, и сейчас ещё стоит на том же холме, всё так же откинувшись... 
 (26) Я часто гуляю один, и тем не менее моя связь с некоей станцией не нарушается. (27) Очевидно, при каждом моём шаге с тех пор, как я явился в мир, мною заведует внешняя среда, очевидно, солнце, которое движет мною, и является моей вечной заряжающей станцией. 
 (28) Что же это - солнце? (29) Ничего не было в моей человеческой жизни, что обходилось бы без участия солнца, как реального, так и метафорического. (30) Что бы я ни делал, куда бы я ни шёл, во сне ли, бодрствуя, юным, старым, - я всегда был на кончике луча.    (По Ю. Олеше) 
 ПРОЧИТАТЬ СОЧИНЕНИЕ 
"
305,"Текст Олеши Ю. 
  (1)Когда я начал учиться в гимназии, мне было лет одиннадцать. (2)Всего одиннадцать лет отделяли меня от моего несуществования в мире,
а я уже был в форменной фуражке, в тужурке, перехваченной кожаным поясом с металлической бляхой посередине живота. (3)Уже я стоял перед географической картой двух полушарий, смотрел на лиловые многоугольники колоний, на раковину Мадагаскара, читал и понимал слово «Великобритания». (4)Уже я писал готические немецкие буквы, уже думал о героях истории, которые были до меня –   до моих одиннадцати лет… 
 (5)Как я воспринимал то обстоятельство, что я живу ещё немного, начал жить ещё очень недавно? (6)Я этого обстоятельства вообще не воспринимал. (7)Скорее, другие мне говорили, что я маленький. (8)Сам я, повторяю, этого не чувствовал, об этом не размышлял. (9)Я не думал о том, что можно быть каким-нибудь другим, кроме того, кем я был. (10)Если мне хотелось быть взрослым, то я думал не о физических изменениях, а только о тех возможностях, которые даны взрослому: не готовить уроки, есть сколько хочешь пирожных. (11)Я был человек, просто человек, не зная о себе, что я маленький, что только недавно явился в мир, что расту, узнаю, постигаю и тому подобное. (12)Именно –  я был просто человек… 
 (13)Я думал, что после окончания гимназии я куплю велосипед и совершу на нём поездку по Европе. (14)Первая мировая война ещё не начиналась, ещё всё было очень старинно: солдаты в чёрных мундирах с красными погонами, зверинец на Куликовом поле с одним львом, говорящая голова в зеркальном ящике в балагане. (15)Ещё бывала первая любовь, когда девочка смотрела на тебя с балкона, и ты думал, не уродлив ли ты. (16)Ещё отец девочки, моряк в парадном мундире, гремя палашом1, шёл тебе навстречу и отвечал тебе на поклон, отчего ты бежал во весь дух, сам не зная куда, обезумевший от счастья. (17)Ещё продавали из-за зелёного прилавка квас по две копейки за стакан, и ты возвращался после игры в футбол, неся в ушах звон мяча… 
 (18)Я не купил велосипеда и не совершил путешествия по Европе. (19)Горел Верден, Реймский собор, в котором в своё время венчалась с французским королём дочь Ярослава Мудрого. (20)Появились первые танки, и впервые аэропланы стали сбрасывать бомбы. (21)Однако в музеях по-прежнему висели необыкновенные картины, прекрасные, как деревья на закате. (22)Во сне я иногда вижу своё пребывание в Европе, которого никогда не было. (23)Чаще всего мне снится Краков в виде стены, идущей кверху вдоль дороги, старой стены, с которой свисают растения, стучащие по ней ветками и шелестящие цветами… 
 (24)Удивительная работа воспоминания. (25)Мы вспоминаем нечто по совершенно неизвестной нам причине. (26)Скажите себе: «Вот сейчас я вспомню что-нибудь из детства», закройте глаза и скажите это. (27)Вспомнится нечто совершенно непредвиденное вами. (28)Участие воли здесь исключено. (29)Картина зажигается, включённая какими-то инженерами позади вашего сознания. 
 (30)Какая чудесная вещь –  свобода воспоминаний! (31)Какая прелесть в том, что они появляются, как им угодно, и никак мы не можем заставить себя вспомнить именно это, а не другое. (32)Разумеется, есть точная закономерность этого возникновения, но – дудки –  мы её никогда не поймём. 
 (33)Так, вспоминаю я, как вышли мы в море на яхте «Увлечение». (34)Мы –  это знаменитый одесский врач Егор Степанович Главче, его приёмный сын Андронька и я, маленький мальчик Юра. (35)Долго следовало бы описывать яхту: она плоская, вы почти не возвышаетесь над водой –  длинная, узкая, летящая. (36)Нет, это настолько плохое описание, что оно сворачивается. (37)Воспоминания не последует, только опишем, как при нашем возвращении горела вдали огнями Одесса, покинутая нами утром, как, казалось, перебегают с места на место огни, исчезают, опять загораются, как дышит и ходит всё это поле огней… 
 (38)Нет, и это воспоминание, как видно, не получится! (39)Как тихонько под самыми пальцами, которые вы опускали в воду, рокотало и бежало атласное море, рокотало и бежало, тёмное, бежало навстречу нам низко-низко под бортом яхты, на расстоянии локтя –  ещё одного локтя, потому что вы сидели облокотившись… 
 (40)Я ещё люблю вспоминать. (41)Я мало что знаю о жизни. (42)Но мне больше всего нравится, что в ней есть звери, большие и маленькие, что в ней есть звёзды, выпукло и сверкающе смотрящие на меня с ясного неба, что в ней есть деревья, прекрасные, как картины, и ещё многое и многое… 
 (По Ю.К. Олеше*) 
 * Юрий Карлович Олеша (1899–1960) – русский советский писатель, поэт и драматург, журналист, киносценарист. 
"
306,"Текст Орлова Д. 
 (1)Каким образом Пирятинский раздобыл для своей школы такого педагога, как Титов, остаётся загадкой. (2)А теперь и не спросишь... 
 (3)Было известно, что у него есть основная, помимо школы, работа — редактора. (4)Но, видимо, педагогика влекла. (5)И он взял себе один класс, чтобы провести в нём литературу от восьмого до десятого. (6)Я оказался именно в этом классе. (7)Судьба! 
 (8)Для знакомства Сан Саныч дал нам домашнее задание: описать самое памятное впечатление минувшего лета. 
 (9)То лето я провёл на море, на Чёрном, в Кобулети под Батумом. (Ю)Кто о чём, а я решил рассказать о море. 
 (11)О лаврах Айвазовского в прозе мечтать, конечно, не приходилось, но, как выяснилось, вообще все трудности предусмотреть сложно. (12)Банальностей типа «море было большое», а тем более «море смеялось» мне удалось избежать, но всё-таки за сочинение я получил от Сан Саныча полновесный кол, то есть единицу, то есть — хуже некуда. (13)Была и разборчивая резолюция красным: «Сочинение интересно попыткой описать море, очень много ошибок». 
 (14)Воспроизводя на бумаге впечатления от морских красот, я умудрялся обходиться без запятых. (15)Некоторые, правда, стояли, но не на тех местах, где бы им следовало стоять. 
 (16)Лучше всех тогда написал Коля Борох. (17)Его сочинение Сан Саныч даже зачитал вслух. (18)Сейчас Николай — известный в стране экономист, профессор в Высшей экономической школе. (19)А тихий Серёжа Дрофенко вообще о своих летних впечатлениях рассказал стихами. (20)Потом он тоже стал известен: возглавлял отдел поэзии в журна¬ле «Юность». 
 (21)0днажды Сан Саныч появился перед нами с большой стопой книг. (22)Водрузил их на кафедре. (23)Там оказались «Хаджи Мурат», «Обрыв» Гончарова, Писарев, «Грибоедов и декабристы» Нечкиной и много другого, что не входило в список для обязательного школьного прочтения. 
 - (24)Сейчас каждый возьмёт по одной из этих книг, — сообщил Сан Саныч. — (25)Прочитаете — передадите дальше. (26)Будете обмениваться. (27)До конца года всем надо прочитать всё. (28)А весной по¬лучите по книге в подарок. 
 (29)Весной мне достались «Поэты пушкинской поры» — томик салатного цвета в твёрдом переплете. (30)Он и сейчас у меня. 
 (31)Ну а дальше отцу выделили квартиру в офицерском доме на Хорошёвке, и мы наконец смогли покинуть армейскую гостиницу на площади Коммуны. (32)Пришлось прощаться и с Марьиной рощей, и с её 607-й школой — не таскаться же через всю Москву! (ЗЗ)Но ещё целый год потом я регулярно приезжал в старую школу на уроки Сан Саныча. 
 (34)Но почему позже — после школы, после университета — я так ни разу и не позвонил ему? 
 (35)Одно время в десять вечера грозный голос из телевизора спрашивал: «Ваши дети дома?!» 
 (36)Никогда не спрашивают: «Вы позвонили своим старикам?» 
 (37)Надо было прожить не короткую жизнь, чтобы понять, как это важно. (38)Такой звонок, думается, очень важен не только для того, к кому обращен, но и для звонящего. (39)Упущенная возможность сделать твоему старику хотя бы малое добро потом навсегда поселится в тебе пульсирующей болью: будет то затихать, то возникать снова. (40)Понял это только сейчас, с очень большим опозданием... 
 (41)Доброе слово вослед Сан Санычу я всё-таки послал. (42)Как сумел. 
 (43)Он выведен под своим подлинным именем — Александр Александрович Титов — в полнометражном художественном фильме «Лидер». (44)Там десятиклассник Боря Шестаков, перешедший в новую школу, убегает в старую — на уроки своего любимого учителя литературы. 
 (По Д. Орлову) 
 Даль Константинович Орлов (род. в 1935 г.) — киносценарист, заслуженный деятель искусств РСФСР. 
"
307,"Текст Орлова Д. 
 (1)Аптека души…(2)При раскопках дворца одного из фараонов Древнего Египта археологи обнаружили богато украшенное помещение со странной надписью у входа: «Аптека души». (3)Аптека – место, где делают и продают лекарства, чтобы лечить болезни человеческого тела. (4)А что же такое «аптека души»? 
 (5)Однажды в нашей 607-й школе появился новый учитель. (6)Директор объяснил, что это наш новый преподаватель литературы, что зовут его Александр Александрович Титов, что просит любить его и жаловать. (7)Всё это время с лица гостя не сходило выражение лёгкой досады: (8)«Ну ладно, хватит уже, оставьте, мы разберёмся сами». 
 (9)Первое появление Сан Саныча запомнилось не случайно. (10)По программе на этом уроке полагалось начинать «проходить Толстого». (11)Мы и начали. (12)Но как! 
 (13)Уже через несколько минут новый учитель лицом к классу, раскрыв томик Горького, стал неторопливо и вразумительно читать по нему очерк о Льве Толстом. 
 (14)Мы, что называется, оторопели. (15)Оторопели прежде всего от непривычности проявленного к нам доверия: можно слушать, можно и отключиться. (16)В классе повисла абсолютная тишина. (17)Захватила сама увлекательность такого труда – слушать, только слушать, а не записывать, и не напрягаться для ответов, не тосковать от обязательности запоминания. (18)И захватила магия звучащего мастерского литературного слова, которое в исполнении чтеца как будто разогревала воздух, погружала нас, слушающих, в гипнотическую словесную ауру. 
 (19)Добавлю, что весьма непростая эта литературная вязь была адресована нам без скидок на нашу возможную неготовность оценить её по достоинству. (20)Тем не менее слушайте, тянитесь, верьте в себя – это теперь принадлежит и вам тоже! (21)Так можно было понять, да так и хотелось понимать происходящее. 
 (22)В центре послевоенной хулиганистой Марьиной Рощи, в оторопевшем от предложенных ему гуманитарных горизонтов классе, сплошь состоящем из всегда голодных, обношенных и при этом, конечно, искрящихся тайным подростковым зовом непременно состояться мальчишек, – в таком вот классе звучал удивительный текст об удивительном их соотечественнике. 
 (23)«Видел я его однажды так, как, может быть, никто не видел: шёл к нему в Гаспру берегом моря и под именем Юсупова, на самом берегу, среди камней, заметил его маленькую, угловатую фигурку, в сером, помятом тряпье и скомканной шляпе. (24)Сидит, подперев скулы руками, – между пальцев веют серебряные волосы бороды, – и смотрит вдаль,  в море, а к ногам его послушно подкатывают, ластятся зеленоватые волнишки, как бы рассказывая нечто о себе старому ведуну…(25)В задумчивой неподвижности старика почудилось нечто вещее, чародейское, углублённое во тьму под ним, пытливо ушедшее вершиной в голубую пустоту над землёй, как будто это он – его сосредоточенная воля – призывает и отталкивает волны, управляет движением облаков и тенями, которые словно шевелят камни, будят их…(26)Не изобразить словом, что почувствовал я тогда: было на душе и восторженно и жутко, а потом всё слилось в счастливую мысль:(27)«Не сирота я на земле, пока этот человек есть на ней!» 
 (28)Не сиротами были и мы, потому что был этот человек. (29)Сан Саныч пронзил наши души Толстым – с помощью горьковского текста, дал нам лекарство от всяческого безобразия. (30)Каким образом директор раздобыл для своей школы такого педагога, как Титов, остаётся загадкой. (31)А теперь и не спросишь…(32)Может быть, они вместе воевали…(33)Александр Александрович, которого мы сразу упростили до Сан Саныча, был контужен под Сталинградом. (34)С тех пор плохо слышал. (35)Глухота у него получалась странная: в определённом регистре она вообще не давала о себе знать, но если собеседник форсировал голос, она сразу себя сказывала. (36)Тогда он просил, чтобы мы говорили тише. (37)Но это нам не мешало. (38)Именно там, на занятиях у Сан Саныча, мы услышали известную запись голоса Льва Толстого – обращение к яснополянским детям. (39)Перенесённый с эдисоновских восковых валиков на пластинку голос слышен отчётливо в каждом слове: (40) «Спасибо, ребята, что ходите ко мне!.. (41)А то, что я вам говорю, нужно для вас будет. (42)Помните, когда уж меня не будет, что старик говорил вам добро». 
 (По Д. Орлову*) 
 *Даль Константинович Орлов (родился в 1935 г.) – киновед, сценарист, заслуженный деятель искусств РСФСР (1984). 
 Информация о тексте 
 
"
308,"Текст Орлова Д. 
 (1)Толстой вошёл в мою жизнь, не представившись. (2)Мы с ним уже активно общались, а я всё ещё не подозревал, с кем имею дело. 
 (3)Мне было лет двенадцать, то есть после войны прошло около двух лет, когда маму на лето назначили директором пионерского лагеря. 
 (4)И однажды к нашему дому подвезли на грузовичке и горой вывалили в комнате прямо на пол книги –  основательно бывшие в употреблении, но весьма разнообразные по тематике. (5)Кто-то заранее побеспокоился, не без маминого, думаю, участия, чтобы для детей была создана библиотека. 
 (6)«Ваше любимое занятие?» – (7)«Рыться в книгах». (8)Это и про меня. (9)Тогда, в детстве, тоже рылся. (10)Пока в один счастливый момент не выудил из этой горы потрёпанный кирпичик: тонкая рисовая бумага, старинные буквы «еры» и «яти», обложек нет, первых страниц нет, последних нет. (11)Автор – инкогнито. 
 (12)Глаз упал на начало, которое не было началом, а дальше я оторваться от текста не смог. (13)Я вошёл в него, как в новый дом, где почему-то всё оказалось знакомым: никогда не был, а всё узнал. (14)Поразительно! (15)Казалось, неведомый автор давно подсматривал за мной, всё обо мне узнал и теперь рассказал: откровенно и по-доброму, чуть ли не по-родственному. 
 (16)Написано было: «По тому инстинктивному чувству, которым один человек угадывает мысли другого и которое служит путеводною мыслью разговора, Катенька поняла, что мне больно её равнодушие...» (17)А ведь сколько раз и мне случалось, как и неведомой Катеньке, в разговоре инстинктивно угадывать «мысли другого»! (18)Как точно... 
 (19)Или в другом месте: «Глаза наши встретились, и я понял, что он понимает меня и то, что я понимаю, что он понимает меня...» (20)Опять лучше не скажешь! (21)«Я понимаю, что он понимает...» 
 (22)И так на каждой странице. (23)«В молодости все силы души направлены на будущее... (24)Одни понятные и разделённые мечты о будущем счастье составляют уже истинное счастье этого возраста». (25)Опять моё! (26)Так и есть: каждый день твоих детства-отрочества, если они нормальны, будто сплавлен с солнцем и светом ожидания, чтобы твоё предназначение состоялось. (27)Но как выразить вслух это снедающее тебя предчувствие, можно ли передать его словами? (28)Пока ты мучим неодолимой немотой, этот автор-инкогнито всё за тебя успел рассказать. 
 (29)Но кто он был – неведомый автор? (30)Чья такая волшебная книга оказалась у меня в руках? 
 (31)Надо ли говорить, что ни в какую библиотеку она не поехала: с обглоданными своими началом и концом она осталась у меня лично. 
 (32)Позже я узнал её и в переплёте: «Детство», «Отрочество», «Юность» Льва Николаевича Толстого. (33)Вот так Толстой вошёл в мою жизнь, не представившись. 
 (34)Иллюзия узнавания – непременная особенность классических текстов. (35)Их авторы –  классики, потому что пишут для всех. (36)Это верно. (37)Но они ещё и потому вечные классики, что пишут для каждого. (38)Это верно в не меньшей степени. 
 (39)Юный простак, я «купился» именно на последнее. (40)Эксперимент был проведён чисто: автора скрыли. (41)Магия имени не довлела над восприятием текста. (42)Текст сам отстоял своё величие. 
 (43)Толстовская «диалектика души», впервые отмеченная нелюбезным Владимиру Набокову Николаем Чернышевским, как шаровая молния в форточку, сияя, влетела в очередное неопознанное читательское сердце. 
 (По Д. К. Орлову*) 
 * Даль Константинович Орлов (род. в 1935 г.) – критик, драматург, сценарист, публицист. 
"
309,"Текст Павлюченко Э. 
 (1)14 декабря 1825 года на Сенатской площади в Петербурге произошло восстание декабристов - открытое выступление молодых дворян,   находившихся  на  военной   службе,   против   самодержавия  и крепостного права. (2)Восстание декабристов было жестоко подавлено. (3)Пять декабристов были казнены. (4)Более ста - осуждены и отправлены на каторгу и поселение в Сибирь. 
(5)3а этой сухой исторической справкой - трагедии сотен людей. (6)Тяжёлые испытания выпали на долю многих дворянских семей... 
 (7)Первыми, кто встал на сторону своих мужей - участников восстания, были их жёны. (8)Они начали бороться за близких, пуская в ход всё: деньги, родственные связи, влиятельные знакомства, прошения на «высочайшее имя». (9)Одиннадцать женщин, разных по социальному и материальному положению, по уровню культуры, едут в Сибирь за своими мужьями. (10)Эти женщины, уделом которых была семья, даже не подозревавшие о существовании тайных обществ, смело отправились в Сибирь. (11)Они вынуждены были оставить своих детей и родителей, так как царь разрешил ехать только жёнам. 
 (12)Бывшие княгини, графини, генеральши жили в крестьянских избах со слюдяными окнами и дымящейся печью, готовили обед и отправляли его в тюрьму, чтобы поддержать своих близких, часто «сидели на чёрном хлебе с квасом». (13)В 1827 году в Чите Александра Григорьевна Муравьёва пишет, что желает разделить участь мужа, государственного преступника, и готова жить среди арестантов, там, где они будут содержаться. (14)Император Николай отнял у них все имущественные наследственные права, разрешил тратить только нищенские суммы и повелел отчитываться в своих расходах перед начальником рудников. 
 (15)На четвёртом году заключения с узников сняли кандалы, и декабрист Николай Бестужев сделал из них женщинам кольца, которые те с гордостью носили. 
 (16)Женщины не только кормили и утешали, они сплачивали осуждённых, морально поддерживали их. (17)Самоотверженные и преданные жёны, они не знали в вопросах любви и дружбы ничего невозможного. 
 (18)Они пошли за своими мужьями, когда им не исполнилось ещё и тридцати. (19)Александрине Муравьёвой - жене Никиты Муравьёва (автора проекта конституции Северного общества) - в момент её приезда в Сибирь было 23 года. (20)Жёны декабристов оказались в добровольном изгнании. (21)Что заставило их принять такое решение? (22)Супружеский долг? (23)Чувство справедливости? (24)Сострадание к ближнему? (25)3абота об облегчении участи мужа? 
 (26)«Эти женщины бросили всё: богатство, связи и родных, всем пожертвовали для высочайшего нравственного долга... (27)Ни в чём не повинные, они в долгие двадцать пять лет перенесли всё, что перенесли их осуждённые мужья», - писал Фёдор Михайлович Достоевский.  (По Э. Павлюченко) 
"
310,"Текст Паперного З. 
 Наедине с толпой. 
 (1)Человек в условиях многолюдства – вот одна из самых животрепещущих тем нашего времени. 
 (2)Человек не с ближним, а с группой, массой, тьмой ближних. (3)Наедине с толпой. 
 (4)Давайте совершим прогулку по Москве и понаблюдаем, как ведёт себя человек  в сегодняшнем городе. 
 (5)Редкая поездка по столице обходится без метро. (6)Высокие тяжёлые двери безостановочно хлопают. (7)Плотный паренёк, видимо распрекрасно настроенный, насвистывая что-то, толкает дверь ногой. (8)Богатырское движение! (9)Дверь отлетает, парень ловко проскакивает, но не придерживает её за собой, и она успевает хорошо стукнуть нерасторопную старушку. (10)Та пыталась было проскочить вместе с парнем, но, явно уступая ему в силе и ловкости, не успела. 
 (11)По эскалатору мы спускаемся зигзагообразными перебежками. (12)Известно, что стоять надо справа, проходить слева. (13)Но рекомендация эта соблюдается не всеми, и приходится лавировать между стоящими ""как надо"" и ""как не надо"". 
 (14)Вышли на платформу. (15)Приближается поезд. (16)Нам предстоит сесть в вагон. (17)Операция, казалось бы, немудрёная: сначала пассажиры выходят, затем – входят. (18)Но обратите внимание вон на ту женщину перед дверьми. (19)Она не в силах удержать себя – дождаться, пока выйдет последний пассажир, и после каждого выходящего делает попытку проскочить в вагон. (20)Поэтому толпа выходит из дверей не плавно, а как-то судорожно – так выливается из опрокинутой бутылки густая позавчерашняя простокваша. 
 (21)О том, уступать ли место женщине, мы здесь говорить не будем. (22)Картина, в общем, ясная: сидят главным образом мужчины. (23)А если женщины, то либо такие старые, что им уж не уступить невозможно, либо, наоборот, молодые, тренированные, занимающиеся, видимо, спортом, способные опередить и зазевавшегося мужчину... 
 (24)Итак, человек не с ближним, а наедине с толпой. (25)Может быть, тут вообще неуместно говорить о воспитанности? (26)Мы вынуждены много времени проводить в многолюдных местах, в условиях, далёких от комфорта, тут уж каждый пусть заботится о себе. (27)А по-моему, именно тут и проявляется истинная воспитанность. (28)Воспитанность в наши дни – это прежде всего не безупречность манер (хотя и это, конечно, тоже не минус), а внимание к окружающим. (29)Чем плотнее кольцо людей, сжимающее тебя, тем более внимательным и осторожным, терпеливым и предупредительным должен ты быть. 
 По З. Паперному"
311,"Текст Пастернака Б. 
 (1)По международной конвенции о Красном Кресте военные врачи и служащие санитарных частей не имеют права вооружённо участвовать в боевых действиях воюющих. (2)Но однажды доктору против воли пришлось нарушить это правило. (3)Завязавшаяся стычка застала его на поле и заставила разделить судьбу сражающихся и отстреливаться. 
 (4)Белые шли, наступая. (5)Доктор хорошо их видел, каждого в лицо. (6)Это были мальчики и юноши из невоенных слоёв столичного общества и люди более пожилые, мобилизованные из запаса. (7)Но тон задавали первые, молодёжь, студенты-первокурсники и гимназисты-восьмиклассники, недавно записавшиеся в добровольцы. (8)Их выразительные, привлекательные физиономии казались близкими, своими. (9)Служение долгу, как они его понимали, одушевляло их восторженным молодечеством, ненужным, вызывающим. (10)Они шли рассыпным редким строем, выпрямившись во весь рост, превосходя выправкой кадровых гвардейцев, и, бравируя опасностью, не прибегали к перебежке и залеганию на поле, хотя на поляне были неровности, бугорки и кочки, за которыми можно было укрыться. (11)Пули партизан почти поголовно выкашивали их. 
 (12)Доктор лежал без оружия в траве и наблюдал за ходом боя. (13)Всё его сочувствие было на стороне героически гибнувших белогвардейских детей. (14)Он от души желал им удачи. (15)Это были отпрыски семейств, вероятно, близких ему по духу, его воспитания, его нравственного склада, его понятий.  
 (16)Однако созерцать и пребывать в бездействии среди кипевшей кругом борьбы не на жизнь, а на смерть было немыслимо и выше человеческих сил. (17)Шёл бой. (18)Надо было отстреливаться.  
 (19)И когда телефонист рядом с ним в цепи забился в судорогах и потом замер, Юрий Андреевич ползком подтянулся к нему, взял его винтовку и, вернувшись на прежнее место, стал разряжать её выстрел за выстрелом.  
 (20)Жалость не позволяла ему целиться в молодых людей, которыми он любовался и которым сочувствовал. (21)И, выбирая минуты, когда между ним и его мишенью не становился никто из нападающих, он стал стрелять в цель по обгорелому дереву.  
 (22)Наконец белое командование, убедившись в бесполезности попытки, отдало приказ отступить.  
 (23)Фельдшер привёл на опушку двух санитаров с носилками. (24)Доктор велел им заняться ранеными, а сам подошёл к лежавшему без движения телефонисту. (25)Он смутно надеялся, что тот, может быть, ещё дышит и его можно будет вернуть к жизни. (26)Юрий Андреевич расстегнул на груди у него рубашку и стал слушать его сердце. (27)Оно не работало.  
 (28)На шее у убитого висела ладанка на шнурке. (29)Юрий Андреевич снял её. (30)В ней оказалась зашитая в тряпицу, истлевшая и стёршаяся по краям сгибов бумажка. (31)Она содержала извлечения из девяностого псалма с теми изменениями и отклонениями, которые вносит народ в молитвы, постепенно удаляющиеся от подлинника. (32)Отрывки церковнославянского текста были переписаны в грамотке по-русски. 
 (33)В псалме говорится: «Живый в помощи Вышнего». (34)В грамотке это стало заглавием заговора: «Живые помощи». (35)Стих псалма: «Не убоишися... от стрелы летящия во дни» — превратился в слова ободрения: «Не бойся стрелы летящей войны». (36)«С ним есмь в скорби, изму его...» стало в грамотке «Скоро в зиму его». 
 (37)Текст псалма считался чудодейственным, оберегающим от пуль. (38)От телефониста Юрий Андреевич перешёл на поляну к телу убитого молодого белогвардейца. (39)На красивом лице юноши были написаны черты невинности и всё простившего страдания. (40)«Зачем?» — подумал доктор.  
 (41)Он расстегнул шинель убитого и широко раскинул её полы.  
 (42)Сквозь пройму рубашки вывалились вон и свесились на цепочке наружу крестик, медальон и ещё какой-то плоский золотой футлярчик. (43)Футлярчик был полураскрыт. (44)Из него вывалилась сложенная бумажка. (45)Доктор развернул её и глазам своим не поверил. (46)Это был тот же девяностый псалом, но в печатном виде и во всей своей славянской подлинности.  
 (По Б. Л. Пастернаку*) 
 Борис Леонидович Пастернак (1890-1960) — русский поэт, писатель, переводчик, лауреат Нобелевской премии по литературе за роман «Доктор Живаго». 
 
"
312,"Текст Паустовского К. 
 (1)Катерина Ивановна никогда ни на что не жаловалась, кроме как на старческую слабость. (2)Но я знал от соседки и от бестолкового доброго старика Ивана Дмитриева, сторожа при пожарном сарае, что Катерина Ивановна одна на белом свете. (3)Дочь Настя вот уже четвёртый год как не приезжает – забыла, значит, мать, а дни у Катерины Ивановны считанные. (4)Не ровён час, так и умрёт она, не повидав дочери, не приласкав её, не погладив её русые волосы «очаровательной красоты» (так говорила о них Катерина Ивановна). 
 (5)Настя присылала Катерине Ивановне деньги, но и то бывало с перерывами. (6)Как Катерина Ивановна жила во время этих перерывов, никому не известно. 
 (7)Однажды Катерина Ивановна попросила меня проводить её в сад, где она не была с ранней весны, всё не пускала слабость. 
 (8)– Дорогой мой, – сказала Катерина Ивановна, – уж вы не взыщите с меня, со старой. (9)Хочется мне вспомнить прошлое, напоследок посмотреть сад. 
 (10)В нём я ещё девушкой зачитывалась Тургеневым. (11)Да и кое-какие деревья я посадила сама. 
 (12)Она одевалась очень долго. (13)Надела старый тёплый салопчик, тёплый платок и, крепко держась за мою руку, медленно спустилась с крылечка. 
 (14)Уже вечерело. (15)Сад облетел. (16)Палые листья мешали идти. (17)Они громко трещали и шевелились под ногами, на зеленеющей заре зажглась звезда. (18)Далеко над лесом висел серп месяца. 
 (19)Катерина Ивановна остановилась около обветренной липы, оперлась о неё рукой и заплакала. 
 (20)Я крепко держал её, чтобы она не упала. (21)Плакала она, как очень старые люди, не стыдясь своих слёз. 
 (22)– Не дай вам бог, родной мой, – сказала она мне, – дожить до такой одинокой старости! (23)Не дай вам бог! 
 (24)Я осторожно повёл её домой и подумал: как бы я был счастлив, если бы у меня была такая мама!   (по К.Г. Паустовскому) 
"
313,"Текст Паустовского К. 
 (1)Осень в этом году стояла – вся напролёт – сухая и тёплая. (2)Берёзовые рощи долго не желтели. (3)Долго не увядала трава. (4)Только голубеющая дымка затягивала плёсы на Оке и отдалённые леса. 
 (5)Я плыл на лодке вниз по реке и вдруг услышал, как в небе кто-то начал осторожно переливать воду из звонкого стеклянного сосуда в другой такой же сосуд. (6)Вода булькала, позванивала, журчала. (7)Звуки эти заполняли всё пространство между рекой и небосводом. (8)Это курлыкали журавли. 
 (9)Я поднял голову. (10)Большие косяки журавлей тянулись один за другим прямо к югу. (11)Они уверенно и мерно шли на юг, где солнце играло трепещущим золотом в затонах Оки, летели в тёплую страну. 
 (12)Я бросил вёсла и долго смотрел на журавлей. 
 (13)За несколько дней до этой встречи с журавлями один журнал попросил меня написать статью о том, что такое «шедевр», и рассказать о каком-нибудь литературном шедевре. (14)Иначе говоря, о совершенном и безукоризненном произведении. (15)Я выбрал стихи Лермонтова. 
 (16)Сейчас на реке я подумал, что шедевры существуют не только в искусстве, но и в природе. (17)Разве не шедевр этот клик журавлей и их величавый перелёт по неизменным в течение многих тысячелетий воздушным дорогам? 
 (18)Да что говорить! (19)Каждый осенний лист был шедевром, тончайшим слитком из золота и бронзы, обрызганным киноварью и чернью. (20)Каждый лист был совершенным творением природы, произведением её таинственного искусства, недоступного нам, людям. 
 (21)Кроме стихотворных шедевров, Лермонтов оставил нам и прозаические, такие как «Герой нашего времени». (22)Они наполнены, как и стихи, жаром его души. (23)Он сетовал, что безнадёжно растратил этот жар в великой пустыне своего одиночества. 
 (24)Так он думал. (25)Но время показало, что он не бросил на ветер ни одной крупицы этого жара. (26)Многие поколения будут любить каждую строчку этого бесстрашного и в бою, и в поэзии некрасивого и насмешливого офицера. 
 (27)Один из верных признаков шедевров – они остаются жить в нас надолго, почти навсегда. (28)И мы сами обогащаем их, как бы додумываем вслед за поэтом, дописываем то, что не досказал он. 
 (29)Новые мысли, образы, чувства теснятся в голове. (30)Каждая строка стихов разгорается, подобно тому как с каждым днём сильнее бушуют осенним пламенем громады лесов за рекой. 
 (31)Очевидно, свойство истинного шедевра – делать и нас равноправными творцами вслед за его подлинным создателем. 
 (32)Распространено мнение, что шедевров немного. (33)Наоборот, мы окружены шедеврами. (34)Мы не сразу замечаем, как осветляют они нашу жизнь, какое непрерывное излучение из века в век исходит от них, рождает у нас высокие стремления и открывает нам величайшее хранилище сокровищ – нашу землю. 
 (35)Каждая встреча с любым шедевром – прорыв в блистающий мир человеческого гения. (36)Она вызывает изумление и радость. 
 (37)Шедевры! (38)Шедевры кисти и резца, мысли и воображения! (39)Шедевры поэзии! 
 (40)В каждом шедевре заключается то, что никогда не может примелькаться, – совершенство человеческого духа, сила человеческого чувства, моментальная отзывчивость на всё, что окружает нас и вовне, и в нашем внутреннем мире. (41)Жажда достигнуть всё более высоких пределов, жажда совершенства движет жизнь. (42)И рождает шедевры. 
 (43)Я пишу всё это осенней ночью. (44)Осени за окном не видно, она залита тьмой. (45)Но стоит выйти на крыльцо, как осень окружит тебя и начнёт настойчиво дышать в лицо холодноватою свежестью своих загадочных чёрных пространств, горьким запахом первого тонкого льда, сковавшего к ночи неподвижные воды, начнёт перешёптываться с последней листвой, облетающей непрерывно и днём и ночью. (46)И блеснёт неожиданным светом звезды, прорвавшейся сквозь ночные волнистые туманы. 
 (47)И всё это покажется вам великим шедевром природы, целебным подарком, напоминающим, что жизнь вокруг полна значения и смысла. 
 (По К.Г. Паустовскому*) 
 * Константин Георгиевич Паустовский (1892–1968) – известный русский советский писатель, классик отечественной литературы. 
 
"
314,"Текст Паустовского К. 
  (1)Я живу в маленьком доме на дюнах. (2)Всё Рижское взморье в снегу. (3)Море  уходит  на  сотни миль  в  чёрно-свинцовые  дали. (4)Маленький  дом стоит,  как  последний маяк,  на  краю  туманной  бездны. (5)Здесь  обрывается земля.  
  (6)Там,  к  западу,  за  слоем  мглы  есть  маленький  рыбачий  посёлок. (7)Обыкновенный  рыбачий  посёлок  с  сетями,  сохнущими  на  ветру,  с низкими  домами  и  низким  дымом  из  труб,  с  чёрными  моторками, вытащенными на песок, и доверчивыми собаками с косматой шерстью.  (8)В  посёлке  этом  сотни  лет  живут  латышские  рыбаки. (9)Поколения сменяют друг друга. (10)Но так же, как и сотни лет назад, рыбаки уходят в  море  за  салакой. (11)И  так же,  как и  сотни  лет  назад, не  все  возвращаются  обратно. (12)Особенно осенью, когда Балтика свирепеет от штормов и кипит  холодной пеной.  
  (13)Но,  что  бы  ни  случилось,  сколько  бы  раз  ни  пришлось  стаскивать шапки, когда люди узнавали о гибели своих же товарищей, всё равно надо и  дальше делать своё дело – опасное и тяжёлое, завещанное дедами и отцами.  (14)Уступать морю нельзя.  
   (15)В море около посёлка лежит большой  гранитный  валун. (16)На нём ещё давно рыбаки высекли надпись: «В память всех, кто погиб и погибнет в море». (17)Эту надпись видно издалека. 
  (18)Когда я узнал об этой надписи, она мне показалась печальной, как все  эпитафии. (19)Но  латышский  писатель,  рассказавший  мне  о  ней,  не согласился с этим и сказал:  
  (20) – Наоборот. (21)Это очень мужественная надпись. (22)Она  говорит, что люди никогда не сдадутся и, несмотря ни на что, будут делать своё дело.  (23)Я  бы  поставил  эту  надпись  эпиграфом  к  любой  книге  о  человеческом  труде и упорстве. (24)Для меня эта надпись звучит примерно так: «В память  тех, кто одолевал и будет одолевать это море».  
 (25)Я согласился с ним и подумал, что этот эпиграф подходил бы и для книги о писательском труде.  
 (26)Писатели  не  могут  ни  на  минуту  сдаться  перед  невзгодами  и отступить  перед  преградами. (27)Что  бы  ни  случилось,  они  должны 
непрерывно  делать  своё  дело,  завещанное  им  предшественниками  и доверенное  современниками. (28)Недаром  Салтыков-Щедрин  говорил,  что  если «хоть  на  минуту  замолкнет  литература,  то  это  будет  равносильно  смерти народа».  
 (29)Писательство –  не  ремесло  и  не  занятие. (30)Писательство – призвание. (31)  Человека  никогда  не  призывают  к  ремесленничеству. 
(32)Призывают его только к выполнению долга и трудной задачи.  
  (33)Что  же  понуждает  писателя  к  его  подчас  мучительному,  но прекрасному труду?  
 (34)Прежде всего – зов собственного сердца. (35)Голос совести и вера в будущее  не  позволяют  подлинному  писателю  прожить  на  земле,  как 
пустоцвет,  и  не  передать  людям  с  полной  щедростью  всего  огромного разнообразия мыслей и чувств, наполняющих его самого.  
 (36)Писателем  человек  становится  не  только  по  зову  сердца.  
 (37)Приходят  годы  возмужалости,  и  писатель  явственно  слышит,  кроме призывного  голоса  собственного  сердца,  новый  мощный  зов –  зов  своего  времени и своего народа, зов человечества.  
   (38)По  велению  призвания,  во  имя  своего  внутреннего  побуждения человек может совершать чудеса и выносить тягчайшие испытания.  
 (По К. Паустовскому*)  
 *Паустовский Константин Георгиевич (1892–1968) –   русский  писатель, мастер  лирико-романтической  прозы,  автор  произведений  о  природе, 
исторических повестей, художественных мемуаров.  
"
315,"Текст Паустовского К. 
 (1)О писательской работе существует много предвзятых мнений и предрассудков. (2)Некоторые из них могут привести в отчаяние своей пошлостью. 
 (3)Больше всего опошлено вдохновение. (4)Почти всегда оно представляется невеждам в виде выпученных в непонятном восхищении, устремлённых в небо глаз поэта или закушенного зубами гусиного пера. 
 (5)Нет! (6)Вдохновение – это строгое рабочее состояние человека . (7)Душевный подъём не выражается в театральной позе и приподнятости. (8)Так же, как и пресловутые «муки творчества». 
 (9)Пушкин сказал о вдохновении точно и просто: «Вдохновение есть расположение души к живому восприятию впечатлений...» (10)«Критики, – сказал он вдобавок, – смешивают вдохновение с восторгом». (11)Так же, как читатели смешивают иногда правду с правдоподобием. 
 (12)Это было бы ещё полбеды. (13)Но когда иные художники и скульпторы смешивают вдохновение с «телячьим восторгом», то это выглядит как полное невежество и неуважение к тяжёлому писательскому труду. 
 (14)Чайковский утверждал, что вдохновение – это состояние, когда человек работает во всю силу, как вол, а вовсе не кокетливо помахивает рукой. 
 (15)Каждый человек хотя бы несколько раз за свою жизнь пережил состояние вдохновения – душевного подъема, свежести, живого восприятия действительности, полноты мысли и сознания своей творческой силы. 
 (16)Да, вдохновение – это строгое рабочее состояние, но у него есть своя поэтическая окраска, свой, я бы сказал, поэтический подтекст. 
 (17) Вдохновение входит в нас, как сияющее летнее утро, только что сбросившее туманы тихой ночи, забрызганное росой, с зарослями влажной листвы. (18)Оно осторожно дышит нам в лицо своей целебной прохладой. 
 (19)Вдохновение – как первая любовь, когда сердце громко стучит в предчувствии удивительных встреч, невообразимо прекрасных глаз, улыбок и недомолвок. 
 (20)Тогда наш внутренний мир настроен тонко и верно, как некий волшебный инструмент, и отзывается на  все, даже самые скрытые, самые незаметные, звуки жизни. 
 (По К. Г. Паустовскому) 
"
316,"Текст Паустовского К. 
 (1)… Жизнь Гайдара была продолжением, а иногда и началом его книг. (2)Года за два до того, как вышел «Тимур и его команда», Гайдар зашёл как-то ко мне. (3)У меня был трудно болен сын, и мы сбились с ног в поисках одного редкого лекарства. (4)Его нигде не было.  
 (5)Гайдар подошёл к телефону и позвонил к себе домой.  
 – (6)Пришлите сейчас же ко мне, – сказал он, – всех мальчиков нашего двора. (7)Я жду.  
 (8)Он повесил трубку. (9)Через десять минут раздался отчаянный звонок у двери. (10)Гайдар вышел в переднюю. (11)На площадке за дверью стояло человек десять мальчиков, очень взволнованных и запыхавшихся.  
 – (12)Вот что, – сказал им Гайдар. – (13)Тяжело болен мальчик. (14)Нужно лекарство. (15)Я вам запишу каждому его название на бумажке. (16)Сейчас же – во все аптеки: на юг, на восток, на север, на запад. (17)Из аптек звонить мне сюда. (18)Всё понятно?  
 – (19)Понятно, Аркадий Петрович! – закричали мальчики и понеслись вниз по лестнице. 
 (20)Вскоре начались звонки.  
 – (21)Аркадий Петрович! – кричал в трубку взволнованный детский голос. – (22)В аптеке на Маросейке нету.  
 – (23)Поезжай дальше. (24)На Разгуляй.  
 (25)Гайдар сидел у телефона, как капитан на мостике корабля. (26)Через сорок минут восторженный детский голос прокричал в трубку: 
 – (27)Аркадий Петрович, есть! (28)Я достал!  
 – (29)Где? 
 – (30)В Марьиной роще!  
 – (31)Вези сюда. (32)Немедленно.  
 (33)Лекарство было привезено, и сыну вскоре стало легче.  
 (34)Благодарить его было нельзя. (35)Он очень сердился, когда его благодарили за помощь. (36)Он считал помощь человеку таким же … делом, как, скажем, приветствие. (37)Никого же не благодарят за то, что он с вами поздоровался.  
 (38)Однажды мы с Гайдаром шли по улице и услышали встревоженные голоса. (39)Оказалось, что в саду вырвало кран из водопроводной трубы. (40)Сильная струя воды била прямо в кусты роз и сирени, в клумбы с цветами, вымывала из-под них землю и вот-вот могла уничтожить весь сад. (41)Люди бросились вверх по улице, чтобы закрыть какой-то кран. 
 (42)Гайдар подбежал к трубе, примерился и зажал трубу ладонью. (43)Поток воды остановился. (44)По лицу Гайдара я видел, что он сдерживает давление воды изо всех сил и ему невыносимо больно. (45)Он почернел и стиснул зубы, но трубу не отпустил, пока не перекрыли воду. 
 (46)Потом Гайдар долго тяжело дышал. (47)Ладонь у него была окровавлена. (48)Но он был очень радостно настроен – не потому, конечно, что проверил свою силу, а потому, что ему удалось спасти маленький чудный сад.  
 (49)Мне очень не хватает Гайдара – большого, доброго, талантливого человека.  
 (По К. Паустовскому) 
  Основная проблема:    
  Проблема человеческой отзычивости, взаимопомощи, бескорыстия (какого человека можно назвать ""хорошим человеком""?). 
  Авторская позиция: 
 Добрые, талантливые люди всегда оказываются там, где нужна их помощь, и действуют они всегда бескорыстно, не ожидая благодарности."
317,"Текст Паустовского К. 
 (1)Большинство людей убеждено, что рассказы должны быть поучительными. (2)Но, как всегда, есть чудаки, преимущественно сами писатели, не желающие безоговорочно подчиняться этой истине. (3)Они утверждают, что некоторые произведения искусства, хотя они ничему и не учат читателей, могут просто порадовать их, показав красоту какой-нибудь, к примеру, крошечной песчинки, которая умеет преломлять солнечный свет и делать из него множество разноцветных сияний и радуг.  
 (4)Они правы. (5)Дни и ночи, осень и зима, весна и лето сменяются на земле и уходят, полные своей мимолётной прелести. (6)Среди забот и трудов, радостей и огорчений мы забываем вереницы этих дней, то синих и глубоких, как небо, то притихших под серым пологом туч, то тёплых и туманных, т о заполненных шорохом первого снега. (7)Мы забываем об утренних зорях, о том, как блещет кристаллической каплей воды хозяин ночей Юпитер. 
  (8)Мы невнимательны, мы забываем о том, о чем забывать нельзя, о красоте, которой проникнут наш мир. 
 (9)Лет двадцать назад в Москве показывали так называемую экспериментальную, созданную только для опыта, для пробы кинокартину о дожде. (10)Показывали её работникам кино, так как думали, что обыкновенный зритель на такой картине будет зевать и уйдёт из кинотеатра  вполном недоумении. 
  (11)В картине был показан дождь во всём его разнообразии, бурном и многоцветном. (12)Дождь в городе на чёрном асфальте, дождь дневной и ночной, ливень. (13)Так называемый грибной, моросящий дождик, слепой дождь под солнцем, дождь на реке и на море, воздушные пузыри на лужах, мокрые поезда в полях, великое разнообразие дождевых облаков…  
  (14)Всего перечислить я не могу, но воспоминание об этой картине сохранилось надолго и помогло мне ощутить с большой силой ту поэзию обыкновенного дождя, которую раньше я плохо замечал. (15)Раньше меня, как и многих, поражал, например, нежный запах прибитой дождём пыли, но я не вслушивался в звуки дождя и не всматривался в пасмурную и мягкую расцветку дождевого воздуха. 
 (16)Что может быть важнее для писателя (а он по существу всегда должен быть и поэтом), чем открытие новых областей поэзии вблизи нас и тем самым обогащение нашего восприятия, сознания, памяти? (17)И мы, конечно, не можем не быть благодарными тем людям, которые напоминают нам о красоте мира, которые открывают нам всю простую прелесть этой земли. 
 (По К.Г. Паустовскому*) 
 *Константин Георгиевич Паустовский (1892–1968) – известный русский прозаик, автор повестей, рассказов и очерков. 
"
318,"Текст Паустовского К. 
 (1)Иногда к дяде Коле приходил в гости сельский аптекарь. (2)Звали этого аптекаря Лазарем Борисовичем. (3)С первого взгляда это был довольно странный аптекарь. (4)Он носил студенческую тужурку. (5)На его широком носу едва держалось пенсне на чёрной тесёмочке. (6)Аптекарь был низенький, коренастый и очень язвительный человек. 
 (7)Как-то я пошёл к Лазарю Борисовичу в аптеку за порошками для тёти Маруси. (8)У неё началась мигрень. (9)Растирая порошки для тёти Маруси, Лазарь Борисович разговаривал со мной. 
 – (10)Я знаю, – сказал Лазарь Борисович, – что молодость имеет свои права, особенно когда юноша окончил гимназию и собрался поступать в университет. (11)Тогда в голове карусель. (12)Вы приятный юноша, но вы не любите размышлять. (13)Я это давно заметил. (14)Так вот, будьте любезны, поразмышляйте о себе, о жизни, о своём месте в жизни, о том, что бы вы хотели сделать для людей! 
 – (15)Я буду писателем, – сказал я и покраснел. 
 – (16)Писателем? – Лазарь Борисович поправил пенсне и посмотрел на меня с грозным удивлением. – (17)Хо-хо? (18)Мало ли кто хочет быть писателем! (19)Может быть, я тоже хочу быть Львом Николаевичем Толстым. 
 – (20)Но я уже писал... и печатался. 
 – (21)Тогда, – решительно сказал Лазарь Борисович, – будьте любезны подождать! (22)Я отвешу порошки, провожу вас, и мы это выясним. 
 (23)Мы вышли и пошли через поле к реке, а оттуда к парку. (24)Солнце опускалось к лесам по ту сторону реки. (25)Лазарь Борисович срывал верхушки полыни, растирал их, нюхал пальцы и говорил. 
 – (26)Это большое дело, но оно требует настоящего знания жизни. (27)Так? (28)А у вас его очень мало, чтобы не сказать, что его нет совершенно. (29)Писатель! (30)Он должен так много знать, что даже страшно подумать. (31)Он должен всё понимать! (32)Он должен работать, как вол, и не гнаться за славой! (33)Да! (34)Вот. (35)Одно могу вам сказать: идите в хаты, на ярмарки, на фабрики, в ночлежки! (36)В театры, в больницы, в шахты и тюрьмы! (37)Так! (38)Бывайте всюду! (39)Чтобы жизнь пропитала вас! (40)Чтобы получился настоящий настой! (41)Тогда вы сможете отпускать его людям, как чудодейственный бальзам! (42)Но тоже в известных дозах. (43)Да! 
 (44)Он ещё долго говорил о призвании писателя. (45)Мы попрощались около парка. 
 – (46)Напрасно вы думаете, что я лоботряс, – сказал я. 
 – (47)Нет! – воскликнул Лазарь Борисович и схватил меня за руку. – (48)Я же рад! (49)Вы видите! (50)Но согласитесь, что я был немножко прав, и теперь вы кое о чём подумаете. (51)А? 
 (52)И аптекарь был прав. (53)Я понял, что почти ничего не знаю и ещё не думал о многих важных вещах. (54)И принял совет этого смешного человека и вскоре ушёл в люди, в ту житейскую школу, которую не заменят никакие книги и отвлечённые размышления. 
 (55)Я знал, что никогда и никому не поверю, кто бы мне ни сказал, что эта жизнь – с её любовью, стремлением к правде и счастью, с её зарницами и далёким шумом воды среди ночи – лишена смысла и разума. (56)Каждый из нас должен бороться за утверждение этой жизни всюду и всегда до конца своих дней. 
 (По К. Г. Паустовскому*) 
 * Константин Георгиевич Паустовский (1892–1968) – русский советский писатель, классик отечественной литературы. Автор рассказов, повестей, романов, среди них – «Повесть о жизни», «Золотая роза», «Мещёрская сторона» и др. 
"
319,"Текст Паустовского К.  
 (1)Когда при Берге произносили слово «Родина», он усмехался. (2)Он не понимал, что это значит. (3)Родина, земля отцов, страна, где он родился, –  не так важно, где человек появился на свет. (4)Земля отцов! (5)Берг не чувствовал никакой привязанности ни к своему детству, ни к маленькому городку, где он родился. 
 – (6)Эх, Берг, сухарная душа! – с тяжёлым укором говорили ему друзья. 
 – (7)Какой из тебя художник, когда ты землю родную не любишь, чудак! 
 (8)Может быть, поэтому Бергу и не удавались пейзажи. (9)Он предпочитал портрет, плакат. (10)Он старался найти стиль своего времени, но эти попытки были полны неудач и неясностей. 
 (11)Однажды Берг получил письмо от художника Ярцева. (12)Он звал его приехать в муромские леса, где проводил лето. 
 (13)Август стоял жаркий и безветренный. (14)Ярцев жил далеко от безлюдной станции, в лесу, на берегу глубокого озера с чёрной водой. (15)Он снимал избу у лесника. (16)Вёз Берга на озеро сын лесника Ваня Зотов, сутулый и застенчивый мальчик. (17)На озере Берг прожил около месяца. (18)Он не собирался работать и не взял с собой масляных красок. (19)Он привёз только маленькую коробку с акварелью. 
 (20)Целые дни он лежал на полянах и с любопытством рассматривал цветы и травы. (21)Берг собирал ягоды шиповника и пахучий можжевельник, тщательно рассматривал осенние листья. (22)На закатах журавлиные стаи с курлыканьем летели над озером на юг. (23)Берг впервые почувствовал глупую обиду: журавли показались ему предателями. (24)Они бросали без сожаления этот пустынный, лесной и торжественный край, полный безымянных озёр и непролазных зарослей. 
 (25)В сентябре пошли дожди. (26)Ярцев собрался уезжать. (27)Берг рассердился. (28)Как можно было уезжать в разгар этой необыкновенной осени? (29)Желание Ярцева уехать Берг ощутил теперь так же, как когда-то отлёт журавлей, – это была измена. (30)Чему? (31)На этот вопрос Берг вряд ли мог ответить. (32)Измена лесам, озёрам, осени, наконец, тёплому небу, моросившему частым дождём. 
 – (33)Я остаюсь, – сказал Берг резко. – (34)Я хочу написать эту осень. 
 (35)Ярцев уехал. (36)На следующий день Берг проснулся от солнца. (37)Лёгкие тени ветвей дрожали на чистом полу, а за дверью разлилась тихая синева. (38)Слово «сияние» Берг встречал только в книгах поэтов, считал его пафосным и лишённым ясного смысла. (39)Но теперь он понял, как точно это слово передаёт тот особый свет, какой исходит от сентябрьского неба и солнца. 
 (40)Берг взял краски, бумагу и пошёл на озеро. (41)Он торопился. (42)Он хотел всю силу красок, всё умение своих рук и зоркого глаза, всё то, что дрожало где-то на сердце, отдать этой бумаге, чтобы хоть в сотой доле изобразить великолепие этих лесов, умирающих величаво и просто. (43)Берг работал как одержимый. (44)Никто его никогда таким не видел! 
 (45)Вернувшись в город, Берг обнаружил извещение о выставке. (46)Его попросили сообщить, сколько своих вещей он выставит. (47)Берг сел к столу и быстро написал: «Выставляю только один этюд акварелью, сделанный мною этим летом, – мой первый пейзаж». 
 (48)Была полночь. (49)Мохнатый снег падал снаружи на подоконник. (50)В соседней квартире кто-то играл на рояле сонату Грига. (51)Берг хотел проследить, какими неуловимыми путями появилось у него ясное и радостное чувство Родины. (52)Оно зрело годами, но последний толчок дали лесной край, осень, крики журавлей... (53)Почему? (54)Берг никак не мог найти ответа, хотя и знал, что это было так. 
 (55)Берг знал, что теперь он связан со своей страной не только разумом, но и всем сердцем, как художник, и что любовь к Родине сделала его умную, но сухую жизнь тёплой, весёлой. (56)Во сто крат более прекрасной, чем раньше. 
 (По К.Г. Паустовскому*) 
 * Константин Георгиевич Паустовский (1892–1968) – известный русский писатель, классик отечественной литературы.  
 Информация о тексте 
 
"
320,"Текст Паустовского К.  
 Мы прожили несколько дней на кордоне, ловили рыбу на Шуе, охотились на озере Орса, где было всего несколько сантиметров чистой воды, а под ней лежал бездонный вязкий ил. Убитых уток, если они падали в воду, нельзя было достать никаким способом. 
 Но больше всего времени мы проводили на Пре. Я много видел живописных и глухих мест в России, но вряд ли когда-нибудь увижу реку более девственную и таинственную, чем Пра. 
 Сосновые сухие леса на её берегах перемешивались с вековыми дубовыми рощами, с зарослями ивы, ольхи и осины. Корабельные сосны, поваленные ветром, лежали, как медные литые мосты, над ее коричневой, но совершенно прозрачной водой. С этих сосен мы удили упористых язей. 
 Перемытые речной водой и перевеянные ветром песчаные косы поросли мать-и-мачехой и цветами. За все время мы не видали на этих белых песках ни одного человеческого следа – только следы волков, лосей и птиц. 
 Река шла причудливыми изгибами. Её глухие затоны терялись в сумраке прогретых лесов. Над бегучей водой беспрерывно перелетали с берега на берег сверкающие сизоворонки и стрекозы, а в вышине парили огромные ястребы. 
 Всё доцветало вокруг. Миллионы листьев, стеблей, веток и венчиков преграждали дорогу на каждом шагу, и мы терялись перед этим натиском растительности, останавливались и дышали до боли в легких терпким воздухом столетней сосны. Под деревьями лежали слои сухих шишек. В них нога тонула по косточку. 
 Но удивительнее всего в этих местах был воздух. В нём была полная и совершенная чистота. Эта чистота придавала особую резкость, даже блеск всему, что было окружено этим воздухом. Каждая сухая ветка сосны была видна среди темной хвои очень далеко. Она была как бы выкована из заржавленного железа. Далеко было видно каждую нитку паутины, зелёную шишку в вышине, стебель травы. 
 А среди дня и река и леса играли множеством солнечных пятен – золотых, синих, зеленых и радужных. Потоки света то меркли, то разгорались и превращали заросли в живой, шевелящийся мир листвы. Глаз отдыхал от созерцания могучего и разнообразного зелёного цвета. 
 Лесные запахи набегали волнами. Подчас трудно было определить эти запахи. В них смешивалось всё: дыхание можжевельника, вереска, воды, брусники, гнилых пней, грибов, кувшинок, а может быть, и самого неба… Оно было таким глубоким и чистым, что невольно верилось, будто эти воздушные океаны тоже приносят свой запах – озона и ветра, добежавшего сюда от берегов тёплых морей. 
 Очень трудно подчас передать свои ощущения. Но, пожалуй, вернее всего можно назвать то состояние, которое испытывали все мы, чувством преклонения перед не поддающейся никаким описаниям прелестью родной стороны. 
 Тургенев говорил о волшебном русском языке. Но он не сказал о том, что волшебство языка родилось из этой волшебной природы и удивительных свойств человека. 
 А человек был удивителен и в малом и в большом: прост, ясен и доброжелателен. Прост в труде, ясен в своих размышлениях, доброжелателен в отношении к людям. Да не только к людям, а и к каждому доброму зверю, к каждому дереву. 
 (По К. Г. Паустовскому*)  
 *Константин Георгиевич Паустовский (1892–1968) – известный русский прозаик, автор повестей, рассказов и очерков. 
"
321,"Текст Паустовского К. 
 (1)У каждого, даже самого серьёзного человека, не говоря, конечно, о мальчишках, есть своя тайная и немного смешная мечта. (2)Была такая мечта и у меня, — обязательно попасть на Боровое озеро. 
 (3)От деревни, где я жил в то лето, до озера было всего двадцать километров. (4)Все отговаривали меня идти, — и дорога скучная, и озеро как озеро, кругом только лес, сухие болота да брусника. (5)Картина известная! (7)— Чего не видал? (8)Народ какой пошёл суетливый, хваткий, господи! (9)Всё ему, видишь ли, надо своей рукой цопнуть, своим глазом высмотреть! (10)А что ты там высмотришь? (11)Один водоём. (12)И более ничего!  (13)Но я всё-таки пошёл на озеро. (14)Со мной увязались двое деревенских мальчишек, — Лёнька и Ваня. 
 (15)Мы поднялись по изволоку и вошли в дубовый перелесок. (16)Тотчас нас начали заедать рыжие муравьи. (17)Они облепили ноги и сыпались с веток за шиворот. (18)Десятки муравьиных дорог, посыпанных песком, тянулись между дубами и можжевельником. (19)Иногда такая дорога проходила, как по туннелю, под узловатыми корнями дуба и снова подымалась на поверхность. (20)Муравьиное движение на этих дорогах шло непрерывно. (21)В одну сторону муравьи бежали порожняком, а возвращались с товаром — белыми зёрнышками, сухими лапками жуков, мёртвыми осами и мохнатой гусеницей. 
 (22)— Суета! — сказал Ваня. (23)— Как в Москве. 
 (24)Сначала мы прошли через песчаное поле, заросшее бессмертником и полынью. 
 (25)Потом выбежали нам навстречу заросли молоденьких сосен. (26)Высоко в солнечных косых лучах перепархивали, будто загораясь, синие сойки.  
 (27)Чистые лужи стояли на заросшей дороге, и через синие эти лужи проплывали облака. 
 (28)— Вот это лес! – вздохнул Лёнька. (29)— Ветер задует, и загудят эти сосны, как колокола. 
 (30)Потом сосны сменились берёзами, и за ними блеснула вода. 
 (31)— Боровое? — спросил я. 
 (32)— Нет. (33)До Борового ещё шагать и шагать. (34)Это Ларино озерцо. (35)Пойдём, поглядишь в воду, засмотришься. 
 (36)Солнце блестело в тёмной воде. (37)Под ней лежали древние дубы, будто отлитые из чёрной стали, а над водой, отражаясь в ней желтыми и лиловыми лепестками, летали бабочки… 
 (38)От озерца мы вышли на лесную дорогу, которая привела нас к прогретому до корней берёзовому и осиновому мелколесью. (39)Деревца тянулись из глубокого мха. (40)Через болотце вела узкая тропа, она обходила высокие кочки, а в конце тропы чёрной синевой светилась вода — Боровое озеро.  
 (41)Тяжёлый глухарь выскочил из-за кочки и побежал в мелколесье, ломая сушняк. 
 (42)Мы вышли к озеру. (43)Трава выше пояса стояла по его берегам. (44)Вода поплёскивала в корнях старых деревьев. (45)Острова белых лилий цвели на воде и приторно пахли. (46)Ударила рыба, и лилии закачались. 
 (47)– Вот красота! – сказал Ваня. (48)– Давайте будем здесь жить, пока не кончатся наши сухари. 
 (49)Я согласился. (50)Мы пробыли на озере два дня: видели закаты и сумерки и путаницу растений, возникавшую перед нами в свете костра, слышали крики диких гусей и звуки ночного дождя. (51)Он шёл недолго, около часа, и тихо позванивал по озеру, будто протягивал между чёрным небом и водой тонкие, как паутина, дрожащие струнки. 
 (52)Вот и всё, что я хотел рассказать. (53)Но с тех пор я никому не поверю, что есть на нашей земле места скучные и не дающие никакой пищи ни глазу, ни слуху, ни воображению, ни человеческой мысли. 
 (54)Только так, исследуя какой-нибудь клочок нашей страны, можно понять, как она хороша и как мы сердцем привязаны к каждой её тропинке, роднику и даже к робкому попискиванию лесной пичуги. 
 (По К. Паустовскому) 
 Константин Георгиевич Паустовский (19 (31) мая 1892— 14 июля 1968) — русский советский писатель, классик русской литературы. 
 Проблемы:  
  Как познать красоту природы?  
 Как научиться видеть прекрасное в природе?  
 Какие ощущения может дать человеку созерцание красот природы?  
 Как воспитать в себе любовь к родному краю? 
"
322,"Текст Паустовского К.  
 (1) Осень пришла врасплох и завладела землёй — садами и реками, лесами и воздухом, полями и птицами. (2) Всё сразу стало осенним. 
 (3) B саду суетились синицы. (4) Крик их был похож на звон разбитого стекла. (5) Они висели вниз головами на ветках и заглядывали в окно из-под листьев клёна. 
 (6) Каждое утро в саду, как на острове, собирались перелётные птицы. (7) Под свист, клёкот и карканье в ветвях поднималась суматоха. 
 (8) Только днём в саду было тихо: беспокойные птицы улетали на юг. (9) Начался листопад. (10) Листья падали дни и ночи. (11) Они то косо летели по ветру, то отвесно ложились в сырую траву. (12) Лeca моросили дождём облетавшей листвы. (13) Этот дождь шёл неделями. (14) Только к концу сентября перелески обнажились, и сквозь чащу деревьев стала видна синяя даль сжатых полей. 
 (15) Тогда же старик Прохор, рыболов и корзинщик (в Солотче почти все старики делаются с возрастом корзинщиками), рассказал мне сказку об осени. (16) До тех пор я эту сказку никогда не слышал, — должно быть, Прохор её выдумал сам. 
 (17) — Ты гляди кругом, — говорил мне Прохор, ковыряя шилом лапоть, — ты присматривайся, милый человек, чем каждая птица или, скажем, иная какая живность дышит. (18) Гляди, объясняй. (19) А то скажут: зря учился. (20) K примеру, лист осенью слетает, а людям невдомёк, что человек в этом деле — главный ответчик. (21) Человек, скажем, выдумал порох. (22) Bpaг его разорви вместе с тем порохом! (23) Сам я тоже порохом баловался. (24) B давние времена сковали деревенские кузнецы первое ружьишко, набили порохом, и попало то ружьишко дураку. (25) Шёл дурак лесом и увидел, как иволги летят под небесами, летят жёлтые весёлые птицы и пересвистываются, зазывают гостей. (26) Дурак ударил по ним из обоих стволов — и полетел золотой пух на землю, упал на леса, и леса посохли, пожухли и в одночасье опали. (27) A иные листья, куда попала птичья кровь, покраснели и тоже осыпались. (28) Небось видел в лесу — есть лист жёлтый и есть лист красный. (29) До того времени вся птица зимовала у нас. (30) Даже журавль и тот никуда не подавался. (31) A леса и лето и зиму стояли! (32) И в листьях, цветах и грибах. (33) И снега не было. (34) He было зимы, говорю. (35) He было! (36) Да на кой она ляд сдалась нам, зима, скажи на милость?! (37) Какой с неё интерес? (38) Убил дурак первую птицу — и загрустила земля. (39) Начались с той поры листопады, и мокрая осень, и листобойные ветры, и зимы. (40) И птица испугалась, от нас отлетает, обиделась на человека. (41) Так-то, милый, выходит, что мы себе навредили, и надобно нам ничего не портить, а крепко беречь. 
 (42) — Что беречь? 
 (43) — Ну, скажем, птицу разную. (44) Или лес. (45) Или воду, чтобы прозрачность в ней была. (46) Всё, брат, береги, а то будешь землёй швыряться и дошвыряешься до погибели. 
 (47) Я изучал осень упорно и долго. (48) Для того чтобы увидеть по-настоящему, надо убедить себя, что ты видишь это впервые в жизни. 
 (49) Так было и с осенью. (50) Я уверил себя, что эта осень первая и последняя в моей жизни. (51) Это помогло мне пристальнее всмотреться в неё и увидеть многое, чего я не видел раньше, когда осени проходили, не оставляя никакого следа, кроме памяти о слякоти и мокрых московских крышах. 
 (52) Я узнал, что осень смешала все чистые краски, какие существуют на земле, и нанесла их, как на холст, на далёкие пространства земли и неба. 
 (По К. Паустовскому)  
 * Константин Георгиевич Паустовский (1892—1968) — русский писатель, автор множества повестей и рассказов о родной природе: «Мещерская сторона», «Повесть о лесах», «Северная повесть» и другие. Паустовский написал серию книг о творчестве и о людях искусства:«Орест Кипренский», «Исаак Левитан», «Тарас Шевченко», «Золотая роза»."
323,"Текст Паустовского К. 
 (1)На столе в классе стояли залитые сургучом бутылки с желтоватой водой. (2)На каждой бутылке была наклейка. (3)На наклейках кривым старческим почерком было написано: «Вода из Нила», «Вода из реки Лимпопо», «Вода из Средиземного моря». 
 (4)Бутылок было много. (5)Но сколько мы ни разглядывали эту воду, во всех бутылках она была одинаково жёлтая и скучная на вид. 
 (6)Мы приставали к учителю географии Черпунову, чтобы он разрешил нам попробовать воду из Мёртвого моря. (7)Нам хотелось узнать, действительно ли она такая солёная. (8)Но пробовать воду Черпунов не позволял. 
 (9)Старшеклассники рассказывали, что на квартире у Черпунова устроен небольшой географический музей, но старик к себе никого не пускает. (10)Там были будто бы чучела колибри, коллекция бабочек, телескоп и даже самородок золота. 
 (11)Наслушавшись об этом музее, я начал собирать свой музей. (12)Он был, конечно, небогатый, но расцветал в моём воображении как царство удивительных вещей. (13)Разнообразные истории были связаны с каждой вещью — будь то пуговица румынского солдата или засушенный жук-богомол. 
 (14)Однажды я встретил Черпунова в Ботаническом саду. 
 — (15)Пойди сюда! — подозвал меня Черпунов и протянул толстую руку. — (16)Садись, рассказывай. (17)Ты, говорят, собрал маленький музей. (18)Что же у тебя есть? 
 (19)Я робко перечислил свои незамысловатые ценности. (20)Черпунов усмехнулся. 
 — (21)Похвально! — сказал он. — (22)Приходи ко мне в воскресенье утром. (23)Посмотришь мой музей. 
 (24)В воскресенье я надел новенький гимназический костюм и пошёл к Черпунову. (25)Была поздняя осень, но сирень ещё не пожелтела. (26)С листьев стекал туман. (27)Внизу на Днепре трубили пароходы. (28)Я поднялся на крыльцо и потянул рукоятку звонка. (29)Внутри флигеля пропел колокольчик. (30)Встречать меня вышел сам Черпунов. 
 (31)Чудеса начались уже в передней. (32)В овальном зеркале отражался красный от смущения маленький гимназист, пытавшийся расстегнуть озябшими пальцами шинель. (33)Я не сразу понял, что этот гимназист — я сам. (34)Я расстёгивал пуговицы и смотрел на раму от зеркала. 
 (35)Это была не рама, а венок из стеклянных, бледно окрашенных листьев, цветов и гроздьев винограда. 
 — (36)Венецианское стекло, — сказал Черпунов. — (37)Посмотри поближе. (38)Можешь даже потрогать. 
 (39)Я осторожно прикоснулся к стеклянной розе. (40)Стекло было матовое, будто присыпанное пудрой. (41)В полоске света, падавшей из соседней комнаты, оно просвечивало красноватым огнём. 
 — (42)Совсем как рахат-лукум, — заметил я. 
 (43)Черпунов показал мне на портрет на стене. (44)Он изображал бородатого человека с измождённым лицом. 
 — (45)Ты знаешь, кто это? (46)Один из лучших русских людей. (47)Путешественник Миклухо-Маклай. (48)Он был великий учёный и верил в добрую волю людей. (49)Он жил один среди людоедов на Новой Гвинее. (50)Безоружный, умирающий от лихорадки. (51)Но он сумел сделать столько добра дикарям и проявить столько терпения, что, когда за ним пришёл наш корвет «Изумруд», чтобы увезти его в Россию, толпы дикарей плакали на берегу, протягивали к корвету руки и кричали: «Маклай, Маклай!» (52)Так вот, запомни: добротой можно добиться всего. 
 (53)Потом Черпунов показал мне звёздный глобус, старые карты с «розой ветров», чучела колибри с длинными, как маленькие шила, клювами. 
 — (54)Ну, на сегодня довольно, — сказал Черпунов. — (55)Ты устал. (56)Можешь приходить ко мне по воскресеньям. 
 (57)В следующее воскресенье я не пошёл к учителю, потому что среди недели он заболел и перестал ходить в гимназию. 
 (58)Совсем скоро учитель умер. 
 
 — (60)Ну как же! — ответили мы. — (61)Великолепно помним. 
 — (62)Так вот, могу вам сообщить, что в бутылках была самая обыкновенная водопроводная вода. (63)Вы спросите, зачем Черпунов вас обманывал? (64)Он справедливо полагал, что таким путем даёт толчок развитию вашего воображения. (65)Черпунов очень ценил его. (66)Несколько раз он упоминал при мне, что человек отличается от животного способностью к воображению. (67)Воображение создало искусство. (68)Оно раздвинуло границы мира и сознания и сообщило жизни то свойство, что мы называем поэзией. 
 (По К. Г. Паустовскому) 
 
"
324,"Текст Паустовского К. 
 (1) Я изъездил почти всю страну, видел много мест, удивительных и сжимающих сердце, но ни одно из них не обладало такой внезапной лирической силой, как Михайловское. 
 (2) Летний праздник бывает в Михайловском каждый год в день рождения Пушкина. (3) Сотни колхозных телег, украшенных лентами и валдайскими бубенцами, съезжаются на луг за Соротью, против пушкинского парка. 
 (4) Все местные колхозники гордятся земляком Пушкиным и берегут заповедник, как свои огороды и поля. 
 (5) В Тригорском парке я несколько раз встречал высокого человека. (6) Он бродил по глухим дорожкам, останавливался среди кустов и долго рассматривал листья. (7) Иногда срывал стебель травы и изучал его через маленькое увеличительное стекло. 
 (8) Как-то около пруда меня застал крупный дождь. (9) Я спрятался под липой, и туда же не спеша пришёл высокий человек. (10) Мы разговорились. (11) Человек этот оказался учителем географии из Череповца. 
 — (12) Вы, должно быть, не только географ, но и ботаник? — сказал я ему. — (12) Я видел, как вы рассматривали растения. 
 (14) Высокий человек усмехнулся. 
 — (15) Нет, я просто люблю искать в окружающем что-нибудь новое. (16) 3десь я уже третье лето, но не знаю и малой доли того, что можно узнать об этих местах. 
 (17) Второй раз мы встретились на берегу озера Маленец, у подножия лесистого холма. (18) Высокий человек лежал в траве и рассматривал сквозь увеличительное стекло голубое перо сойки. (19) Я сел рядом с ним, и он рассказал мне историю своей привязанности к Михайловскому. 
 — (20) Мой отец служил бухгалтером в больнице в Вологде. (21) В общем, был жалкий старик — пьяница и хвастун. (22) Даже во время самой отчаянной нужды он носил застиранную крахмальную манишку, гордился своим происхождением. (23) Нас было шестеро детей. (24) Жили мы все в одной комнате, в грязи и беспорядке. (25) Когда отец выпивал, он начинал читать стихи Пушкина и рыдать. (26) Слёзы капали на его крахмальную манишку, он мял её, рвал на себе и кричал, что Пушкин — это единственный луч солнца в жизни таких несчастных нищих, как мы. (27) Он не помнил ни одного пушкинского стихотворения до конца. (28) Он только начинал читать, но ни разу не окончил. (29) Это меня злило, хотя мне было тогда всего восемь лет. (30) Я решил прочесть пушкинские стихи до конца и пошёл в городскую библиотеку. (31) Я долго стоял у дверей, пока библиотекарша не окликнула меня и не спросила, что мне нужно. 
 — (32) Пушкина, — сказал я грубо. 
 — (33) Ты хочешь сказки? — спросила она. 
 — (34) Нет, не сказки, а Пушкина, — повторил я упрямо. 
 (35) Она дала мне толстый том. (36) Я сел в углу окна, раскрыл книгу и заплакал. (37) Я заплакал потому, что только сейчас, открыв книгу, я понял, что не могу прочесть её, что я совсем ещё не умею читать и что за этими строчками прячется заманчивый мир, о котором рыдал пьяный отец. (38) Со слов отца я знал тогда наизусть всего две пушкинские строчки: «Я вижу берег отдалённый, земли полуденной волшебные края», но этого для меня было довольно, чтобы представить себе иную жизнь, чем наша. (39) Вообразите себе человека, который десятки лет сидел в одиночке. (40) Наконец ему устроили побег, достали ключи от тюремных ворот, и вот он, подойдя к воротам, за которыми свобода, и люди, и леса, и реки, вдруг убеждается, что не знает, как этим ключом открыть замок. (41) Громадный мир шумит всего в сантиметре за железными листами двери, но нужно знать пустяковый секрет, чтобы открыть замок, а секрет этот беглецу неизвестен. (42) Он слышит тревогу за своей спиной, знает, что его сейчас схватят и что до смерти будет то же, что было: грязное окно под потолком камеры и отчаяние. (43) Вот примерно то же самое пережил я над томом Пушкина. 
 (44) С тех пор я полюбил Пушкина. (45) Вот уже третий год приезжаю в Михайловское... 
 (46) На вершине холма, у обветшалых стен собора, над крутым обрывом, в тени лип, на земле, засыпанной пожелтевшими лепестками, белеет могила Пушкина. 
 (47) Короткая надпись «Александр Сергеевич Пушкин», безлюдье, стук телег внизу под косогором и облака, задумавшиеся в невысоком небе, — это всё. (48) 3десь конец блистательной, взволнованной и гениальной жизни. (49) 3десь тот «милый предел», о котором Пушкин говорил ещё при жизни. 
 (50) И здесь, на этой простой могиле, куда долетают хриплые крики петухов, становится особенно ясно, что Пушкин был первым народным поэтом. 
 (По К. Г. Паустовскому*) 
 
 
"
325,"Текст Паустовского К. 
 (1)Ещё в юности я вычитал у какого-то древнего мудреца изречение: «От одного слова может померкнуть солнце». 
 (2)Я тотчас забыл это изречение и никогда не вспоминал о нём. (3)Но однажды случилось незначительное на первый взгляд событие. 
 (4)Действительно, после этого события мне показалось, что солнце померкло и скучный сумрак затянул всё, что перед этим сверкало вокруг разнообразными красками, светом и теплотой. 
 (5)Случилось это на Оке, вблизи Рязани, около наплавного моста. 
 (6)Я перешёл по мосту на луговой берег, на пески. (7)От нагретой лозы пахло вялой сладостью. (8)По Оке нехотя проплывало отражённое небо, всё в летних белых облаках. 
 (9)На песчаном пляже сидел человек с сизым затылком, в чёрном френче и сапогах. (10)Рядом с ним, как откормленный кот, лежал портфель, раздувшийся от бумаг. 
 (11)Посреди реки купались, рыча и повизгивая, два человека. 
 
 – (14)Мгновенно, товарищ начальник! – бодро крикнул в ответ молодой человек. 
 – (15)Лимит времени прошу соблюдать! – снова прокричал человек в чёрном френче. 
 (16)Солнце в моих глазах померкло от этих слов. (17)Я как-то сразу ослеп и оглох. (18)Я уже не видел блеска воды, воздуха. (19)Я не чувствовал запаха клевера, не слышал смеха белобрысых мальчишек, удивших рыбу с моста. 
 (20)Мне стало даже страшно. (21)Что это? –  спрашивал я себя. (22)Шутит ли этот человек или говорит всерьёз? (23)Если всерьёз, то это отвратительно, а если шутит, то это ещё отвратительнее. 
 (24)Я подумал: до какого же холодного безразличия к своей стране, к своему народу, до какого невежества и наплевательского отношения к истории России, к её настоящему и будущему нужно дойти, чтобы заменить живой и светлый русский язык речевым мусором! 
 (25)В сотый раз пришла в голову мысль, что мы нерадивые потомки своих отцов. (26)Для чего Пушкин, Языков, Лермонтов, Герцен, Толстой, Чехов, Лесков, Салтыков-Щедрин создавали величайший в мире по красоте и зримой образности русский язык? (27)Для чего в тысячах деревень этот язык приобретал меткость, силу, задушевность, блеск и певучесть? 
 (28)Для чего в этом языке существует неизмеримое количество великолепнейших слов, способных передать всё богатство духовного мира нашего человека? (29)И не только духовное богатство, но и все богатства природной жизни страны – её шумов, её очарований –  от соловьиного боя до гула сосновых вершин и от мгновенной зарницы до жгучей росы на траве. 
 (30)Для чего был вызван к жизни этот волшебный, свободный, крылатый и живой язык, живой потому, что он всегда выражал живую душу народа? (31)Неужели для того, чтобы свести его к косноязычию, к словарной нищете, иными словами, – к языку мёртвому? 
 (32)Мне в тот день вообще не везло. (33)В двух километрах от реки на обочине дороги я увидел фанерный щит, рябой от дождя, с лозунгом: «Доярки, выполняйте среднефермские обязательства надоя!» 
 (34)Солнце вторично погасло в тихом и, казалось, обиженном небе. 
 (35)Чтобы прийти в себя и избежать дальнейших возможных огорчений, я ушёл на Старицу и заночевал там на берегу, в старом шалаше под непроглядной сенью ив. 
 (36)Я лежал на старом сене и почти всю ночь напролёт вспоминал стихи разных наших поэтов. (37)Это вернуло мне веру в могущество русского языка, в то, что ничто не сможет убить его, как нельзя убить звёзды, воздух, великую душу народа. 
 (38)Русский язык принёс нам из далёких времён редкий подарок – «Слово о полку Игореве», степную ширь и горечь, трепет синих зарниц, звоны мечей. 
 (39)Этот язык украшал сказками и песнями тяжёлую долю простого человека. (40)Он был гневным и праздничным, ласковым и разящим. (41)Он гремел непоколебимым гневом в речах и книгах наших вольнодумцев, томительно звучал в стихах Пушкина, гудел, как колокол на башне вечевой, у Лермонтова, рисовал огромные полотна русской жизни у Толстого, Герцена, Тургенева, Достоевского, Чехова, был громоподобен в устах Маяковского, прост и строг в раздумьях Горького, колдовскими напевами звенел в строфах Блока. 
 (42)Нужны, конечно, целые книги, чтобы рассказать о всём великолепии, красоте, неслыханной щедрости нашего действительно волшебного языка – точного, как алмазный резец, и кружащего голову, как вино. 
 (43)Богатства русского языка неизмеримы. (44)Они просто ошеломляют. (45)Для всего, что существует в мире, в нашем языке есть точные слова и выражения. 
 (46)Подобно тому как каждое слово неотделимо от понятия, которое оно передаёт, так и русский язык неотделим от духовной сущности русского народа и от его истории. 
 (47)Дурной язык – следствие невежества, потери чувства родной страны, отсутствия вкуса к жизни. (48)Русский язык, по существу, дан не одному, а многим народам, и было бы настоящим преступлением перед потомками, человечеством, перед культурой позволить кому бы то ни было искажать его и калечить. 
 (49)Наш язык – наш меч, наш свет, наша любовь, наша гордость! (50)Глубоко прав Тургенев, сказавший, что такой великий язык мог быть дан только великому народу. 
  (По К.Г. Паустовскому*) 
  * Константин Георгиевич Паустовский (1892–1968) – русский советский писатель.  
"
326,"Текст Паустовского К. 
  (1)Сверкающий дуговыми фонарями, как бы расплавленный от их мелового шипящего света, Брестский вокзал был в то время главным военным вокзалом Москвы. (2)С него отправлялись эшелоны на фронт. (3)По ночам к полутемным перронам крадучись подходили длинные пахнущие йодоформом санитарные поезда и начиналась выгрузка раненых. 
 (4)Каждую ночь, часам к двум, когда жизнь в городе замирала, мы, трамвайщики, подавали к Брестскому вокзалу белые санитарные вагоны. (5)Внутри вагонов были устроены подвесные пружинные койки. 
 (6)Ждать приходилось долго. (7)Мы курили около вагонов. (8)Каждый раз к нам подходили женщины в теплых платках и робко спрашивали, скоро ли будут грузить раненых. (9)Самые эти слова — ""грузить раненых"", — то есть втаскивать в вагоны, как мертвый груз, живых, изодранных осколками людей, были одной из нелепостей, порожденных войной. 
 — (10)Ждите! — отвечали мы. (11)Женщины, вздохнув, отходили на тротуар, останавливались в тени и молча следили за тяжелой вокзальной
дверью. 
 (12)Женщины эти приходили к вокзалу на всякий случай — может быть, среди раненых найдется муж, брат, сын или однополчанин родного человека и расскажет об его судьбе. 
 (13)Все мы, кондукторы, люди разных возрастов, характеров и взглядов, больше всего боялись, чтобы какая-нибудь из этих женщин не нашла при нас родного искалеченного человека. 
 (14)Когда в вокзальных дверях появлялись санитары с носилками, женщины бросались к ним, исступленно всматривались в почернелые лица раненых и совали им в руки связки баранок, яблоки, пачки дешевых рассыпных папирос. (15)Иные из женщин плакали от жалости. (16)Раненые, сдерживая стоны, успокаивали женщин доходчивыми словами. (17)Эти слова простой русский человек носит в себе про черный день и поверяет только такому же простому, своему человеку. 
 (18)Раненых вносили в вагоны, и начинался томительный рейс через ночную Москву. (19)Вожатые вели вагоны медленно и осторожно. 
 (20)Чаще всего мы возили раненых в главный военный госпиталь в Лефортово. (21)С тех пор воспоминание о Лефортове связано у меня с осенними холодными ночами. (22)Прошло уже много лет, а мне все чудится, что в Лефортове всегда стоит такая ночь и в ней светятся скучными рядами окна военного госпиталя. (23)Я не могу отделаться от этого впечатления потому, что с той поры я ни разу не был в Лефортове и не видел военный госпиталь и обширный плац перед ним при дневном свете. 
 (24)В Лефортове мы помогали санитарам переносить тяжелораненых в палаты и бараки, разбросанные в саду вдалеке от главного корпуса. (25)Там по дну оврага шумел пахнувший хлором ручей. (26)Переносили раненых мы медленно и потому зачастую простаивали в Лефортове до рассвета. 
 (27)Иногда мы возили раненых австрийцев. (28)В то время Австрию насмешливо называли ""лоскутной империей"", а австрийскую армию — ""цыганским базаром"". (29)Разноплеменная эта армия производила на первый взгляд впечатление скопища чернявых и невероятно худых людей в синих шинелях и выгоревших кепи с оловянной кокардой и насквозь пробитыми на ней буквами ""Ф"" и ""И"". (30)Это были инициалы впавшего в детство австрийского императора Франца-Иосифа. 
 (31)Мы расспрашивали пленных и удивлялись: кого только не было в этой армии! (32)Там были чехи, немцы, итальянцы, тирольцы, поляки, босняки,
сербы, хорваты, черногорцы, венгры, цыгане, герцеговинцы, гуцулы и словаки... (33)О существовании некоторых из этих народов я и не подозревал, хотя
окончил гимназию с пятеркой по географии. 
 (34)Однажды вместе с нашими ранеными ко мне в вагон внесли длинного, как жердь, австрийца в серых обмотках. (35)Он был ранен в горло и лежал,
хрипя и поводя желтыми глазами. (36)Когда я проходил мимо, он пошевелил смуглой рукой. (37)Я думал, что он просит пить, нагнулся к его небритому,
обтянутому пересохшей кожей лицу и услышал клекочущий шепот. (38)Мне показалось, что австриец говорит по-русски, и я даже отшатнулся. (39)Тогда я с
трудом повторил: 
 — (40)Есть славянин! (41)Полоненный у велика-велика битва... брат мой. 
 (42)Он закрыл глаза. (43)Очевидно, он вкладывал в эти слова очень важный для него и непонятный мне смысл. (44)Очевидно, он долго ждал случая, чтобы сказать эти слова. (45)Потом я долго раздумывал над тем, что хотел сказать этот умирающий человек с запекшимся от крови бинтом на горле. (46)Почему он не пожаловался, не попросил пить, не вытащил из-за пазухи за стальную цепочку полковой значок с адресом родных, как это делали все раненые австрийцы? (47)Очевидно, он хотел сказать, что сила ломит и солому и не его вина, что он поднял оружие против братьев. (48)Эта мысль соединилась в горячечном его сознании с памятью о кровавом сражении, куда он попал по воле ""швабов"" прямо из своей деревни. (49)Из той деревни, где растут вековые ореховые деревья, бросая широкую тень, и по праздникам пляшет на базаре под шарманку ручной динарский медведь. 
  (По К.Г. Паустовскому*) 
  * Константин Георгиевич Паустовский (1892–1968) – русский советский писатель.  
"
327,"Текст Паустовского К. 
 (1)Базарный Сызган. (2)Я запомнил эту станцию из-за одного пустого случая. (3)Мы простояли на запасных путях в Сызгане всю ночь. (4)Была вьюга. (5)К утру поезд сплошь залепило снегом. (6)Я пошёл со своим соседом по вагону Николашей Рудневым в вокзальный буфет купить баранок. 
 (7)Как всегда после вьюги, воздух был пронзительно чист и крепок. (8)В буфете было пусто. (9)Пожелтевшие от холода цветы гортензии стояли на длинном столе, покрытом клеёнкой. (10)Пахло горелым луком и кофе. 
 (11)Курносая девушка в фартуке поверх кацавейки сидела, пригорюнившись, за столиком и смотрела на мальчика с землистым лицом. (12)Шея у мальчика была длинная, прозрачная и истёртая до крови воротом армяка. (13)Редкие льняные волосы падали на лоб. 
 (14)Мальчик, поджав под стол ноги в оттаявших опорках, пил чай из глиняной кружки. (15)Он отламывал от ломтя ржаного хлеба большие куски, потом собирал со стола крошки и высыпал их себе в рот. 
 
 (22)Мальчик выпил чай, перевернул кружку, встал, перекрестился, неестественно вытянулся и, глядя остановившимися глазами за широкое вокзальное окно, запел. (23)Пел он, очевидно, чтобы отблагодарить сердобольную девушку. (24)Пел высоким, скорбным голосом, и в ту пору песня этого мальчика показалась мне лучшим выражением сирой деревенской России. (25)Из слов его песни я запомнил очень немного. 
 
 (27)Я невольно перевёл взгляд туда, куда смотрел мальчик. (28)Снеговая дорога сбегала в овраг между заиндевелыми кустами орешника. (29)За оврагом, за соломенными крышами овинов вился струйками к серенькому, застенчивому небу дым из печей. (30)Тоска была в глазах у мальчика – тоска по такой вот косой избе, которой у него нет, по широким лавкам вдоль стен, по треснувшему и склеенному бумагой окошку, по запаху горячего ржаного хлеба с пригоревшими к донцу угольками. 
 (31)Я подумал: как мало в конце концов нужно человеку для счастья, когда счастья нет, и как много нужно, как только оно появляется. 
 (32)С тех пор я помногу живал в деревенских избах и полюбил их за тусклый блеск бревенчатых стен, запах золы и за их суровость. (33)Она была сродни таким знакомым вещам, как ключевая вода, лукошко из лыка или невзрачные цветы картошки. 
 
 (37)Блок был прав, конечно. (38)Особенно в своём сравнении. (39)Потому что нет ничего человечнее слёз от любви, нет ничего, что бы так сильно и сладко разрывало сердце. (40)И нет ничего омерзительнее, чем равнодушие человека к своей стране, её прошлому, настоящему и будущему, к её языку, быту, к её лесам и полям, к её селениям и людям, будь они гении или деревенские сапожники. 
 (41)В те годы, во время службы моей на санитарном поезде, я впервые ощутил себя русским до последней прожилки. (42)Я словно растворился в народном разливе, среди солдат, рабочих, крестьян, мастеровых. (43)От этого было очень уверенно на душе. (44)Даже война не бросала никакой тревожной тени на эту уверенность. «(45)Велик Бог земли русской, – любил говорить Николаша Руднев. – (46)Велик гений русского народа! (47)Никто не сможет согнуть нас в бараний рог. (48)Будущее – за нами!» 
 (49)Я соглашался с Рудневым. (50)В те годы Россия предстала передо мной только в облике солдат, крестьян, деревень с их скудными достатками и щедрым горем. (51)Впервые я увидел многие русские города и фабричные посады, и все они слились своими общими чертами в моём сознании и оставили после себя любовь к тому типичному, чем они были наполнены. 
 (По К.Г. Паустовскому) 
"
328,"Текст Пекелиса В. 
 (1)Личная жизнь талантливых людей, как правило, вызывает огромный интерес у обывателя. (2)Это любопытство обычно не одобряется общественным мнением, однако некоторые подробности творческой жизни гениев действительно помогают человеку лучше познать самого себя.  
 (3)Возьмём, к примеру, такое сложное понятие, как творчество. (4)Известно, что идти в творчестве можно двумя путями: путём вдохновения и путём неустанного труда. (5)Существование двух типов творческой деятельности отнюдь не результат умозрительных рассуждений: наука в последние годы чётко выделяет два типа одарённых людей. (6)Существует два полюса гениальности: представителей одного можно было бы назвать гениями от природы, представителей другого - гениями от себя.  
 (7)Гении от природы - это Моцарт, Рафаэль, Пушкин; они творят так, как поют птицы: страстно, самозабвенно, естественно, непринуждённо. (8)Например, Иоганна Себастьяна Баха однажды спросили, трудно ли писать музыку, на что великий композитор ответил отрицательно, добавив, что главное - вовремя нужным пальцем попасть на нужную клавишу. (9)Гении от природы, как правило, выделяются своими способностями с детских лет, и судьба благоприятствует им уже в начале жизненного пути.  
 (10)В исторической веренице гениев от себя мы видим застенчивого, косноязычного Демосфена, ставшего величайшим оратором Древней Греции. (11)Здесь же и гигант Ломоносов, преодолевший свою великовозрастную неграмотность, и поразительный Ван Гог... (12)Многие из людей этого типа в детстве и юности производили впечатление малоспособных: английский писатель, политический деятель Свифт, немецкий математик, астроном, физик Гаусс считались бездарными; гениальный философ Гегель - неспособным к философии; великому Ньютону не давались точные науки, а знаменитого физика и математика Гельмгольца признавали чуть ли не слабоумным. (13)У гениев от себя преобладает несокрушимая воля, неуёмное стремление к самоутверждению, колоссальная жажда знаний и деятельности, феноменальная работоспособность.  
 (14)Жду от вас вопроса, который так и хочет сорваться у вас с языка: «Мы-то здесь при чём? (15)Мы-то не гении, мы обыкновенные школьники, студенты!» (16)Не спешите с выводами! (17)Ведь гении, представляющие два противоположных полюса, - это своего рода пики человеческих способностей, наглядно иллюстрирующие разный характер одаренности, способностей, ума. (18)По-моему, гении от природы - своеобразный «пик», представляющий людей эмоциональных, тогда как гении от себя - вершины взлёта рационального человеческого начала. (19)Каждый же из вас тяготеет к одному из этих полюсов. (20)И от вашего склада ума, творческого темперамента во многом зависит умение учиться, способность в дальнейшем выстроить свою профессиональную жизнь. (21)Так что учитесь у великих: размышления об их жизни, творческой судьбе помогут вам лучше понять себя.  
 (По В. Пекелису) 
"
329,"Текст Пескова В. 
 (1)Для одних лес - это всего лишь деревья и дрова. (2)Если нет грибов или ягод - в лесу им скучно. (3)Для других лес- это мир, полный тайн, красоты, мир, где человека покидают болячки телесные, душевные, где по¬нятие «радость жизни» вдруг становится почти осязаемым. 
 (4)Люди по-разному выражают свои чувства ко всему, что мы называем природой. (5)У одних выражение этого чувства буднично-грубоватое: «Красотища-то!» (6)Другие в эти минуты боятся обронить слово. (7)И есть люди, душевный инструмент которых особо чутко воспринимает нахлынувшие чувства и исторгает их позже так, что дрогнут струны другой души. (8)В русской литературе, живописи и музыке можно назвать много имён творцов, обладавших этим великим даром: Чайковский, Левитан, Фет, Тютчев, Бунин. Есенин, Пришвин, Паустовский. 
 (9)Лев Толстой говорил: «Счастье - это быть с природой, видеть её, говорить с ней». (10)Если это так, то как же сделать человека счастливым, сознавая при этом, что в понимание счастья входит многое другое? (11)Чувство природы врождённое. (12)И есть оно у каждого человека. (13)Но чувство это спит. (14)Кто разбудит его в раннем детстве? (15)Сможет ли это сделать школьный учебник? (16)Вряд ли. (17)Но может это сделать умный, чуткий учитель. (18) Этим учителем неожиданно может стать кто угодно - отец, мать (у Горького - бабушка), сельский пастух, охотник, всякий, кто сам был кем-то разбужен. (19)Сильным толчком может стать хорошая, вовремя прочитанная книжка. (20)Когда мне было лет десять, чья-то заботливая рука подложила мне томик Сетон-Томпсона «Животные-герои». (21)Я считаю её своим «будильником». 
 (22)Благодарность за «пробуждение» я должен сказать и матери, с которой ходил за грибами, и отцу, с которым заготавливал дрова. (23)С благодарностью вспоминаю речку, на которой мы ребятишками пропадали с утра до ночи. (24)От других людей знаю, что для них «будильником» чувства природы были месяц, проведённый летом в деревне, прогулка в лес с человеком, который «на всё открыл глаза», первое путешествие с рюкзаком, с ночёвкой в лесу... (25)Нет нужды перечислять всё, что может разбудить в человеческом детстве интерес и благоговейное отношение к великому таинству жизни. (26)Конечно, нужны и учебники. (27)Вырастая, человек умом постигать должен, как сложно всё в живом мире переплетено, взаимосвязано, как этот мир прочен и вместе с тем уязвим, как всё в нашей жизни зависит от богатства земли, от здоровья живой природы. (28)Эта школа должна обязательно быть. 
 (29)И всё-таки в начале всего стоит Любовь. (30)Вовремя разбуженная, познание мира она делает интересным и увлекательным. (31)С нею человек обретает и некую точку опоры, важную точку отсчёта всех ценностей жизни. (32)Любовь ко всему, что зеленеет, дышит, издаёт звуки, сверкает красками,- и есть любовь, по мысли яснополянского мудреца, приближающая человека к счастью. 
 (По В. Пескову) 
 Сведения об авторе: 
 Песков Василий Михайлович (родился в 1930 г.) - писатель, журналист, автор документальных очерков (многие с авторскими фотоиллюстрациями), описывающих жизнь советских людей, живущих в разных уголках нашей Родины, а также русскую природу, лауреат Ленинской премии 1964 года. 
 Основные проблемы: 
 1. Пробуждение чувства природы у человека (Кто может разбудить чувство природы? Что влияет на пробуждение чувства природы?)  
 2. Предназначение чувства природы (Зачем человеку чувство природы?)  
 3. Проблема выражения человеком своих чувств к природе (Как люди выражают свои чувства к природе?) 
 Позиция автора по выделенным проблемам: 
 1. Чувство природы, в основе которого лежит любовь человека к жизни, врождённое, но его надо вовремя разбудить, и у каждого человека будет свой «будильник»: родители, хорошая книга, первый поход или что-то другое.  
 2. Чувство природы помогает человеку быть счастливым, с ним человек обретает важную точку отсчёта всех ценностей жизни.  
 3. Люди по-разному выражают свои чувства к природе: от скупых реплик до высокого полёта души, выраженного в произведениях искусства. 
"
330,"Текст Пескова В. 
 (1)В 1969 году в воронежской «Коммуне» я прочитал заметку «Заживо погребённый» о человеке, который в сорок втором году дезертировал из армии и в течение двадцати лет укрывался на чердаке. (2)Он недавно спустился на землю и назвал своё имя. (3)Тонких Николай. (4)Случай невероятный. (5)Как журналист, я немедленно выехал в Воронежскую область... 
 (6)Село Битюг-Матрёновка. (7)Хата на краю села. (8)Дверь открыла женщина лет семидесяти. (9)Хозяйка не рада гостю, но голос искательный. 
 –(10)Сейчас позову Николая... 
 (11)Николай, как потом оказалось, первым увидел гостя – и сразу в сарай. 
 (12) Любому человеку в его положении всякий разговор неприятен и тягостен. 
 (13) Но гость сидит на скамейке, достал сигареты, закурить предлагает – надо поддерживать разговор. 
 (14)Слово за словом я узнаю трагедию человека-труса. 
 (15)В сорок втором, когда полыхал Воронеж, когда немцы рванулись к Волге, с холщовыми сумками за плечами из Битюг-Матрёновки в Липецк шла группа ребят.  
 (16)Парни спешили к месту, где люди получали винтовки, потом садились в теплушки и отправлялись к Волге. (17)Каждый понимал, что ждёт его, но от страха руки только крепче сжимали винтовку. 
 (18)А он испугался и бросил друзей, глухими дорогами пошёл назад, к дому. 
 (19) В подсолнухах дождался полуночи и, озираясь, постучал в хату у Битюга. 
 –(20)Мама, открой... 
 (21)Мать сжала его в объятиях. 
 –(22) Сынок... (23)Живой, здоровый. (24)Никому не отдам... (25)Один раз живём... 
 (26)Так начались страшные двадцать лет жизни на чердаке возле печной трубы. 
 (27)Семь тысяч дней, похожих как близнецы. (28)Наперечёт известные звуки: это мать доит корову, это сестра повесила на стенку портфель, это скребётся мышь, это червяк точит стропила... (29)При каждом незнакомом звуке человек у трубы вздрагивал, сжимался в комок. 
 (30)Летом, в тёмные часы между зорями, человек спускался к земле. (31)Озираясь, он обходил вокруг хаты, трогал руками подсолнухи, прикладывал ладони к остывающим после дневной жары тыквам. (32)Уснувшие кузнечики шарахались из-под ног. (33)Человек думал: «Это они меня боятся… (34)Часто думал: спущусь к людям, расскажу всё. (35)Боялся. (36)Уже не кары за трусость боялся – боялся жизни. (37)Я завидовал тем ребятам, которые не вернулись. (38)Я думал: им хорошо, лежат спокойно, им носят цветы, их помнят. (39)А я... (40)Зачем?.. (41)Много раз трогал руками верёвку. (42)Минута, и всё. (43)Кому я нужен? (44)Но жутко – живём один раз...» 
 (45)Так через двадцать лет огородами к сельсовету прошёл никому не знакомый человек, назвал себя… (46)Вот и вся трагическая и жалкая судьба дезертира, променявшего живую жизнь на бесконечные годы страха. (47)Он живёт теперь среди нас, сам зарабатывает свой хлеб. (48)Он устаёт на работе, избегает людей. (49)Спит он по-прежнему на чердаке. (50)«Никак не привыкну к избе...» (51)Вечерами, перед тем как полезть на чердак, долго стоит во дворе, провожает закат. 
 (52)Трусость в тяжкий для Родины час требует наказания. (53)Но у кого поднялась бы сейчас рука на этого жалкого, ссохшегося, с потухшими от страдания глазами человека, пережившего семь тысяч дней страха, наказавшего себя сверх всякой меры! (54)Этот человек и теперь говорит: «Живём один раз». (55)Но он понимает, как беспощадны для него эти слова. (56)Двадцать золотых лет зачёркнуто в жизни. (57)Да и теперь что за жизнь? (58)Не всякий подаёт руку. (59)А когда идёт по селу, острый слух ловит шёпот: 
 –(60)Дезертир... 
 (61)Презрение людей – самое тяжкое наказание для человека. (62)А живём один раз... 
 (по В. М. Пескову*) 
 *Василий Михайлович Песков (род. в 1930 году) − русский советский писатель, журналист, путешественник и телеведущий. 
 
"
331,"Текст Пескова В. 
 (1)«Весна». (2)Так называется эта картина из жизни русской деревни. (3)Банный день. (4)Молодая мать одевает дочку в предбаннике. (5)Чистота, здоровье, красота волнуют нас в этом правдивом обыденном моменте человеческого бытия. (6)Идёт синеватый дымок из бани, под ногами счастливой матери золотится солома, стынет в ведёрке вода из ручья, падает и тает редкий лопушистый снежок. (7)Многие знают эту картину. 
 (8)Если кто-то запамятовал имя художника, назовём его: Аркадий Александрович Пластов – человек, чья судьба с первого до последнего часа жизни была связана с деревней Прислонихой, стоящей в полусотне вёрст от Симбирска – Ульяновска. (9)Прислониха – деревенька старинная. (10)Ей триста лет. (11)Стоит она, прислонившись к косогору, поросшему лесом. (12)Среди всех событий, пережитых деревней, главным надо считать рождение в тысяча восемьсот девяносто третьем году в семье Пластовых мальчика, для которого родная деревня стала судьбой, а для деревни он навсегда теперь – верный, преданный сын. 
 (13)Отец Аркадия был псаломщиком в местной церкви и очень хотел выучить мальчика на священника. (14)Но судьбу сына определила встреча с весёлыми «богомазами», приезжавшими подновлять церковь. (15)Вид красок и результаты работ мастеров поразили воображение подростка. (16) «Буду художником!» – решил он. 
 (17)И он художником стал. (18)Большим, знаменитым. (19)Получил много наград, звание академика, стал подлинно народным художником, бывал за границей, не переставая и там учиться, но часто искренне говорил: «Я всем обязан деревне». (20)Прислониха стала главным жизненным университетом Пластова. (21)Он знал быт крестьян и очень любил деревенских людей. (22)Начальные его работы – по большей части портреты крестьян. (23)Я много раз подолгу рассматривал в альбоме их лица: пахарь, пастух, кузнец, плотник, охотник, сторож, доярка…(24)Мы видим не просто людей в полушубках, в будничных линялых одеждах и в праздничных одеяньях. (25)Мы видим человеческие характеры, самые разные. (26)Ничто в работах художника не подсахарено: всюду жизнь, какой она и была. (27)Пластов дорожил этой жизнью, причастностью к ней. (28)Рассказывают: будучи в Венеции и восхищаясь её самобытностью, он доставал из кармана коробочку с сухой полынью и нюхал степную траву, поясняя с улыбкой: «Это чтобы своё не забыть». 
 (По В. М. Пескову*) 
 *Василий Михайлович Песков (1930 – 1913) – советский писатель, журналист. 
"
332,"Текст Пескова В.  
 (1)Был осенний серенький день в конце листопада. (2)И настроение серенькое. (3)Я доехал на трамвае в Тимирязевский парк прогуляться. 
 (4)Пустынно было в парке и тихо. (5)Только ворона на сухом дереве воевала с куриной костью. (6)И вдруг из леса через дорогу в пяти шагах от меня проследовал заяц. (7)Он не бежал, а тихо подпрыгивал, удостоив меня лишь косым взглядом. (8)Тут же он остановился в двух шагах от меня, поскрёб за ухом длинной зад ней ногой и тихо-мирно упрыгал в кусты. (9)Эко событие, скажете. (10)Однако настроение у меня сразу переменилось. (11)Я шёл, посвистывая, вспоминал зайца, представляя, что он сейчас делает. (12)Дома за чаем опять его вспомнил. (13)И было на душе хорошо и тепло. 
 (14)Явление это обычное. (15)Пойдёшь с рюкзаком за город и, если ничего живого за день не усмотрел, возвращаешься хоть и довольный ходьбой, но всё-таки чувствуешь: чего-то важного не было. (16)Этим важным может быть утка, с треском и кряканьем взлетевшая из-под ног с маленького пруда. (17)Это могут быть увлекательные сцены поединка двух летунов — стрекозы и сороки. (18)Или кабан пробежал близко, показывая лишь спину по верх бурьянов. (19) Или вдруг в бинокль увидел: дятел таскает птенцам в дуплянку не личинок, а созревшие ягодки земляники. (20)Всё это даёт день пешей прогулки в лес... (21)Всё живое, тесно переплетённое множеством связей, являет собою чудо с названи ем Жизнь, очень возможно, единственную в бескрайней Вселен ной, и всякое проявление жизни даёт ощущение радости бытия. (22)Из всех человеческих ценностей главная — сама жизнь с восходом солнца, с облаками, пением птиц, кваканьем лягушек, трюканьем сверчка и шелестом трав. (23)Удалите всё это из жизни или по нерадивости потеряйте (это возможно при варварском отношении человека к Природе), и жизнь потеряет краски и главный источник радости. (24)Жизнь в окружении только автомобилей, компьютеров, самолётов, телевизоров, пейджеров станет для человека невыносимой. (25)Впрочем, до этой точки, не заботясь о сохранении живого мира, человек вряд ли и доживёт. 
 (По В. Пескову) 
 Песков Василий Михайлович (род. в 1930) — российский писатель, журналист, ведущий телепрограммы в «Мире животных» (с 1975 по 1990 гг.), путешественник. Известный фоторепортёр и корреспондент. Автор очерков, лирических миниатюр, рассказов на тему русской природы, жизни и труда людей... Первая его книга — «Записки репортёра» — увидела свет в 1960 году. В 1963 году вышла следующая книга — «Шаги по росе», за которую В. Песков был удостоен Ленинской премии. В. М. Песков — автор сборника очерков «Странствия», в котором перед глазами читателя предстают США и Восточная Африка, Антарктида и Швейцарские Альпы, Норвегия и Венгрия — разные уголки нашей планеты во всём их прекрасном многообразии. 
"
333,"Текст Пескова В. 
 (1)Кустарник и мелколесье. (2)Жутковатая предвечерняя тишина. (3)Молчаливые заросли. (4)Большая стая сорок поднялась в одном, другом месте. (5)По этому пиршеству сорок и ворон находили в лесу погибших лосей и птиц. (6)Что же случилось? 
 (7)Недавно над этими местами летал самолёт и опрыскивал лес хи¬мической жидкостью. (8)Было задумано расширить площадь лугов. (9)Подсчитали, что корчевать живой лес дороже, чем отравить его с самолёта, а потом уж корчевать. (10)Дело не новое, оно привлекательно дешевизной и потому считается прогрессивным и выгодным. (11)Несомненно, есть в этом деле значительные плюсы. (12)Но есть и очень большие минусы. (13)Их не всегда замечают. (14)А ведь здесь погибло двадцать семь лосей, загублены тетерева, мелкие птицы, спасавшие окрестные поля и лес от вредителей. (15)Гибнут насекомые, многие из которых — наши друзья. (16)Какой бухгалтер возьмётся теперь подсчитывать выгоду операции?! (17)И это ещё не всё. (18)Тысячи людей большого города едут в лес. (19)Пение птиц, всякое проявление жизни составляют радость этих прогулок. (20)Встреча же с крупным зверем человеку иногда запоминается на всю жизнь. (21)Прикиньте же, скольким людям не встретятся двадцать семь лосей. (22)Какой бухгалтерией измеряется эта потеря? 
 (23)Что же, не нашлось человека, который мог бы предвидеть беду? (24)Совсем наоборот. (25)3асыпали соответствующие учреждения письмами. (26)А там своё суждение. «(27)У нас план. (28)И чего шум подняли? (29)Вещество вполне безопасное. (30)Ничего не случится с вашим зверьём». 
 (31)Святыми глазами теперь глядят ответственные чиновники на тех, кто бил тревогу: 
 (32) — Мы? (33) Лоси погибли от чего-то другого. (34)У нас есть инструкция. (35)Вот, читайте: «Данное вещество токсично для человека и животных. (36)Если не соблюдать осторожность, могут быть отравления, а также понижается качество молока у коров...» (37)Вот видите, качество молока... (38)Про лосей же ни слова... 
 (39) — Но ведь можно было об этом догадаться. (40)Предупреждали же... 
 (41) — Мы согласно инструкции... 
 (42)Вот и весь разговор. 
 (43)...В деле, где сходятся природа и химия, нами руководить должны Осторожность, Мудрость, Любовь к нашей матери-земле, живому, что украшает жизнь и радует человека. (44)Мы не должны забывать в любом деле о самом главном — о человеческом здоровье, не должны пренебрегать счастьем слышать пение птиц, видеть цветы у дороги, бабочку на подоконнике и зверя в лесу... 
 (По В. Пескову*) 
 * Василий Михайлович Песков (род. в 1930 г.) — современный писатель-очеркист, журналист, путешественник. 
 
"
334,"Текст Пескова В. 
 (1)Лишь совсем недавно человек узнал, что Земля — это шар. (2)Думали, стоит Земля на трёх слонах, а ночью звёздный мир укрывает Землю. (3)Теперь вокруг шара человек облетает менее чем за два часа. (4)3емлю можно увидеть со стороны. (5)Вот снимок, сделанный из космоса. (6)Да, Земля — это шар, на нём видны материки, моря, облака, восходы и заходы Солнца. (7)Подробности земной жизни издалека не видны, но они есть, их много... 
  (8)Два десятка лет назад американцы провели опрос учёных: что дали человечеству полёты в космос? (9)Ответы были интересные. (10)Мне запомнился этот: «Во Вселенной мы одни, и не похоже, что где-нибудь нас ждут. (11)Надо беречь свой дом — родную Землю». (12)Хороший ответ. 
  (13)Сегодня с высоты своих знаний человек может сказать: «Замечательная нам досталась планета». (14)В самом деле, есть на планете вода, без которой жизнь была бы невозможной. (15)Близость Солнца даёт не иссякающее от времени тепло. (16)Вращение Земли обеспечивает чередование дней и ночей на планете, смену времён года. (17)3елёные растения наполняют атмосферу кислородом, накапливают углерод и выделяют в верхние слои атмосферы животворный кислород и озон, прикрывающий всё живое от губительных лучей Солнца. 
 (18)Конечно, зародившейся жизни миллионы лет приходилось приспосабливаться к изначальным условиям на планете. (19)Живые организмы уступали место на Земле более совершенным. (20)От многих животных уцелели лишь кости. (21)Но некоторые дожили до наших времен. (22)Живут в океанской воде на грани истребления человеком громадные киты, самые большие существа, когда-либо жившие на Земле. (23)Самые маленькие из млекопитающих — крохотная мышь-малютка и землеройка, весящие всего по два грамма. 
  (24)Между китами и мышами — огромное число животных, которым Земля стала родным домом. (25)И во главе всего сущего стоит человек. (26)Он часто решает, кому жить, а кому в жизни отказано. 
 (27)Миллионы лет отбирала Природа животных, определяя места, где они могут жить, чем могут кормиться. (28)Человек давно изучил эти места и первым тянется к добыче, разрушает среду, где привычно и благополучно живут звери, птицы, рыбы. (29)Так разрушаются основы нашего общего Дома. 
  (30)Много животных исчезли или стали исключительно редкими. (31)Уже давно мы не видим пролетающих журавлей, мало кто слышит токующих глухарей, крик перепёлок. (32)И так везде на Земле. (33)Двести лет назад американцы варварски истребили миллионы бизонов, а в середине прошлого века химия подкосила в Америке культовую птицу — белоголового орлана. (34)В Африке на больших пространствах уничтожили тысячи носорогов: нужна была земля для посевов зерна. (35)Растут площади жарких пустынь и пустошей, истощаются плодородные земли, высыхают озёра, исчезают на равнинах малые реки. 
  (36)Вот что имел в виду учёный, ответивший на вопрос о космосе. (37)Планету Земля нам надо беречь. (38)Никто не ждёт нашей высадки на другие планеты. (39)А Земля по-прежнему нас кормит, даёт нам дышать, снабжает водой, теплом и радостью жизни, идущей от наших соседей: зверей, птиц, рыб, насекомых, образующих сложный узор жизни на нашей планете. 
  (40)Вот как выглядит Земля, если глянуть на неё со стороны. (41)Очертания материков. (42)Следы деятельности вулканов. (43)Огни больших городов и маленьких деревень. (44)Озёра на суше. (45)Острова в океане. (46)3емля, изрытая шахтами и лисьими норами. (47)3емля, покрытая следами зверей, хлебными полями и кудрями лесов... (48)Такой общий наш Дом. 
 (По В. Пескову*) 
 
"
335,"Текст Пирогова Н. 
 (1)Я всё чаще думаю о том, как трудно быть истинно благодарным, то есть принести пользу тому, кто оказал нам некогда истинное благодеяние. (2)Неуважение к заслугам, а ещё более неблагодарность, представлялись всегда моему воображению в самом отвратительном виде. (3)В душе я никогда не был неблагодарным, но - увы! (4) На деле я не сумел или даже не захотел (кто доберётся до правды, роясь в хламе сердца!) быть благодарным именно там, где благодарность была священным долгом. 
 ((5)Правда, во всей моей жизни не так много случаев такого долга. 
 ((6)Я имел твердое намерение отблагодарить - и не однажды, - но судьба не дала мне этого сделать. (7)Один случай касается целого периода моей жизни; здесь я скажу только, что я считал себя обязанным благодарностью почтенному семейству профессора Мойера, и именно его почтеннейшей теще Екатерине, урожденной Буниной (сестре по отцу Василия Андреевича Жуковского). (8)Я был принят в этом семействе как родной и мечтал о женитьбе на его дочери. (9)Мечтам юности не суждено было осуществиться, и я поневоле остался в долгу у незабвенной Екатерины Афанасьевны. 
 (10)Наконец, самый священный долг, оставшийся не так выполненным, - как бы мне теперь (но, увы, поздно!) хотелось это сделать, - был долг благодарности моей матери и двум старшим сестрам. (11)Со смерти отца, с 1824 по 1827 год, эти три женщины содержали меня своими трудами. Кое-какие крохи, оставшиеся после разгрома отцовского состояния, недолго тянулись; и мать, и сестры принялись за мелкие работы; одна из сестёр поступила на работу в какое-то благотворительное детское заведение в Москве и своим крохотным жалованьем поддерживала существование семьи. 
 (13)Уроков я не мог давать: одна ходьба в университет с Пресненских прудов брала взад и вперёд часа четыре времени, да мать и не хотела, чтобы я работал. 
 -(14)Ты будешь, - говорилось,- чужой хлеб заедать; пока хоть какая-нибудь есть возможность, живи на нашем. 
 (15)Так и перебивались. (16)К счастью нашему, в то блаженное время не платили за лекции, не носили мундиров, и даже когда введены были мундиры, то мне сшили сёстры из старых вещей какую-то мундирную куртку с красным воротником, и я, чтобы не обнаружить несоблюдения формы, сидел на лекциях в шинели, выставляя на вид только светлые пуговицы и красный воротник. 
 (17)Как мы выжили в Москве во время моего студенчества, для меня осталось загадкою. (18)Квартира и отопление были, правда, даровые у дяди в течение года. (19)А содержание? (20) А платье? (21) Две сестры, мать и две служанки, и я на прибавку. (22)Сёстры работали; продавались кое-какие остатки, но как до этого доставало - не понимаю. (23) Иногда, только иногда, в торжественные праздники, помогал мой крестный отец, Семён Андреевич Лукутин; помогали иногда кое-какие старые знакомые. (24)Но я не был благодарным по отношению к ним, о чём сейчас сожалею. 
 (По Н. И. Пирогову*) 
 *Николай Иванович Пирогов (1810-1881) – русский хирург, анатом, естествоиспытатель, педагог. 
 Информация о тексте 
 
"
336,"Текст Пожедаевой Л. 
 (1)Нас увозили из Ленинграда через Ладожское озеро, когда машины уже не ехали по льду, а плыли по воде. (2)Приближалась весна, и лёд на озере быстро таял. (З)Машины плывут по воде — дороги не видно, а что-то вроде реки, по которой не то едут, не то плывут машины. (4)Я сижу, прижавшись к маме, на каких-то мягких узлах. (5)Мы едем в машине с открытым кузовом у заднего борта. (6)Холодно, сыро, ветрено. (7)Нет сил даже плакать, наверное, всем страшно. (8)Лёд уже тонкий и в любую минуту может провалиться под тяжёлой машиной. (9)А в небе в любую минуту могут появиться немецкие самолёты и начать бомбить дорогу и лёд. (10)Страх сковывает и без того беспомощное тело. (11)Помню, что от этого жуткого страха хотелось вскочить и убежать всё равно куда, только бы не сидеть в этой безвыходной обречённости. (12)Люди в машине ведут себя по-разному, и это бросается в глаза. (13)3а свою короткую детскую жизнь я видела и перечувствовала тогда уже так много, что перестала быть ребёнком и стала малолетнею старухой... (14)Иногда мысли проваливаются словно в пропасть. (15)Я то ли засыпаю, то ли теряю сознание. (16)Потом сознание возвращается, и снова мысли идут по кругу: «Хлеба! Хлеба! Хлеба!» (17)Так невыносимо хочется есть. 
 (18)Сколько мы так страшно ехали, не знаю — казалось, бесконечно. (19)Когда меня сняли с машины и попытались поставить на ноги, это не получилось. (20)Ноги, видимо, затекли, коленки подкашивались, и я валилась на снег. (21)На руках меня отнесли в какое-то помещение. (22)Там было тепло. (23)Но хотелось только одного — есть, есть и есть, потому что сытость не наступала. (24)И сытость не наступит ещё очень и очень долго. (25)Всё же чувство забытого тепла навалилось на меня, и я спала, спала, спала... (26)Конечно, теперь, когда мне уже 16 лет и я пишу эти строки, я могу всё это осознать и найти нужные слова, чтобы выразить то своё состояние. (27)А тогда... (28)Моя детская Память хранит на своих полках очень многое, что невозможно забыть, невозможно не помнить. (29)Но не всё это будет востребовано жизнью, и потускнеют воспоминания и восприятия прошлого. 
 (30)Но всё будет лежать до востребования и когда-нибудь пригодится. (31)Главное, какие ценности востребуются в моей взрослой жизни. (32)И пока помню, пока болею блокадой и военной памятью, сделаю эти наброски о страшном периоде моей маленькой жизни большой Страны, наброски о гибельной голодной жизни в моём Ленинграде, о страшной дороге по Ладожскому озеру, о том, что было после того, как нас посадили в поезд и мы с мамой поехали сначала в Горький, а потом навстречу Сталинградской битве... (33)Наброски о том, как калечили людей нравственно и психически голод и война... 
 (34)Зачем я всё это пишу через пять лет после Победы? (35)Пишу для себя, для Памяти, пока ещё помню мелочи и детали событий.(36)Пишу, чтобы выплеснуть на бумагу мою непроходящую боль от того, что нас, несмышлёнышей, бросили под откосом, раненых и больных, взрослые люди, когда нас отправляли обратно в Ленинград после кошмара Демянска и Лычкова, что в одиночестве пришлось осиливать мучительный голод зимы 1941 — 1942 гг., потому что мама была на казарменном положении, что в моей маленькой жизни был Сталинград и госпиталь с огромными человеческими страданиями. 
 (37)У меня много причин, и может быть, когда я поделюсь своей болью с бумагой, мне станет легче. (38)А ещё и потому, что, когда у нас собираются сослуживцы отца и вспоминают войну, мне так хочется выкрикнуть: (39)«А знаете ли вы, что выпало на долю ваших семей, ваших детей в Ленинграде? (40)В Сталинграде? (41)В других местах, где шла война, где были бои?» (42)Но с нашей Памятью не считаются. (43)Вот и пусть эта моя горькая Память тихонечко лежит среди моих книг и тетрадей. (44)Пусть лежит, и может быть, кто-нибудь когда-нибудь найдёт в выброшенном хламе эту тетрадь и узнает, как мы жили и выжили в войну, и пусть это будет неравнодушный человек. (45)Мои беды и страдания — это мои, до которых никому нет дела. (46)У кого-то, может, было куда хуже. (47)Да и наверняка хуже, иначе люди бы не умирали. (48)Но и мне с лихвой хватило этого и хватит на всю оставшуюся жизнь. (49)Забудутся какие-то мелочи, но тот страх голода, бомбёжек, обстрелов, страдания раненых в госпитале, смерть Даниловны и её помощь и тёти Ксении не забудутся никогда.  
 (По Л. Пожедаевой *) 
 * Людмила Васильевна Пожедаева (род. в 1934 г.), будучи школьницей, в 16 лет написала мемуары о том, как в 7 лет оказалась в адском хаосе Великой Отечественной войны — в ужасе, голоде, холоде блокады Ленинграда. Её книга «Война, блокада, я и другие... Мемуары ребёнка войны» о том, как 900 дней и ночей город и люди, живые и мёртвые, вопреки всему противостояли голоду. 
 
"
337,"Текст Покровского С. 
 (1)Прутский поход Петра Первого, предпринятый в 1711 году, как говорится, сразу не заладился. (2)После победы над шведами в головах у многих русских государственных деятелей началось то, что позже назовут головокружением от успехов. (3)Когда под Полтавой была наголову разгромлена не знавшая прежде поражений армия шведского короля Карла ХII, державшего в узде всю Европу, многим казалось, что теперь для русского оружия нет ничего невозможного, что чудо-богатыри только свистнут – и турки сразу же выбросят белый флаг. (4)Но не тут-то было. (5)Турки хитро заманили русское войско в безводные степи, а потом окружили. (6)Страшный зной, голод и жажда, турецкие конники, бесшумно маячившие в мареве, будто призраки из преисподней, беспрестанные рыдания офицерских жён – всё слилось в погребальную музыку, которой дирижировала неизбежность… (7)Никто не знал, что делать. (8)Двигаться вперёд нельзя, потому что враги превосходили их вчетверо, нельзя стоять на месте, позволяя туркам стягивать кольцо окружения. (9)Но невозможно и отступить. (10)Словно вода в пересыхающем степном колодце, таяли силы, мало-помалу отчаяние и безнадёжность овладевали людьми, которые оказались в западне. 
 (11)Царь Пётр, пожалуй, лучше остальных понимал серьёзность создавшегося положения, но ему нужно было думать не о собственной жизни, а о судьбе страны, которая могла лишиться правителя. (12)Тогда царь отправил письмо в Боярскую Думу, которое правильнее было бы назвать завещанием. (13)В коротком послании он даёт последние распоряжения своим сподвижникам, просит их руководствоваться в своей деятельности государственными интересами. 
 (14)Турки схватили посыльного, нашли депешу и внимательно её прочитали. (15)Карл ХII, который прятался у турок, довольно потирал руки: письмо ясно указывало на то, что положение русских не просто тяжёлое, оно безнадёжное. (16)Но великий визирь, напротив, погрузился в задумчивость, а потом внезапно объявил, что решил заключить перемирие с окружённым русским войском и отпускает его на все четыре стороны. (17)Карл решил, что ослышался: какое перемирие, кто отпускает врага, попавшего в ловушку? (18)Да этот визирь спятил! (19)Шведский король просит, умоляет, требует, заклинает, но визирь непоколебимо качает головой: из перехваченного послания ясно, что русский царь уже готов к смерти, а это означает, что его воины будут сражаться остервенело, до последнего дыхания, до последней капли крови. (20)Конечно, стопятидесятитысячная турецкая армия скорее всего одолеет 40 тысяч русских воинов, но это будет пиррова победа. (21)Лучше, если русские просто уйдут. 
 (22)Этот исторический факт может вызвать разные оценки, стать предметом для глубоких социологических, философских и психологических обобщений. (23)Важно главное: в этом как будто бы бесславном с точки зрения прямых результатов походе ярко проявилась та сила, которую называют национальным духом. (24)Чаще всего эту силу характеризуют, используя определения «таинственная», «неведомая», «непостижимая», однако ничего мистического в ней нет. (25)Она рождается из необходимости защищать свою семью, друга, дом, Отчизну, то есть из необходимости отвечать за что-то большее, чем собственная жизнь. (26)Да, в том походе не были решены военные задачи, не были одержаны славные победы, но зато была добыта главная мудрость: побеждает не тот, у кого больше людей и оружия, а тот, у кого больше стойкости и мужества. 
 (По С. Покровскому*) 
 * Сергей Михайлович Покровский (род. в 1967 г.) – современный прозаик.  
"
338,"Текст Полевого Б. 
 (1)Для Чередникова разведка была даже не специальностью, а искусством. (2)Он любил её, как артист, и, как настоящий артист, охотно, упорно и терпеливо учил молодёжь, прибывавшую из запасных полков. (3) Но учил не словами. (4)Он не любил слов. (5)На местности показывал он молодым солдатам, как надо переползать, как войлоком обматывать сапоги, чтобы шаг был бесшумен, как по моховым наростам на дереве, по годовым кольцам на пнях определить страны света, как с помощью поясного ремня лазить на самые высокие голые сосны, как сбивать собак со следа, как в снегу уметь прятаться от холода, как по разнице между выстрелом и разрывом определить дальность вражеских позиций, а по тону выстрела — расположение стреляющей батареи. (6)Учил он и многому другому, необходимому в этом сложном военном ремесле. (7)Он показывал молодым солдатам свой знаменитый в роте маскировочный плащ, который он сам обшил ветками и корой и в котором, как мы уже знаем, его действительно можно было не заметить даже в двух шагах. 
 (8)— Фашист — зверь хитрый, пуганный, сторожкий, его надо с умом брать, а потому дело наше — самое из всех тихое, — говорил он молодым бойцам. 
 (9)Сам он руководствовался этим же принципом, и до того умело, что иной раз невольно и своих обманывал. 
 (10)Раз по нём чуть не заплакала вся рота. 
 (11)Приказал ему командир срочно взять «языка». (12)Получены были агентурные данные, что противник здесь что-то затевает, и поступил сверху приказ добыть «языка» как можно скорее. (13) Дядя Чередников молча выслушал приказание. (14)На вопрос: «Понял?» — рубанул по обычаю: 
 (15)— Так точно, товарищ капитан. 
 (16)Развернулся налево кругом, плаща своего знаменитого не забрал, а взял винтовку и пошёл на передний край, никому не сказавшись и даже друга своего Валентина Уткина не предупредив. 
 (17)Очень уж требовался «язык». (18)Должно быть, поэтому, не дожидаясь даже, пока стемнеет, дядя Чередников переполз рубеж обороны и, глубоко зарываясь в снег, стал двигаться к немецким окопам так ловко, что и свои, следившие за ним, скоро потеряли его из виду. (19)Но шагах в двадцати от неприятеля что-то с ним случилось. (20)Он вдруг привстал. (21)Слышали бойцы, как у немцев рвануло несколько автоматных очередей. (22) Видели, как, широко вскинув руками, упал навзничь разведчик. (23)И всё стихло.(24)В сгущавшихся сумерках, на месте, где он упал, было видно неподвижное тело с нелепо поднятой рукой. 
 (25)Немцы попробовали подползти к трупу, но наши сейчас же открыли по ним огонь и отогнали их. 
 (26)Весть о том, что убит дядя Чередников, быстро дошла до роты. (27)Прибежал Уткин в маскхалате, белый, как халат, взглянул на неподвижное тело с поднятой рукой и тут же полез через бруствер. (28)Едва его удержали, да и не удержали бы, уполз бы за другом, может быть, себе на беду, если бы сам капитан не приказал ему вернуться и дожидаться темноты. 
 (29)Весь вечер Уткин сидел с бойцами боевого охранения, тянул из фляги спирт, не таясь ладонью стирал со щёк слёзы и всё твердил: 
 (30)— Ох, человек! (31) Вот человек! (32) Где вам понять, что это за человек за такой был дядя Чередников!.. 
 (33)Когда сгустилась тьма и запуржило в полях, капитан разрешил ему, наконец, ползти за телом друга. (34)Уткин перемахнул через бруствер и, миновав заграждение, двинулся вперёд. (35)Он полз долго, осторожно, локтями опираясь о скользкий наст…(36)Вдруг сквозь шелест летящего снега услышал он тяжёлое, приглушённое дыхание. (37)Кто-то полз ему навстречу. (38)Уткин притаился, замер, тихо вытащил нож, ждёт. (39)И вдруг слышит знакомый хрипловатый шёпот: 
 (40)— Кто там? (41)Не стреляй: свои.(42)Пароль — миномёт. (43)Чего притаился, думаешь, не слышу?(44)Мелко плаваешь, сахарницу видно.(45) Помогай тащить, ну! 
 (46)Оказывается, дядя Чередников, понимая важность задания, решил на этот раз рискнуть.(47)А расчёт у него был такой: незаметно приблизиться к немецким окопам, нарочно дать себя обнаружить, упасть до выстрелов, притвориться мёртвым и ждать, пока с темнотой кто-нибудь из немцев не направится за его телом. (48)И вот на этого-то немца напасть и взять его. 
 (по Б. Полевому* «Мы – советские люди») 
 *Борис Николаевич Полевой (1908-1981) -  прозаик, журналист, военный корреспондент. 
 
"
339,"Текст Полякова С. 
 (1) Осмысливая современную экологическую ситуацию на Земле - следствие производственной деятельности человека, я заявляю категорически, что во всех областях человеческого воздействия, точках приложения его рук, силы и воли наносится урон, чаще всего невосполнимый и необратимый. (2) Все нынешние экологические тупики упираются в одно: тут приложил своё умение и светлую голову человек. 
 (3) Распашка целинных земель и применение химикатов привели к оскудению и выветриванию почв. (4)Мелиорация - к изменению климата. (5) Орошение - к обмелению рек и морей. (6) Развитие промышленности - к загрязнению среды. (7) Космические испытания, бесконечные полёты повлияли на озоновый слой планеты, и, как недавно сообщили нам средства массовой информации, над Южным полюсом обнаружилась в этом слое озоновая дыра. (8)Я бы предложил взять за шиворот современных распустившихся экспериментаторов и спросить, чем они заштопают свои озоновые и прочие прорехи. 
 (9) Вместо того чтобы лечить жизненные болячки, прислушиваться к здравому смыслу, затоптанному сапогами технического прогресса, мы взялись лечить результаты жизненных аномалий. (10) Так, мы изучаем причины роста заболеваний, способы их лечения, но в то же время увеличиваем выброс в атмосферу промышленных отходов. 
 (11) Становится нечем дышать в городах, исчезают некоторые виды животных, растений. (12) На смену им приходят то неизлечимые болезни, то смертельно жалящие пчёлы, выведенные в лабораториях. 
 (13) Во всех бедах нашего времени - общественных ли, экологических ли - видится одна причина: затоптан в грязь, забыт здравый смысл. (14) Природа мстит за себя, обороняется, и милосердие природы состоит в том, что воюет она медленно. (15) Даёт возможность подумать и остановиться. (16) А не гнать птицу-тройку - в никуда. 
 (17) Вглядитесь повнимательнее в окружающую жизнь и в самих себя! (18) Мы употребляем искусственную пищу, слушаем синтетическую электронную музыку, наши настроения находятся в зависимости от печати или телевидения. (19) Мы привыкли к песням из нескольких слов, а классику воспринимаем через шлягеры на стихи гениев или на темы вечных книг. (20) Мы даже поиск друзей не ведём с помощью собственных оценок, а передоверили его роботам «службы знакомств» в Интернете. (21) «Спасите наши души!» - вслед за поэтом скажем мы. 
 (22) А может быть, «гомо сапиенс» есть существо инопланетное, которое подрядилось уничтожить всё на Земле и, оставив неприкосновенной свою особу, улетит на другую планету?..    (По С. Полякову) 
"
340,"Текст Попова А. 
 (1)   3акружился в диком танце осени, спрятал под листвой дороги, перепутал всё на свете листопад. (2)Хорошо бродить, утопая в листве. (З)Хорошо набирать её полные руки, заставлять кружиться вновь и вновь, осыпая голову, плечи... 
 (4)— Дедушка, скажи что-нибудь грустное. 
 (5)— Осенние листья. 
 (6)— А грустнее? 
 (7)— Осенние звёзды. 
 (8)— Грустнее осенних звёзд бывает? 
 (9)— Осенние птицы. 
 (10)— Дедушка, есть осенние люди? 
 (11)Его давно нет на свете, моего деда, а как прижмёт, защемит, — забываю, что нет. (12)Мой добрый, мой умный дедушка живёт во мне. (13)Он мой остров, мой материк, моя Земля. 
 (14)- Дедушка, есть второе дыхание, а любовь бывает вторая? (15) Ответь, дед, мне это очень важно. 
 (16)— Если ты мне скажешь: первая звезда, — я пойму. (17)Это начало счёта, это надежда на звёздное небо. 
 (18)— Дед, ну причём здесь звёздное небо? (19)Ты прямо ответь, бывает или нет? 
 (20)— Если ты скажешь: первое блюдо, я пойму — хочешь кушать и надеешься на второе и третье. (21)Но когда говорят: первая любовь, — я не понимаю, что это? (22)Начало счёта или надежда на вторую и третью? 
 (23)— Дед, я, наверное, старею, мне хочется быть счастливым. 
 (24)— Глупый ты ещё. (25)Пойми, внук: Маму, Родину, Любимую не нумеруют. 
 (26)— Дед, она не любит меня. 
 (27)— А ты сам как к себе относишься? 
 (28)— Плохо, дедушка, совсем плохо. 
 (29)— А летать ты пробовал? 
 (30)— Дед, средний я, серый, какие там полёты. 
 (31)— Объясни, такого не понимаю. 
 (32)— Дедушка, ты не представляешь, как трудно быть средним. (33)Чувствовать себя щенком перед слонами и понимать — они это знают. (34)Сознавать себя собакой перед мышами и знать: они этого никогда не поймут. (35)Я ненавижу себя, иногда хочу стать мышью — их не обижают, они маленькие. (36)Шмыгаю я, дед. 
 (37)— Она тебя замечает? 
 (38)—  Никто я для неё. (39)Моя жизнь — ожидание кости. (40)Иногда меня гладят, а я не знаю, что делать: лаять или лизать руку, которая гладит, а может ударить. 
 (41)— К себе не подпускай, вешай объявления на столбах. 
 (42)—  Шутишь, дед, какие объявления? 
 (43)— Продаётся собачья шкура. 
 (44)— А если придут за шкурой? 
 (45)— На вырученные деньги купишь скрипку. 
 (46)— Зачем мне скрипка, дед? 
 (47)— Станешь играть любимой. 
 (48)У меня нет родной деревни — мне некуда ехать, у меня нет отчего дома. (49)Моя отчизна — мой дедушка, его слова, его мысли. (50)0н учил меня любить, видеть, думать, хотел научить летать, но не успел. 
 (51)Мы ходили с ним среди сосен и смотрели в небо. (52) Дед говорил о каждой звезде, а ещё мой дедушка был влюблён в луну. (53)Он знал о ней всё. 
 (54) Как-то сказал: 
 (55)— Одни учёные утверждают: лунные кратеры — остатки потухших вулканов, другие доказывают — следы метеоритов. (56)Я уверен, лунные кратеры — застывшие взгляды великих. (57)Вот очи Пушкина, а здесь глаза Блока, дальше — взор Бунина, а прямо перед тобой — Маяковского; Луна — музей любви человека. (58)Но чтобы попасть в этот музей, нужно любить так, чтобы сгорать, как метеорит, с ума сходить, как вулкан! 
 (59)— Не получается у меня, дед. 
 (60)— Что не получается? 
 (61)— Ничего не понимаю, во всём запутался. (62)Дедушка, а кто они такие — осенние люди? (63)Может, я и есть осенний? 
 (64)— Нельзя мне все вопросы решать за тебя, есть такие, на которые ответишь только  сам. 
 (65)— Ой, дед, завидую я тебе. 
 (66) —    Это не так уж и плохо, я интересно жил. 
 (67)-  Дедушка, а как дальше мне, что делать? 
 (68) 3асыпая, я вновь услышал его голос: 
 (69) — Внук, так хочется, чтобы ты знал: дед твой жив! (70)Жив твой дед! 
 (71)  Я  встал, открыл форточку и заорал на всю улицу, во всю ночь: 
 (72)— Люди, жив мой дед! (73)Мой умный, добрый, осенний дед! (74)Мой остров! (75)Моя Земля! 
 (По А. Попову) 
"
341,"Текст Почуева В. 
 (1)Однажды на уроке биологии учительница, рассказывая о селекции, обмолвилась, что во время Великой Отечественной войны работники одной из лабораторий, умирая от голода, сберегли выведенные в ходе долгих экспериментов новые сорта пшеницы. 
 (2)Когда урок кончился, Димка Демьяненко, не без тайного желания покрасоваться перед миловидной учительницей, громогласно заявил: 
 –(3)Нет, ну это каким же чудовищем нужно быть, чтобы вот так видеть, как родные с голоду пухнут, и беречь это элитное зерно! (4)Оно что, дороже человеческой жизни?! 
 (5)И он торжествующе посмотрел на смутившуюся учительницу. (6)Наталья Евгеньевна вопросительно взглянула на Димку, не понимая: это вопрос, обращённый к ней, или реплика в никуда? 
 –(7)Это же было во время войны! – тихо сказала она. 
 (8)Димка надменно хмыкнул, показывая хлипкость этого аргумента перед его несокрушимой правотой. (9)Но победное самодовольство Димки задело самолюбие Вовки Нестерова, который никогда не упускал случая противопоставить свой живой ум книжному умствованию Демьяненко. 
 –(10) А ты бы, Демьян, что сделал с этим зерном? (11)Нажарил бы блинчиков для своей родни?! 
 (12)Димка с холодным высокомерием посмотрел на него. (13)Он умел в нужные минуты перевоплощаться в непреклонного и самоотверженного поборника справедливости, готового ради принципов пойти хоть в огонь. 
 –(14)Я бы, Вовчик, это зерно честно раздал людям, и думаю, что это спасло бы кого-то от смерти! (15)И знаешь, смеяться тут нечему! 
 (16)Вовка сразу посуровел, с его лица слетела улыбка, и он строго, как боец, задетый неспортивной выходкой противника, зловеще кивнул. 
 –(17) Честно – это как? – спросил он, хищно прищурив глаза. – (18)Вот, Демьян, у тебя центнер зерна. (19)Нас тут – двадцать четыре человека. (20)Подели! (21)И чтоб честно! 
 (22)Димка передёрнул плечами, показывая, сколь унизительно простой является эта задачка для его интеллекта. (23)Быстро произведя какие-то расчёты, он произнес: 
 –(24)Это будет примерно по четыре килограмма... 
 –(25)Вот как! – усмехнулся Нестеров. – (26)У меня есть брат и сестра – нам четыре килограмма. (27)А ты, Демьян, в семье один – тебе тоже четыре килограмма. (28)И это честно?! (29)Ты делишь чужое, честный ты наш! (30)Это, выходит, так: я работаю сторожем при складе с продовольствием, у меня семья голодает, я раз – и уволок пару ящиков тушёнки. (31)Другой патронами на войне торгует, чтобы семью прокормить, третий военную тайну врагу загнал... 
 –(32)Я разве предлагал военной тайной торговать? (33)Чего ты передёргиваешь? 
 –(34)А, вон ты как? (35)Значит, тебе брать чужое можно! (36)А другим нельзя? (37)У тебя всегда, Демьян, так: себе – чтоб хорошо, а для других – чтоб честно! (38)А ты слышал слово долг? (39)И оно… 
 –(40)А есть ещё такое слово, как любовь к людям! (41)И эта любовь превыше всякого там долга!.. – перебил его Димка. 
 –(42)Друг мой Демьян, не говори красиво! (43)Зачем тогда воевать против врага, на войне же людей убивают! (44)Сдаться – и всё! (45)Зачем тогда работать – это трудно, негуманно. (46)Пусть все лежат на печи и жалеют друг друга! (47)Люди, которые сберегли это зерно, как раз и думали о других, а вот если бы они это зерно по домам растащили, то стали бы предателями и воришками... (48)И нечего тут своей философией голову людям морочить. (49)Пойдёмте лучше в столовую, пока наш суп вот такие гуманисты не съели... 
 (50)Я шёл вслед за другими и думал, что очень часто одни и те же явления могут оцениваться совершенно по-разному. (51)В чём-то правым мне казался Димка, убедительными мне казались и доводы Нестерова… (52)Но я чувствовал, что за их словами не было внутренней силы, как будто бы каждому из них захотелось порисоваться перед окружающими, они надели яркие мушкетёрские костюмы, помахали перед нами бутафорскими шпагами и сошли со сцены, довольные произведённым эффектом. (53)А мне вдруг захотелось понять: так кто же прав на самом деле? (54)Ведь не может быть, чтобы правда двоилась, чтобы она зависела от остроумия и яркости своих случайных попутчиков, которые решили поупражняться в красноречии, нисколько не заботясь о том, насколько утверждаемая ими точка зрения согласуется с голосом их сердца, с их верой. 
  (По В. Почуеву*) 
 *Почуев Василий Андреевич - современный публицист. 
 Информация о тексте 
 
"
342,"Текст Прилепина З. 
 (1)В последнее время часто приходится слышать безапелляционные заявления, например: «Я ничего никому не должен». (2)Их повторяет, считая хорошим тоном, немалое количество людей самого разного возраста, в первую очередь молодых. (3)Не случайно позиция крайнего индивидуализма сегодня признак едва ли не хорошего тона. (4)А ведь прежде всего мы существа общественные и живём по законам и традициям социума. 
 (5)Однако сегодня сплошь и рядом встречаются молодые люди, которые воспринимают себя не как звено в непрерывной цепи поколений, а ни много ни мало как венец творения. (6)Но есть ведь очевидные вещи: сама жизнь и существование Земли, по которой мы ходим, возможны лишь потому, что наши предки относились ко всему иначе. 
 (7)Есть только один способ сохранить данную нам землю и свободу народа – постепенно и настойчиво избавляться от массового индивидуализма, с тем чтобы публичные высказывания по поводу независимости от прошлого и непричастности к будущему своей Родины стали как минимум признаком дурного тона. 
 (8)Возникает резонный вопрос: кому и что нужно сделать с людьми, чтобы они озаботились не только собственной судьбой, но и чем-то бόльшим? 
 (9)Сейчас много говорят о пробуждении гражданского самосознания. (10)И в этом процессе, как нас убеждают, главное – «начать с себя». (11)Я лично начал: вкрутил лампочку в подъезде, заплатил налоги, улучшил демографическую ситуацию, обеспечил работой нескольких человек. (12)И что? (13)И где результат? (14)Сдаётся мне, что, пока я занят малыми делами, кто-то вершит свои, большие, и вектор приложения сил у нас совершенно разный. 
 (15)А между тем всё, что есть у нас: от земли, по которой ходим, до идеалов, в которые верим, – результат не «малых дел» и осторожных шагов, а глобальных проектов, огромных свершений, самоотверженного подвижничества. (16)Люди преображаются только тогда, когда со всего размаху врываются в мир. (17)Человек становится человеком в поиске, в подвиге, в труде, а не в мелочном самокопании, выворачивающем душу наизнанку. 
 (18)Есть тихое, как зуд, ощущение, что государство на этой земле никому ничего не должно. (19)Может, поэтому в последнее время мы так часто слышим от людей, что и я, мол, никому ничего не должен. (20)И вот я не понимаю: кто будет защищать страну? 
 (21)Нельзя сдавать позиции, даже не сделав попытки защитить свой дом. (22)Это, конечно, фигура речи, навеянная историей и дымом Отечества, в котором духовный и культурный подъём, массовое стремление к переустройству всегда были сопряжены с великими потрясениями и войнами. (23)Но венчали их Победы, каких не достичь никому. (24)И мы должны заслужить право быть наследниками этих Побед! 
 (По З. Прилепину*) 
 * Захар Прилепин (род. в 1975 г.) – российский писатель, журналист. 
 Информация о тексте 
 
  Блок ссылок на примеры сочинений  
 Примеры сочинений 
  "
343,"Текст Прилепина З. 
 (1) Казалось бы: красота - понятие широкое, и не всегда ясно, что именно оно означает. 
 (2) Когда великий Фёдор Михайлович говорил о том, что эта самая красота спасёт мир, он, наверное, меньше всего имел в виду красивых людей и красивые виды. (З) Речь шла о красоте поступка, о красоте мужества и женственности, о красоте веры, прозрачной и честной. 
 (4) Добро красиво, милосердие красиво, подвиг красив. (5) Красива молитва, честность красива, нежность красива. 
 (6) Мир преисполнен красотой как счастьем. (7) Другой вопрос, что красота, наверное, никого уже не спасёт. 
 (8) Со времён позапрошлого века мы научились использовать красоту так, как нам удобно. (9) Выворачивать подлость и пошлость наизнанку, делая красивыми любые слабости и непотребства. 
 (10) В своё время красота была бесконечно дальним центром мироздания — и к этому центру стремилось любое страстное и честное сердце. (11) Наивысшую точку красоты, её средоточие, можно было называть гармонией. (12) Мир искал гармонии. 
 (13) Сегодня красота стала служанкой человека с его бесконечным стремлением наделить благородством и смыслом любой свой неприглядный поступок. 
 (14) Гармоничное существование, гармоничный взгляд на вещи, гармоничное бытие сплошь и рядом подменяются чем-то иным. (15) Для современного человека гармония — это комфорт. (16) Нынешний гармоничный взгляд на вещи - это устойчивая привычка видеть и знать то, что хочется видеть и знать, и отказ от знания о вещах трудных, сложных и неопрятных. 
 (17) Подлинность, которая, безусловно, является главным содержанием и кровеносной системой красоты, стала несколько непристойной, стыдной, странной. 
 (18) Подлинное    милосердие почти не слышно, почти затеряно среди пышных и пошлых жестов людей очевидно и насквозь немилосердных. (19) Человеку, совершившему подлинный подвиг, проще умереть три раза подряд, чем обрести внимание признательных ему людей. 
 (20) Подвига уже нет. (21) Он стал, по сути, неполиткорректен — оттого, что оскорбляет человека, не склонного к подвигам. (22) Естественно, нет и национальных героев. (23) Вернее сказать, в национальных героях ходят редкие проходимцы, которым ещё неизвестно где место. 
 (24) Подобно тому, как гармония с извлечённой сутью стала ком-фортом, так и подлинность заменил имидж. (25) Имидж — это под-линность с вырезанными сердцем и лёгкими. (26) Остался манекен — с приклеенной улыбкой, с пустыми стеклянными глазами... (27) Но если к нему приглядеться внимательно — сразу заметишь, что у него глаза не моргают. 
 (28) Мир всё больше становится триединым, и наше нынешнее триединство — это имидж, комфорт, гламур. (29) Они неразрывны и взаимосвязаны. (30) Имидж и комфорт создают гламур. (31) Гламур и комфорт делают имидж. (32) Где тут, в этих тупиках, под нарисованными эмульсией небесами, протиснуться красоте, как ей проявиться на свет Божий? 
 (ЗЗ) Красота всё не приходит, всё никак не наступает. (34) Как ей протиснуться в наш новый, чудесный мир? (35) У нас тут и так вокруг много приятных и гладких на ощупь вещей. 
 (36) А отвлечённые понятия занимают слишком много места. 
 (37) Отвлечённые понятия занимают слишком много сердца. (38) Отвлечённые понятия заставляют слишком часто дышать и при этом всё равно иногда задыхаться от непостижимости бытия. (39) Мы изгнали их. (40) Мы желаем жить конкретно. (41) По конкретным понятиям. 
 (42) Но, изгнав отвлечённые понятия, мы отлучили себя от красоты. 
 (43) Красота неконкретна. (44) Её нельзя сформулировать, расфасовать, а потом использовать по мере необходимости. 
 (45) Надо отвлечься от конкретных понятий. (46) Слишком много серьёзных людей вокруг. (47) Слишком мало красивых. 
 (По 3. Прилепину*) 
 * Захар Прилепин (настоящее имя Евгений Николаевич Прилепин; род. в 1975 г.) — российский писатель, филолог, журналист, политик, бизнесмен, актёр, музыкант. Лауреат множества литературных премий, таких как «Русский Букер десятилетия» (2011), «Супер Нацбест», «Бронзовая улитка» за лучший фантастический роман года — «Чёрная обезьяна» (2012) и др. Его роман «Грех» назван лучшей книгой десятилетия (2011). 
 Информация о тексте 
 
"
344,"Текст Прилепина З.  
 (1)Тогда у нас ещё был только один ребёнок –  старший сын. (2)Мы были замечательно бедны. (3)Питались жареной капустой и гречкой. (4)Новогодние подарки ребёнку начинали покупать за полгода, не позже, так как точно знали, что накануне Нового года денег на все заказанные им у Деда Мороза сюрпризы точно не хватит. (5)Так вот и жили, приобретая один подарок в месяц: на него иногда уходила треть моей нехитрой зарплаты. 
 (6)Старший очень долго верил в Деда Мороза, чуть ли не до восьми лет. (7)По крайней мере, я точно помню, что в первом классе он реагировал на одноклассников, которые кричали, что никакого Деда Мороза нет, как на глупцов. 
 (8)Каждый год он составлял списки: что он желает заполучить к празднику. (9)Мы по списку всё исполняли, иногда добавляя что-либо от себя. 
 (10)И вот, помню, случился очередной Новый год. (11)Мы с женою глубоко за полночь выложили огромный мешок подарков под ёлку. (12)Легли спать в предвкушении – нет же большей радости, как увидеть счастье своего ребёнка. 
 (13)Утром, часов в 9, смотрим – он выползает из своей комнатки. (14)Вид сосредоточенный, лоб нахмурен: может, Дед Мороз забыл зайти. (15)Заприметил мешок, уселся рядом с ним и давай выкладывать всё. (16)Там был аэроплан на верёвочке. (17)Там был пароход на подставочке. (18)Солдаты трёх армий в ужасающей врага амуниции. (19)Книга с роскошными картинками. (20)Щит и меч. (21)Первый, ещё игрушечный мобильник. 
 (22)Когда он всё это выгрузил, нам с кровати стало не видно нашего ребёнка. (23)Мы даже дыхание затаили в ожидании его реакции. (24)И тут раздался оглушительный плач! (25)Сын рыдал безутешно. 
 (26)Жена вскочила с кровати: что, мол, что такое, мой ангел? 
 (27)Вы знаете, я врать не буду – я не помню точно, чего именно ему не хватило в числе подарков. (28)Но, поверьте, это была сущая ерунда. (29)Допустим, он хотел чёрный танк, а мы купили ему зелёный броневик. (30)Что-то вроде того. 
 (31)Но обида и некоторый даже ужас были огромны. 
 – (32)Он забыл танк! – рыдал ребёнок. – (33)Он забыл! (34)Он забыл! 
 (35)Сидит, понимаете, этот наш маленький гномик под горой игрушек, купленных на последние деньги родителями, отказывающими себе во всём, невидимый за ними, – и рыдает. 
 (36)Реакция наша была совершенно нормальная. (37)Мы захохотали. (38)Ну, правда, это было очень смешно. 
 (39)Он от обиды зарыдал ещё больше – мы кое-как его утешили, пообещав написать Деду Морозу срочную телеграмму, пока он не уехал к себе в Лапландию… (40)Я до сих пор уверен, что мы себя вели правильно. 
 (41)Может, у кого-то поведение моего ребёнка вызовет желание воскликнуть: «(42)Набаловок! (43)Кого вы воспитываете! (44)Он вам ещё покажет!» 
 (45)Как хотите, я не спорю. (46)Я ж знаю, что он не набаловок. (47)Он отреагировал как ребёнок, которому ещё неведомы несчастье и обман. (48)Этого всего ему вдосталь достанется потом. (49)Уже достаётся. 
 (50)Но дитя, у которого было по-настоящему счастливое детство, когда сбывалось всё, что должно сбыться, всю жизнь обладает огромным иммунитетом. (51)Я в этом убеждён. 
 (52)Мой отец говорил мне эту любимую мою фразу: «(53)Как скажешь – так и будет». (54)Я всё жду, кто мне ещё в жизни может такие слова сказать. (55)Больше никто не говорит. (56)Так как никто не может мне повторить эти слова, я сам часто их говорю своим близким. 
 (57)Мой старший подрос, и теперь у нас детей уже четверо. (58)Старший свято блюдёт тайну Деда Мороза. (59)Дед Мороз есть, факт. (60)Каждый год наши младшие пишут ему свои письма. 
 (61)Старший самым внимательным образом отслеживает, чтобы броневик был зелёный, чтобы вместо мушкетёров в мешок не попали пираты, чтобы вместо Гарри Поттера не была куплена Таня Гроттер (или наоборот) и чтобы воздушные шарики были правильной воздушно-шариковой формы. 
 (62)Насколько я вижу (а я вижу), опыт детства научил моего старшего сына не безответственности и наглости, а желанию самолично доводить чудеса до конца для тех, кто ждёт этих чудес и верит в них. 
 (По З. Прилепину*) 
 * Захар Прилепин (Евгений Николаевич Прилепин; род. в 1975 г.) – современный российский писатель, лауреат литературных премий. 
 
"
345,"Текст Приставкина А. 
 (1)Недавно я побывал в Троице-Сергиевой лавре. (2)Я бродил по многочисленным комнатам музея, без воодушевления смотрел на бесконечные короны, да ризы, да всякие украшения одежды, и на их хозяев, тут же вправленных в рамки. (3)Музей этот очень богат. и, может, оттого нас запустили группой, заперли дверь огромным железным засовом и снаружи поставили милиционера. 
 (4)Так ходил я между златом с одной стороны да серебром — с другой, не зная, куда отворачиваться от неестественного блеска, которого, может быть, хватило бы для игры и перелива целому озеру Селигеру. 
 (5)И тут наткнулся я на оригинальную запись, вывешенную на стене. (6)Это была опись 1641 года об оружии, установленном на крепостной стене монастыря. (7)Там писалось: «На красной башне против святых ворот пищаль полуторная, медная. (8)Другая пищаль на колёсах, пушкарь у той пищали Первушка Фёдоров». 
 (9)И словно бы всё ожило тотчас, мне даже послышалось, как зашелестела парча, сброшенная с благородных плеч, и покатилась, звякнув, золотая пуговица, и вельможи в рамках покосились в окно — на месте ли сторожа, на посту ли пушкари, а то не приведи господи… (10)А Первушка Фёдоров вот он, сидит у полуторной пищали, что на колёсах, и поглядывает с крепостной стены спокойным оком. (11)Глаза у Первушки большие, глубокие, с синевой, руки крупные, в узлах, потому как прежде дома рубил и печки клал. (12)А рубаха самая что ни на есть домотканая, отбелённая на первых снегах, никто не сохранит эту рубаху и не положит под стекло. 
 (13)Я тогда счастливо переживал радость, что время обхитрило всё это — нержавеющее и вечное и донесло до меня живой, странно волнующий образ русского пушкаря. (14)Такое настроение я пронёс через все комнаты музея, пока вежливый милиционер дважды не пересчитал нас и не открыл засова. 
 (15)— Ах ты, Первушка Фёдоров, — приговаривал я про себя. 
 (16)— Ах ты, дорогой предок мой, Первушка! (17)Я не знаю и сейчас, верно, твоего лица. (18)На старых деревянных иконах, где на передний план, почти на рамы властно взгромоздились угрюмые князья с жестокими самодержавными лицами и их любимые кони, я только предположительно нахожу тебя, мой дорогой предок. (19)3а объёмными плечами князя, где скорой рукой мальчика-подмастерья выписаны сто шлемов подряд или просто жёлтой охрой серпы волос, ты и стоишь там, предок Первушка Фёдоров. (20)И ранее, и тогда, и много раз потом будет твориться эта несправедливая картина, и будут русский народ выводить общим фоном за плечами единого человека-иконы с жестокими неподвижными чертами. (21)И много раз я буду тебя угадывать, пушкарь Первушка Фёдоров, только потому, что ты не покинул свою пищаль ни в 1641 году, ни триста лет потом. (22)В 1941! 
 (23)А пока ты есть, Первушка Фёдоров, на земле, будет жить земля русская, будут стоять на крепостной стене меткие пушкари и будет земля наша цела заботами тех пушкарей. 
 (А. Приставкин*) 
 * Анатолий Игнатьевич Приставкин (1931—2008) — русский писатель, общественный деятель. Долгие годы судьба и творчество писателя были связаны с Сибирью. В эти годы пишет документальные повести «Мои современники», «Костры в тайге», «Ангара-река» и др. 
 
"
346,"Текст Пришвина М. 
 (1) Наш древний городок Переславль укрывается до сих пор в стороне от железных дорог и не совсем похож на другие русские города. (2)Домики его, как в приморских городах, стоят в одну линию близко к берегу большого Плещеева озера, окруженного лесами. (3) К этим богатствам природы лесам и воде присоединяются древности: монастыри на холмах и церкви. 
 (4)Чайки белеют, вода голубеет, леса зеленеют, кресты жаром горят на солнце, и кто в первый раз видит уму кажется очень красиво. (5)Мы же сами, переславцы, до того привыкли глядеть на все, что перестали и удивляться. 
 (6)Но в праздник, бывало, мы с женами и ребятами шли в рыбацкую слободу, садились в свою большую лодку и в поветерь катили под парусом через все озеро девять верст, а если было тихо, держались берега и шли впритычку, упираясь шестом в плотное песчаное дно. (7)С того далекого берега, где из озера вытекает извилистая речка Векса, наш обыкновенный Переславль казался выступающим из воды чудесным городом, подобным невидимому граду Китежу. 
 (8)Дальше мы плыли вниз по реке, такой извилистой, что один рыбак с одной излучины мог дотянуться до другой. (9) Берега этой речки низкие, в жёлтых цветах, в летнее время неприступны: земля топкая, слепень, гнус и комар тучами. (10) Но там и тут на этой жидкой земле возвышались песчаные холмы-борины, на них росли сосны, и комар туда не залетал. 
 (11)У одной большой заводи такая борина обрывалась и называлась у нас издавна Кручею. (12)Вот тут-то, на этой нашей любимой Круче, мы и проводили наши праздники и, возвращаясь, глядели на свой родной Переславль веселыми глазами. 
(13)Дивился я сам себе на этой Круче, как будто радуешься большой красоте, между тем как никакой красоты вокруг не было и показать нечего: крутой осыпанный песчаный берег с обнаженными корнями сосен, какое дерево висит, какое упало, гниет, и темной полосой легла от него на песке осыпанная мертвая хвоя. (14)Но почему же так себе-то кажется, будто нет на свете прекраснее этого места, и знаешь, что так же думали об этом наши отцы, деды, прадеды? 
 (М.М. Пришвин)  
"
347,"Текст Пришвина М. 
 (1)В первую мировую войну, в 1914 году, я поехал военным корреспондентом на фронт и скоро попал в сражение. (2)Я укладывал раненых, и один умирающий шептал мне: «Вот бы водицы…» (3)Я побежал за водой.(4)Но он не пил и повторял: «Водицы, водицы, ручья…» 
 (5)С изумлением поглядел я на него и вдруг всё понял. (6)Это был почти мальчик, с блестящими глазами, с тонкими трепетными губами, которые отражали трепет души. (7)Мне казалось тогда, что надежды на спасение у него нет и что врачи будут бессильны. (8)Я объяснил санитару, что мы можем сделать для мальчика, пока он ещё жив.  
 (9)Мы взяли носилки и отнесли его на берег ручья. (10)Санитар удалился, а я не смог уйти и остался с глазу на глаз с умирающим мальчиком на берегу лесного ручья. 
 (11)В косых лучах вечернего солнца ручей был особенно красив. 
 (12)Над заводью, на фоне чистого неба, кружилась голубая стрекоза. (13)А чуть ближе к нам, где заводь кончалась, струйки ручья, соединяясь на камушках, пели свою завораживающую, прекрасную песенку. (14)Раненый слушал, закрыв глаза, его губы, бескровные и сухие, судорожно двигались, выражая сильную борьбу. (15)И вот борьба закончилась милой и детской улыбкой, и открылись глаза. 
  – (16)Спасибо вам, так красиво! – прошептал он. 
 (17)Увидев голубую стрекозу, летающую у заводи, он ещё раз улыбнулся, ещё раз сказал спасибо и снова закрыл глаза. 
 (18)Прошло сколько-то времени в молчании, как вдруг губы опять зашевелились, возникла новая борьба, и я услышал: 
 – (19)А что, она ещё летает? 
 (20)Голубая стрекоза ещё кружилась. 
  – (21)Летает, ещё как! – ответил я. 
 (22)Он опять улыбнулся и впал в забытьё. 
 (23)Между тем мало-помалу смерклось, и я тоже мыслями своими улетел далеко и забылся. (24)Вдруг, слышу, он спрашивает: 
 – (25)Всё ещё летает? 
 – (26)Летает, – сказал я машинально, не глядя, не думая. 
 – (27)Почему же… я не вижу… красоту? – спросил он, с трудом открывая глаза. 
 (28)Я испугался. (29)Мне случалось раз видеть умирающего, который перед смертью вдруг потерял зрение, а с нами говорил ещё вполне разумно. 
 (30)Не так ли и тут?.. (31)Но я сам посмотрел на то место, где летала стрекоза, и ничего не увидел. (32)Больной решил, что  я его обманул, и глаза его опять закрылись. 
  (33)И вдруг я увидел в чистой воде отражение летающей стрекозы: мы не могли заметить её на фоне темнеющего леса. (34)Но вода – эти глаза земли – остается светлой, даже когда стемнеет: эти глаза как будто видят во тьме. 
 – (35)Летает, летает! – воскликнул я так решительно, так радостно, что больной сразу открыл глаза. 
 (36)И я ему показал это отражение. (37)И он улыбнулся. 
 (38)Я не буду описывать, как спасли этого раненого, его спасли доктора. (39)Но я крепко верю: им, докторам, помогла красота ручья и мои решительные и взволнованные слова о том, что голубая стрекоза летает над заводью. 
 (По М.М. Пришвину*) 
 *Михаил Михайлович Пришвин (1873–1954) – известный русский писатель, автор произведений о природе, охотничьих рассказов, произведений для детей. 
"
348,"Текст Пришвина М. 
 (1)Когда человек любит, он проникает в суть мира.  
 (2)Белая изгородь была вся в иголках мороза, красные и золотые кусты. (3)Тишина такая, что ни один листик не тронется с дерева. (4)Но птичка пролетела, и довольно взмаха крыла, чтобы листик сорвался и, кружась, полетел вниз. 
"
349,"Текст Пришвина М. 
  (1)Если хочешь понять душу леса, найди лесной ручей и отправляйся по его берегу вверх или вниз. (2)Я иду берегом своего любимого ручья ранней весной. (3)И вот что я тут вижу, и слышу, и думаю. 
 (4)Вижу я, как на мелком месте текущая вода встречает преграду в корнях елей и от этого журчит о корни и распускает пузыри. (5)Рождаясь, эти пузыри быстро мчатся и тут же лопаются, но большая часть их сбивается дальше у нового препятствия в далеко видный белоснежный ком. 
 (6) Новые и новые препятствия встречает вода, и ничего ей от этого не делается, только собирается в струйки, будто сжимает мускулы в неизбежной борьбе. 
 (7) Водная дрожь от солнца бросается тенью на ствол ёлки, на травы, и тени бегут по стволам, по травам, и в дрожи этой рождается звук, и чудится, будто травы растут под музыку, и видишь согласие теней. 
 (8) С мелкоширокого плёса вода устремляется в узкую приглубь, и от этой бесшумной устремлённости кажется, будто вода мускулы сжала.(9) Рябь же на воде, схваченная солнцем, и тень, как дымок, перебегает вечно по деревьям и травам, и под звуки ручья раскрываются смолистые почки, и травы поднимаются из-под воды и на берегах. 
 (10) А вот тихий омут с поваленным внутрь его деревом; тут блестящие жучки- вертунки распускают рябь на тихой воде.(11)Под сдержанный ропот воды струи катятся уверенно и на радости не могут не перекликнуться: сходятся могучие струи в одну большую и, встречаясь, сливаются, говорят и перекликаются: это перекличка всех приходящих и расходящихся струй. 
 (12) Вода задевает бутоны новорождённых жёлтых цветов, и так рождается водная дрожь от цветов. (13)Так жизнь ручья проходит то пузырями и пеной, а то в радостной перекличке среди цветов и танцующих теней. 
 (14) Дерево давно и плотно легло на ручей и даже позеленело от времени, но ручей нашёл себе выход под деревом и быстриком, с трепетными тенями бьёт и журчит. 
 (15)Некоторые травы уже давно вышли из-под воды и теперь на струе постоянно кланяются и отвечают вместе и трепету теней, и ходу ручья. 
 (16)А то вот большой завал, и вода как бы ропщет, и далеко слышен этот ропот и переплеск. (17)Но это не слабость, не жалоба, не отчаяние — вода этих человеческих чувств вовсе не знает; каждый ручей уверен в том, что добежит до свободной воды, и далее, если встретится гора, пусть и такая, как Эльбрус, он разрежет пополам Эльбрус, а рано ли, поздно ли, но всё равно добежит. 
 (18) Пусть завал на пути, пусть! (19)Препятствия делают жизнь: не будь их, вода бы безжизненно сразу ушла в океан, как из безжизненного тела уходит непонятная жизнь. 
 (20)На пути явилась широкая низина. (21)Ручей, не жалея воды, наполнил её и побежал дальше, оставляя эту заводь жить собственной жизнью. 
 (22) Согнулся широкий куст под напором зимних снегов и теперь опустил в ручей множество веток, как паук, и, ещё серый, насел на ручей и шевелит всеми своими длинными ножками. 
 (23) Семена елей плывут и осин. 
 (24) Весь проход ручья через лес — это путь длительной борьбы, и так создаётся тут время. 
 (25) И так длится борьба, и в этой длительности успевает зародиться жизнь и моё сознание. 
 (26) Да, не будь этих препятствий на каждом шагу, вода бы сразу ушла и вовсе бы не было жизни-времени. 
 (27) В борьбе своей у ручья есть усилие, струи, как мускулы, скручиваются, но нет никакого сомнения в том, что рано ли, поздно ли он попадёт в океан к свободной воде, и вот это «рано ли, поздно ли» и есть самое-самое время, самая-самая жизнь.
(28) Перекликаются струи, напрягаясь у сжатых берегов, выговаривают своё: «рано ли, поздно ли». (29)И так весь день и всю ночь журчит это «рано ли, поздно ли». 
 (30) И пока не убежит последняя капля, пока не пересохнет весенний ручей, вода без устали будет твердить: «Рано ли, поздно ли мы попадём в океан». 
 (31) По заберегам отрезана весенняя вода круглой лагункой, и в ней осталась от разлива щучка в плену. 
 (32) А то вдруг придёшь к такому тихому месту ручья, что слышишь, как на весь-то лес урчит снегирь и зяблик шуршит старой листвой.
(33) А то мощные струи, весь ручей в две струи под косым углом сходится и всей силой своей ударяет в кручь, укреплённую множеством могучих корней ели. 
 (34) Так хорошо было, что я сел на корни и, отдыхая, слышал, как там внизу, под кручей, перекликались уверенно могучие струи. (35)Привязал меня ручей к себе, и не могу я отойти в сторону... 
 (36) Вышел на лесную дорогу — на самых молодых берёзках зеленеют и ярко сияют ароматной смолой почки, но лес ещё не одет.
(37) Ручей выбежал из глухого леса на поляну и в открытых тёплых лучах солнца разлился широким плесом. (38)Половина воды отдельным ручьём пошла в сторону, другая половина — в другую. (39)Может быть, в борьбе своей за веру в своё «рано ли, поздно ли» вода разделилась: одна вода говорила, что вот этот путь раньше приведёт к цели, другая в другой стороне увидела короткий путь, и так они разошлись, и обежали большой круг, и заключили большой остров между собой, и опять вместе радостно сошлись и поняли: нет разных дорог для воды, все пути рано ли, поздно ли непременно приведут её в океан. 
"
350,"Текст Распутина В.  
 (1)Уезжая ранним утром домой я дал себе слово, что вечером обязательно вернусь на работу. (2)И все шло хорошо до того момента, когда я, покончив с суетой, забежал на исходе дня в детский сад за дочерью. (3)Дочь мне очень обрадовалась. (4)Она спускалась по лестнице и, увидев меня, вся встрепенулась, обмерла, вцепившись ручонкой в поручень, но то была моя дочь: она не рванулась ко мне, не заторопилась, а, быстро овладев собой, с нарочитой сдержанностью и неторопливостью подошла и нехотя дала себя обнять. (5)В ней выказывался характер, но я-то видел сквозь этот врожденный, но не затвердевший ещё характер, каких усилий стоит ей сдерживаться и не кинуться мне на шею. 
 (6)— Приехал? — по-взрослому спросила она и, часто взглядывая на меня, стала торопливо одеваться. 
 (7)До дому было слишком близко, чтобы прогуляться, и мы мимо дома прошли на набережную. (8)Погода для конца сентября стояла совсем летняя, теплая. (9)В ту пору и на улицах было хорошо, а здесь, на набережной возле реки, тем более: тревожная и умиротворяющая власть вечного движения воды, тихие голоса, тёплая, так располагающая к согласию, осиянность вечереющего дня. 
 (10)Мы гуляли, наверное, с час, и дочь против обыкновения почти не вынимала своей ручонки из моей руки, выдёргивая её лишь для того, чтобы показать что-то или изобразить, когда без рук не обойтись, и тут же всовывала обратно. (11)Я не мог не оценить этого: значит, и верно соскучилась. 
 (12)Дочь расщебеталась, разговорилась, рассказывая о садике. (13)Мне между тем подступало время собираться, и я сказал дочери, что нам пора домой. 
 (14)— Нет, давай ещё погуляем... 
 (15)— Пора,— повторил я.(16)— Мне сегодня уезжать обратно. 
 
 
 
 (29)— Нет, не можно.(30)— Я разозлился оттого, что это действительно было разумно. 
 (31)У меня оставалась ещё надежда на прощание. (32)Так уж принято среди нас: что бы ни было, а при прощании, даже самом обыденном и неопасном, будь добр оставить все обиды, правые и неправые, за спиной и проститься с необремененной душой. (33)Я собрался и подозвал дочь. 
 (34)— До свидания. 
 (35)— До свидания,— отводя глаза, сказала она как-то безразлично и ловко, голосом, который ей рано было иметь.  

(36)Будто нарочно, сразу подошёл трамвай, и я приехал на станцию за двадцать минут до автобуса. (37)А ведь мог бы эти двадцать минут погулять с дочерью, их бы, наверное, хватило, чтобы она не заметила спешки и ничего бы между нами не случилось.  
 (По В. Распутину*) 
"
351,"Текст Распутина В. 
 (1)Всё чаще, решившись на переезд, стал раздумывать Иван Петрович: что надо человеку, чтобы жить спокойно? (2)Если есть у него работа, на которую он не смотрит как на каторгу, и семья, к которой его тянет, — что требуется ещё, чтобы, проснувшись ненароком ночью, не чаял он дождаться утра для желанной подвижки? 
 (3)Начать с достатка... (4)Достаток — да, он надобен. (5)Но достаток — это не только запас в себя, на себя и за себя, не только то, что требуется сегодня и потребуется завтра для удовлетворения живота, а также для удовлетворения самому выйти и другим нос утереть. (6)Когда бы так, до чего бы всё было просто. (7)Человек, окруживший себя целой  оравой подспорья, вырабатывающего достаток, обязан иметь внутри этого достатка что-то
особое, происходящее из себя, а не из одного лишь хвать-похвать, что-то причинное и контролирующее, заставляющее достаток стыдиться вопреки себе полной своей коробушки. 
 (8)Ну ладно, о достатке потом. 
 (9)Не только во имя его превосходительства брюха делается работа. (10)Сколько их, неработающих или едва работающих, набивают брюхо ничуть не хуже, сейчас это легко. 
 (11)Работа — это то, что остаётся после тебя. (12)Тебя нет, ты уже и сам становишься работой для других, а она долго-долго ещё будет напоминать о тебе живущим вслед за тобой. (13)Так говорят. (14)Так оно и есть, тем более, если работа твоя вливается в полезную реку. (15)Есть две реки — с полезным и бесполезным течениями, и какое из них мощней, туда и сдвигается общая жизнь. (16)Но это опять-таки в общем, в каких-то огромных, надчеловеческих понятиях, а что должен испытывать он, чуть свет выезжающий завтра за двадцать и тридцать километров, чтобы привезти за смену свои кубометры древесины? (17)Конечно, уже сам язык: километры, кубометры, древесина — вроде бы должен определять чувства, наталкивая их на рубли. (18)Но это не так. (19)Не совсем так. (20)Не рубли его подстёгивают, заставляя перегружать КрАЗ и выкраивать лишний рейс, а сама работа, берущая единым охватом сотни людей. (21)В работе он не помнит, что это километры, кубометры и рубли, он возносился над ними в какую-то иную высь, где нет никакой бухгалтерии, а есть лишь движение, ритм и празднество. (22)Там он постоянно двигается попутно, а потому двигаться легко. (23)Чему попутно, он не мог бы сказать, похоже, попутно душе, её изначальному наклону; там он весь превращается в ответ на чей-то стремительный зов, душа его
выструнивается и начинает раскрыто и вольно звучать. 
 (24)Да, он работник, он за собой это знает, и с той высоты, на которую он взмывает в работе, жизнь видится надёжней всего. 
 (25)Четыре подпорки у человека в жизни: дом с семьёй, работа, люди, с кем вместе правишь праздники и будни, и земля, на которой стоит твой дом. (26)И все четыре одна важней другой. (27)Захромает какая — весь свет внаклон. 
 (28)Так вот, о достатке. (29)Есть достаток, и даже не маленький, а всё не живётся человеку с уверенностью ни в сегодняшнем, ни в завтрашнем дне, всё словно бы бьёт его озноб, и озирается он беспокойно по сторонам. (30)Не весь, стало быть, достаток, чего-то недостаёт. 
 (31)Себя, что ли, недостаёт — каким мог он быть при лучшем исходе, и эта разница между тем, чем стал человек, и тем, чем мог он быть, взыскивает с него за каждый шаг отклонения. 
 (32)В долгих и обрывистых раздумьях перебирая жизнь во всём её распахе и обороте, пришёл Иван Петрович к одному итогу. (33)Чтобы человеку чувствовать себя в жизни сносно, нужно быть дома. (34)Вот: дома. (35)Поперёд всего — дома, а не на постое, в себе, в своём внутреннем хозяйстве, где всё имеет определённое, издавна заведённое место и службу. (36)Затем дома — в избе, на квартире, откуда с одной стороны уходишь на работу, и с другой — в себя. (37)И дома — на родной земле. 
 (По В.Г. Распутину) 
 Валентин Григорьевич Распутин (1937-2015) — русский писатель, публицист, общественный деятель, один из наиболее значительных представителей «деревенской прозы». 
 
"
352,"Текст Рериха Н. 
 (1)«Во дни сомнений, во дни тягостных раздумий о судьбах моей родины, - ты один мне поддержка и опора, о великий, могучий, правдивый и свободный русский язык! Не будь тебя - как не впасть в отчаяние при виде всего, что совершается дома? Но нельзя верить, чтобы такой язык не был дан великому народу!» - так сердечно на склоне лет выразился Тургенев о русском языке. 
 (2)Истинно великому народу дан и великий язык. (3)Звучен язык Вергилия и Овидия, но ведь не свободен он, ибо принадлежит прошлому. (4)Певуч язык Гомера, но и он в пределах древности. (5)Есть соревнователь у русского языка - санскрит-праотец. (6)Но на нём даже в Индии уже не говорят. (7)А ведь русский язык жив. (8)Он живёт для будущего. {9)Он может обогащаться всеми новыми достижениями и сохранять свою певучую прелесть. (10)Он не останется в пределах Пушкина, ведь слишком много вошло в жизнь и требует своего выражения. (11)Тем более важно сохранить красоту русской речи. 
 (12)Но скажут ли достаточно в русских школах о красоте своего языка? (13)Скучные правила пусть придут после, а сначала, с первого дня, пусть будет сказано о красоте русской речи, о богатстве, о вместимости, о подвижности и выразительности родного языка. (14)Нужно знать иностранные языки.  
 (15)Чем больше, тем лучше. (16)Познавая их, русский человек ещё более утвердится в сознании, какой чудесный дар ему доверен. (17)В ответственности за красоту и чистоту своей речи человек найдёт средства, как выразить сложные понятия, которые стучатся в новую жизнь. 
 (18)С каждым поколением в языке появляются новые заимствования. (19)Только в суете быта люди не замечают этих пришельцев. (20)Но пусть будут они достойны великого языка, данного великому народу. 
 (21)Многие отличные определения оказываются временно загнанными, ибо их твердят, не придавая им истинного смысла. (22)Во время душевных смятений человек уже не может осознать всю красоту им произносимого. (23)В стонах и воплях нарушается песнь. (24)Но проходит боль, и человек опять чувствует не только филологически, но и сердечно, какое очарование живёт в красоте речи. (25)Прекрасен русский язык. (26)И на нём скажут лучшие мысли о будущем.  
 (По Н. Рериху) 
"
353,"Текст Розова В. 
 (1) Люди хотят быть счастливыми - это их естественная потребность. (2)Но где кроется самая сердцевина счастья? (3)(3амечу сразу, я только размышляю, а не изрекаю истины, к которым сам только стремлюсь.) (4)Кроется ли она в удобной квартире, хорошей еде, нарядной одежде? (5)И да, и нет. (6)Нет - по той причине, что, имея все эти достатки, человек может мучиться различными душевными не¬взгодами. (7)Кроется ли она в здоровье?   
 (8)Конечно, да, но а то же время и нет. 
 (9)Горький мудро и лукаво заметил, что жизнь будет всегда достаточно плоха, для того чтобы желание лучшего не угасло в человечестве. (10)А Чехов писал: «Если хочешь быть оптимистом и понять жизнь, то перестань верить тому, что говорят и пишут, а наблюдай сам и вникай». (11)Обратите внимание на начало фразы: «Если хочешь быть оптимистом...» (12)И еще - «вникай сам». 
 (13)В госпитале я лежал загипсованный по грудь почти полгода на спине, но когда прошли нестерпимые боли, был веселый. (14)Сестры спрашивали: «Розов, что ты такой веселый?» (15)А я отвечал: «А что? Это нога болит, а я-то здоровый». (16) Дух мой был здоров. 
 (17)Счастье кроется именно в гармонии личности, раньше говорили; «Царствие Божие внутри нас». (18)Гармоническое устройство этого «царства» во многом зависит от самой личности, хотя, повторяю, внешние условия существования человека играют важную роль в его формировании. (19)Но не самую важную. (20)При всех призывах бороться с недостатками нашей жизни, которых накопилось с избытком, я все же прежде всего выделю борьбу с самим собой. (21)Нельзя ждать, что кто-то придёт со стороны и сделает тебе хорошую жизнь. (22)Надо вступать в битву за «честного малого» в себе, иначе - беда. 
 (В. Розов) 
"
354,"Текст Руденко И. 
 Какой лексикой насыщена наша речь? 
 (1)Вот это да! (2)Оказывается, звуки музыкальной трубы, нежные или скрипуче-грубые, зимой замерзают. (3)А когда приходит тепло — оттаивают! (4)И тогда сам воздух становится музыкой. (5)Или какофонией — это уже смотря по тому, кто играл на той самой волшебной трубе. 
 (6)Вы вспомнили наверняка, что это необыкновенное явление подметил писатель Распе в своей книге о приключениях барона Мюнхаузена. (7)Таким своеобразным образом он хотел, наверное, напомнить нам о том, что ничто человеческое не исчезает бесследно. (8)Даже звук. (9)А слово? (10)«Видишь воздух: анфас сонмы тех, кто губою наследил в нём до нас». (11)Уже не фантаст — поэт утверждает, что окружающая нас атмосфера ещё до нас напоена звуками речи. (12)Воздух живой, шевелится от слов. 
 (13)Мы, обыкновенные люди, не фантазёры и не поэты, тоже знаем, что слова, как звуки той музыкальной трубы, могут быть нежными или скрипуче-грубыми. (14)Могут заставить тебя оттаять или надолго, если не навсегда, замёрзнуть. (15)Воодушевить или пригнуть к земле. (16)Пробуждать чувства добрые или взывать к самым низменным. 
 (17)Вот новая телевизионная реклама известного магазина. (18)Шустрый продавец подбегает к стоящему в раздумье покупателю: «Что ты паришься? Что ты паришься? Париться на¬до на парах!» (19)Это фамильярно-развязное «ты», это слетевшее с нар «париться» вместо «раздумывать», «переживать»... (20)А ведь давно замечено: реклама наша рекламирует не столько товар, сколько образ жизни. (21)Мама сердито тащит к подъезду упирающегося, зарёванного мальчишку лет шести. (22)Он что-то канючит сквозь слёзы: то ли прервана какая-то интересная ему игра, то ли он хочет вернуться в магазин, где не ему куплена поразившая его воображение игрушка. (23)Мама, взяв себя в руки, садится перед малышом на корточки, что-то терпеливо объясняет, уговаривает, просит. (24)Но слёзы всё равно льются. (25)И женщина резко выпрямляется: «Убить тебя мало!» 
 (26)Страшно. (27)Если вдуматься. (28)Но ведь мы не вдумываемся, часто так говорим! (29)По пустячному поводу. (30)Как присказка «убить мало!» (31)А что не мало, что больше-то? (32)Повесить? (33)Четвертовать? (34)Посадить на кол? 
 (35)А часто ли сегодня звучат слова «гуманный», «почтительный», «чувствительный», «деликатный»? (36)Они, будто звуки той волшебной трубы, замёрзли. (37)И оттают ли? (38)Вместо «гуманный» не раз читала презрительное «гуманоиды». (39)Вместо «чувствитель¬ный» — насмешливое «чуйствительный». (40)«Деликатный», «деликатность» вообще впору заносить в словари с пометкой «вышедшие из употребления». (41)Как и само понятие «деликатность». (42)В ходу другие эпитеты: «элитарный», «культовый», «престижный», «знаковый», «звёздный». (43)Да что там — просто «гениальный». (44)Особенно на эстраде — одни гении. 
 (45)Потеряли, зачем-то придав ему чисто идеологический смысл, такое доброе, ёмкое слово «товарищ». (46)И строки поэта, известные миллионам: «Товарищ, верь, взойдёт она, звезда пленительного счастья...» — что, уже анахронизм? 
 (47)Специалисты справедливо воюют со словами-паразитами в нашей речи. (48)Со старым «значит» через каждый звук. (49)Со свежим — «типа того», новейшим «как бы», употребляе¬мым по большей части не к месту. (50)Но в нашей речи есть слова-паразиты не только с лингвистической — с социальной, нравственной, да и просто человеческой точки зрения. (51)Как бы хотелось от них избавиться. (52)А то, не ровен час, выродимся и в самом деле в неких «гуманоидов». (53)Хочется, чтобы мы все были более чуткими к слову. (54)Будем чуткими к слову, научимся быть чуткими к человеку. (55)Или не так? 
 (По И. Руденко)  
 Инна Руденко — известный российский журналист. 
 Информация о тексте 
 
"
355,"Текст Руденко И. 
 (1)На Ленинградском шоссе, невдалеке от поворота на «Шереметьево», взгляд вдруг выхватил на рекламном щите сурово-требовательное лицо воина с красной звёздочкой на каске: «Ты записался добровольцем?» (2)Такое знакомое лицо, внезапно опрокидывающее тебя в военное лихолетье, когда плакаты, зовущие в бой, были такой же приметой дня, как сегодня соблазняющая на красивую жизнь реклама.  
 (3)Это и была реклама... дома отдыха! (4)Суровый боец звал... «в поход на русские бани и сауны». (5)Ну и ну...  
 (6)— Да это просто прикол такой, — не разделил моего недоумения молодой коллега. — Юмор.  
 (7)Дохихикались...  (8)Вы  обратили  внимание  на  это  всемирное хихиканье,  на  этот  утробный  юмор,  ёрничанье,  глумливую  усмешку, становящиеся стилем жизни? (9)Но есть же, должны быть события, понятия, чувства, не подвластные упражнениям в остроумии! 
 (10)Не успела прийти в себя от оскорбительной безвкусицы, как снова на дороге военный плакат. (11)Знаменитая скорбно-суровая женщина в алом: «Родина-мать зовёт!» (12)Не на чёрные штыки, грозно поднимающиеся у неё за спиной,  зовёт,  нет.  (13)Зoв продолжен  ныне  так:  «Родина-мать  зовёт отдыхать». (14)Таков слоган дня, оказывается. (15)А вместо военной присяги у неё в руке... «путёвка: ночной клуб, ресторан, русские бани». (16)Самое время поёрничать над военной присягой? (17)А Родине-матери звать в ночной клуб?  
 (18)Было  время  натужного  пафоса, лицемерно-декларативной патриотичности, когда искренность, честность сопротивлялись употреблению святых  слов  всуе.  (19)Как  говорил  старый  бакенщик  Паустовского:  «Всё кричите: «Родина, Родина! А вот она, Родина, — за стогами». (20)Но это не снижение,  а  приближение  к  нам  дорогого  понятия.  (21)Военные  плакаты, превращённые в рекламу, хотели или не хотели того её создатели, рассчитаны именно на снижение. (22)Но Родина — дом человека. (23)А не дом циника всё же.  
 (24)Как смотрит на эти плакаты-рекламы тот, не плакатный, настоящий доброволец, что, израненный, больной, дожил до сегодняшнего дня? (25)И дожил не в хоромах? (26)Впрочем, вряд ли наши ветераны ездят по дороге в аэропорт, ворота страны, которую они исходили своими ногами в войну. (27)И уж никак не могут интересоваться ветераны домом отдыха, где плата за день стоит их полумесячной пенсии. (28)Тогда зачем дорогие понятия — снова всуе?  (29)Прямо  напротив  плакатов,  через  дорогу, — знаменитые  «ежи». (30)Последняя линия обороны. (31)3десь все воины, отвечая на зов Родины-матери, не пропустили врага. (32)И погибли.  
 (33)Не хочется впадать в пафос, говорить громкие слова «кощунство», «исторический  нигилизм»,  но  превращать  эпос,  каким  была  Великая Отечественная, в анекдот — как ещё назвать, подскажите? 
 (По И. Руденко*) 
 *Инна Руденко — известный российский журналист. 
  Информация о тексте 
 
"
356,"Текст Рябинина Б. 
 (1)Накануне Витю предупредили, что завтра пионеры, члены кружка собаководов, будут передавать своих подросших, повзрослевших щенков пограничникам, чтобы четвероногие солдаты верой и правдой служили на благо Отечества. (2)Ему было и грустно, и радостно от этого. (3)Завтра его Буян уедет далеко-далеко, и Витя больше никогда не увидит его... 
 (4)Буян – это овчарка; она появилась у Вити в доме ещё слепым щенком. (5)А после того как пёс подрос, мальчик обучал его различным командам, холил, лелеял и просто любил всем сердцем. (6)Минула ночь. (7)Всё это утро Витя был молчалив и задумчив. (8)Отец и мать обменивались понимающими взглядами, но ни о чём не спрашивали сына. (9)В половине двенадцатого Витя надел на пса ошейник, прицепил Буяна к поводку и в последний раз повёл. 
 (10)Ровно в двенадцать на одной из площадей города открыли коротенький митинг. (11)Сказали, для чего все собрались сегодня, упомянули о значении и задачах служебного собаководства. (12)О том, как важно то, что школьники помогают пограничникам, воспитывая щенков и передавая их, когда те подрастут, на настоящую службу. (13)Всё это время пионеры и пограничники, будто застывшие, молча стояли двумя шеренгами, одна против другой, на расстоянии нескольких шагов. (14)Витя стоял как раз напротив того высокого пограничника, который приходил к ним домой познакомиться с овчаркой, и неотступно думал о Буяне. (15)Он находил облегчение только в одном: не он один передаёт собаку, которую привык считать своей, на службу государству. (16)Не он первый и не он последний. 
 (17)Буян, конечно, не мог знать, что всё это значит, но инстинкт подсказывал ему: происходит что-то важное. (18)Он заметно нервничал, оттого то тесней приваливался к Вите, то порывался прыгать на него, то преданно давал лапу, хотя её никто не просил. (19)Витя старался незаметно успокоить собаку, а у самого сжималось сердце и комок подступал к горлу. 
 (20)Раздалась команда. (21)Пионеры подтянулись, пограничники сделали три шага вперёд, поводок Буяна очутился в руке того самого пограничника. 
 (22)Витя плохо видел, как после церемонии уводили Буяна, как тот всё оглядывался назад, а его вожатый осторожно подтаскивал за собой упирающуюся овчарку. (23)Мелькнул пушистый хвост, и Буян скрылся из глаз... 
 (24)По дороге домой в голове Вити пронеслась мысль: можно сбегать ночью в питомник, куда пока поместили всех переданных пионерами собак, и увести Буяна! (25)Витя очень живо представил себе эту сцену их встречи с псом, но тут же отверг. (26)Нет, не годится! (27)Что это он − совсем стал ненормальный?! 
 (28)Дома было пусто. (29)Мама предусмотрительно убрала подстилку Буяна. (30)На её месте стоял стул. (31)Витя отказался от ужина, быстро разделся, юркнул под одеяло и тут дал волю душившим его рыданиям, которые он мужественно сдерживал в себе на протяжение всего дня. (32)Но вскоре в душе мальчика поднялось какое-то новое для него чувство, чувство гордости и удовлетворения от сознания, что он сделал что-то очень хорошее и очень важное, и это чувство становилось всё сильнее. (33)Оно было подобно чувству матери, вырастившей достойного защитника родной страны. (34)Витя перестал плакать и подумал о том, что, наверное, Буяну будет совсем не плохо там, куда повезёт его тот пограничник. (35)Что собаку будут любить, как любил её сам Витя. (36)Потом он начал мечтать, какие подвиги совершит Буян на границе, и это окончательно утешило его. (37)С тем, в слезах, но успокоенный, крепко обняв подушку руками, он и уснул. 
 ...(38)Прошло время. (39)Буян прекрасно освоил собачий «курс молодого бойца» и стал настоящим пограничником. (40)Именно там, на границе, раскрылись в полной мере все недюжинные способности умной овчарки. (41)Именно там Буян стал героем: он рисковал жизнью, спасал людей, охранял рубежи Родины. (42)И была во всём этом и Витина заслуга. 
 (по Б. С. Рябинину*) 
 *Борис Степанович Рябинин (1911–1990) – известный уральский писатель, сценарист, фотокорреспондент."
357,"Текст Савинова Р. 
 (1)В детстве я зачитывался книжками про индейцев и страстно мечтал жить где-нибудь в прериях, охотиться на бизонов, ночевать в шалаше… (2)Летом, когда я окончил девятый класс, моя мечта неожиданно сбылась: дядя предложил мне охранять пасеку на берегу тощей, но рыбной речушки Сисявы. (3)В качестве помощника он навязал своего десятилетнего сына Мишку, парня степенного, хозяйственного, но прожорливого, как галчонок. 
 (4)Два дня пролетели в один миг: мы ловили щук, обходили дозором наши владения, вооружившись луком и стрелами, без устали купались; в густой траве, где мы собирали ягоды, таились гадюки, и это придавало нашему собирательству остроту опасного приключения. (5)Вечерами в огромном котле я варил уху из пойманных щук, а Мишка, пыхтя от натуги, выхлебывал её огромной, как ковш экскаватора, ложкой. 
 (6)Но, как выяснилось, одно дело – читать про охотничью жизнь в книгах, и совсем другое – жить ею в реальности. 
 (7)Скука мало-помалу начинала томить меня, вначале она ныла несильно, как недолеченный зуб, потом боль стала нарастать и всё яростнее терзать мою душу. (8)Я страдал без книг, без телевизора, без друзей, уха опротивела мне, степь, утыканная оранжевыми камнями, похожими на клыки вымерших рептилий, вызывала тоску, и даже далёкое поле жёлтого подсолнечника мне казалось огромным кладбищем, которое завалили искусственными цветами. 
 (9)Однажды после обеда послышался гул машины. (10)Дядя так рано никогда не приезжал – мы решили, что это разбойники-грабители. (11)Схватив лук и стрелы, мы выскочили из палатки, чтобы дать отпор незваным гостям. (12)Возле пасеки остановилась «Волга». (13)Высокий мужчина лет сорока, обойдя машину, открыл заднюю дверь и помог выйти маленькому старичку. (14)Тот, шатаясь на слабых ногах, тяжело осел на траву и стал с жадной пронзительностью смотреть кругом, словно чуял в летнем зное какой-то неотчётливый запах и пытался понять, откуда он исходит. (15)Вдруг ни с того ни с сего старичок заплакал. (16)Его лицо не морщилось, губы не дрожали, просто из глаз часто-часто потекли слёзы и стали падать на траву. (17)Мишка хмыкнул: ему, наверное, показалось чудным, что старый человек плачет, как дитя. (18)Я дёрнул его за руку. (19)Мужчина, который привёз старика, понимая причину нашего удивления, пояснил: 
 (20)– Это мой дед! (21)Раньше он жил здесь. (22)На этом самом месте стояла деревня. (23)А потом все разъехались, ничего не осталось… 
 (24)Старик кивнул, а слёзы не переставая текли по его серым впалым щекам. 
 (25)Когда они уехали, я оглянулся по сторонам. (26)Наши тени – моя, высокая, и Мишкина, чуть меньше, – пересекали берег. (27)В стороне горел костёр, ветерок шевелил футболку, которая сушилась на верёвке… (28)Вдруг я ощутил всю силу времени, которое вот так раз – и слизнуло целую вселенную прошлого. (29)Неужели от нас останутся только эти смутные тени, которые бесследно растают в минувшем?! (30)Я, как ни силился, не мог представить, что здесь когда-то стояли дома, бегали шумные дети, росли яблони, женщины сушили бельё… (31)Никакого знака былой жизни! (32)Ничего! (33)Только печальный ковыль скорбно качал стеблями и умирающая речушка едва шевелилась среди камышей… 
 (34)Мне вдруг стало страшно, как будто подо мной рухнула земля и я оказался на краю бездонной пропасти. (35)Не может быть! (36)Неужели человеку нечего противопоставить этой глухой, равнодушной вечности? 
 (37)Вечером я варил уху. (38)Мишка подбрасывал дрова в костёр и лез своей циклопической ложкой в котелок – снимать пробу. (39)Рядом с нами робко шевелились тени, и мне казалось, что сюда из прошлого несмело пришли некогда жившие здесь люди, чтобы погреться у огня и рассказать о своей жизни. (40)Порою, когда пробегал ветер, мне даже слышны были чьи-то тихие голоса… 
 (41)Тогда я подумал: память. (42)Чуткая человеческая память. (43)Вот что человек может противопоставить глухой, холодной вечности. (44)И ещё я подумал о том, что обязательно всем расскажу о сегодняшней встрече.  
 (45)Я обязан это рассказать, потому что минувшее посвятило меня в свою тайну, теперь мне нужно донести, как тлеющий уголёк, живое воспоминание о прошлом и не дать холодным ветрам вечности его погасить. 
 Роман Сергеевич Савинов (род. в 1980 г.) – российский писатель, публицист. 
 Информация о тексте 
 
"
358,"Текст Сальникова С. 
 (1)Это случилось давно, осенью 1988 года, когда неожиданно рано,
напутав с календарём, наступила зима. (2)Огромные, толстые льды покрыли
северные моря и прижали к берегам Аляски несколько серых калифорнийских
китов. (3)Животные метались на узкой полоске чистой воды между ледяными
торосами и скалистыми берегами мыса Барроу. (4)С каждым днём полоска
воды становилась всё меньше, и киты должны были погибнуть. (5)С берега за
китами наблюдали жители посёлка, но помочь им не могли: не было ледоколов,
способных взломать такие льды и пробить водный путь для погибающих морских животных. 
 (6)Помощь пришла из страны, обладавшей тогда самым мощным
ледокольным флотом в мире. (7)Флагманский ледокол Дальневосточного
пароходства «Адмирал Макаров» и дизель-электроход «Владимир Арсеньев»
устремились на помощь. 
 (8)С рассветом подошли к огромным полям льда, тянущимся почти до
самого берега, а там, впереди, за этими ледовыми нагромождениями, прижатые
к скалистым берегам, погибали киты. 
 (9)Первым, круша льды, пошёл красавец ледокол, способный взламывать
даже мощнейшие паковые торосы, за ним – дизель-электроход. (10)На обоих
судах – опытные полярные капитаны, много лет работающие
в Заполярье. (11)Спокойные команды, выверенные, чёткие решения,
безукоризненное исполнение. (12)Тут все понимают друг друга почти без слов. 
 (13)Работа предстояла сложная. (14)Пробить такой лёд этим гигантам
было нетрудно, но как выйти точно на китов, что мечутся на узкой полоске
свободной воды? (15)Как заставить их пойти в пробитый проход, поверив
людям? (16)Как не дать льдам вновь сомкнуться, похоронив под собой
животных? 
 (17)Такой практики эти морские волки не имели. (18)Ещё неделю назад
они шли в Заполярье на помощь гибнущим сухогрузам и успешно спасали
и людей, и корабли, и грузы. (19)То была часть обычной для них героической
работы, а здесь – киты, которые боятся людей и не понимают их действий.

(20)Им не скажешь: «Следуйте за мной, я проведу вас к спасению, на чистую
воду, свободную ото льда». (21)Их не убедишь, что ты спасатель, а не китобой. 
 (22)Но эти суровые, немногословные люди, много раз смотревшие
в глаза опасности, сделали невероятное и вывели морских исполинов в море.
(23)Киты ушли в своё бесконечное плавание, забыв сказать добрым и смелым
людям спасибо, а отважные полярники опять пошли мимо мыса Дежнёва
в наши северные моря, где очередной пароход ждал их помощи. (24)Там была
обычная их работа – проводить торговые суда через полярные льды, потому что
без этих судов и их грузов невозможно поддерживать жизнь на Крайнем Севере
нашей страны. (25)Потому что огромная держава должна твёрдой ногой стоять
на этих холодных и далёких берегах, где живут замечательные и смелые люди. 
 (26)Ныне во Владивостоке, в чудесном месте с видом на Амурский залив,
стоит памятник спасённым китам, который привезли к нам в дар из Америки.
(27)И бывший капитан ледокола «Адмирал Макаров» Сергей Фёдорович
Решетов может прийти сюда и вспомнить то дорогое и удивительное время и,
возможно, встретить здесь своего коллегу, капитана дизель-электрохода
«Владимир Арсеньев» Руслана Зайнигабдинова и других отважных, скромных,
так и оставшихся неизвестными участников той ледовой эпопеи. 
 (По С. Сальникову*) 
 * Сергей Сальников (род. в 1949 г.) – современный писатель, публицист. 
 
"
359,"Текст Санина В. 
 (1) Морякам снятся шторма, полярникам - льды и снега, пожарным — дым и огонь. (2)Кожухову, хотя по годам своим войны он не видел, чаще всего снились разрывы снарядов. 
 (3) Много всего пережил он за двадцать с лишним лет службы, но один пожар был самый страшный - горели склады боеприпасов на полигоне, километрах в шестидесяти от города. (4) Когда Кожухов приехал туда, он мгновенно понял, что не знает, как тушить этот пожар: с раздирающим небо грохотом рвались снаряды, по всему полигону со свистом разлетались осколки. (5) Автоцистерна и автонасос, закреплённые за полигоном, уже пытались добраться до очага пожара, но были опрокинуты, изувечены воздушной волной; повторять их манёвр было бы безумием. 
 (6) А огонь подбирайся к главному складу, пожар следовало остановить во что бы то ни стало. 
 (7) Кожухов стоял, смотрел на огонь и думал. (8)Выход был один - пойти на смертельный риск. 
 (9) - Я с тобой, - сказал старый генерал, начальник полигона. (10) - Забудь про мои погоны, - рядовым. 
 (11) Кожухов многое слышал о генерале, верил, что тот говорит искренне, но для задуманного нужны были лучшие из лучших. (12) Из шагнувших вперёд добровольцев он выбрал троих, все взяли ручные стволы   и   поползли   по-пластунски.   (13) Метр   за   метром,   всем   телом  вжимаясь в колею, они ползли, думая только об одном: как можно ближе подобраться к очагу. 
 (14) Первым выбыл из строя Гулин - осколок врезался ему в предплечье, и Кожухов отправил лейтенанта назад, другой осколок попал Кожухову по каске и, скользнув, чудом её не пробил; третий, к счастью, небольшой и на излёте, распорол сапог Лаврову. 
 (15) И тогда Кожухов, с горечью осознав, что дальше двигаться вперёд бессмысленно, приказал отступить. 
 (16) Они вернулись. (17)Кожухов увидел полные отчаяния глаза генерала, и ему вдруг явилась чрезвычайно дерзкая мысль. (18) Даже кровь вскипела от неожиданной этой мысли! 
 (19) В стороне стоял тяжёлый танк. (20) А что если снять с пожарной машины мощный лафетный ствол - тридцать литров воды в секунду, водяная пушка! - и приспособить, привязать его к танковому орудию? 
 (21)Так и сделали. (22)Привязали капроновой верёвкой лафетный ствол рядом с орудием, нарастили рукава, Нестеров сел за рычаги, Кожухов и Лавров скорчились за башней, чтобы держать рукав, - и тяжёлый танк пошёл в атаку на огонь! 
 (23) По броне лупили осколки, но их Кожухов теперь не боялся -лишь бы ходовую часть не повредило, а когда крупным осколком гусеницу всё-таки заклинило и танк развернуло, очаг пожара был уже в сфере действия лафетного ствола и за несколько минут огонь был потушен... 
 (24) - Сынки, - сказал тогда генерал, и на глазах у него появились слёзы, -родные...   (По В. Санину) 
"
360,"Текст Санина В. 
 (1)Когда человек жизнью удовлетворён, он мечтает вяло и неинтересно. (2)Ему мечта не очень-то нужна, так, чуть-чуть, для приятности. 
  (3)Необыкновенных мечтателей порождают необыкновенные обстоятельства. (4)Те жизненные бури, которые вдруг отмечают всё наносное, чтобы человек с жуткой ясностью увидел главное, во имя чего стоит жить. (5)И не только увидел, но и ощутил на своей шкуре, чего стоят эти главные в жизни вещи. 
 (6)Скажу о самом себе: мальчишка не был бы мальчишкой, если бы в его крохотном мирке не жили мечты индивидуальные, связанные с его личностью. 
  (7)Больше всего я любил мечтать по дороге к брату. (8)Он заканчивал курсы военных радистов и через два месяца должен был отправиться на фронт. (9)До его части было километров двенадцать пешком, попутные машины были военные, брали редко. (10)Я шёл по обочине очень разбитого и пыльного шоссе вдоль скудного колхозного поля сорок третьего года и старался дышать по системе наполеоновских солдат: шесть шагов – вдох, шесть шагов – выдох. (11)Задумывался, сбивался, снова считал, опять задумывался и, плюнув на систему, шёл просто так. 
 (12)Честно признаюсь, мечты мои были на редкость однообразны, как две капли воды похожие на мечты моих сверстников. 
 (13)Я мечтал стать героем. (14)Ну, не обязательно так уж сразу Героем Советского Союза, – но всё-таки героем. (15)В самом обидном крайнем случае я, как Тёркин, был согласен на медаль. (16)Но нужен был орден, ещё лучше два. 
 (17)И  меня ещё обязательно должны были ранить, не тяжело – в руку или ногу. (18)Под сочувственными взглядами прохожих, прихрамывая, идёт по улице с палочкой юный фронтовик. (19)Вдруг притормаживает – хотя до остановки далеко – трамвай, и из него выскакивает молоденькая вагоновожатая. (20) «Садись, в ногах правды нет», – краснея, говорит она и помогает фронтовику подняться в вагон. (21)Мне уступают место, я сажусь, а мальчишки сморят на мои ордена… 
 (22)Или ещё. (23)В рукопашной смешались роты, и я короткой очередью укладываю немца, который взмахнул кинжалом над спиной нашего матроса. (24)Немец: «Майн готт!» – и на землю. (25) «Спасибо, братишка!» – говорит матрос и бросается ко мне в объятья. (26) «Мишка!» (27)Мы целуемся, утираем, не стыдясь, слёзы и всю ночь рассказываем  свои истории. (28)Я рассказываю, как бомбой перевернуло эшелон, в котором эвакуировались Гришка и Лёнька, и мы снимаем бескозырки (ведь мы оба в морской пехоте). 
 (29)А потом я возвращаюсь домой – неожиданно, конечно, в этом самая изюминка. (30)Открываю своим ключом дверь, и … 
  (31)Это была главная мечта. (32)Она как-то заслоняла собой все остальные. (33)Я сейчас попробую объяснить почему. 
  (34)Как-то ночью я проснулся от маминого кашля. (35)Тускло горела засиженная мухами голая лампочка. (36)Мама собиралась на завод, кашляла и прикрывала рот рукой. (37)Под глазами у неё чернели непроходящие круги. (38)Мимо нас по коридору кто-то шёл: были слышны тяжёлые шаги подкованных сапог. (39)Мама присела и долго провожала невидимые шаги глазами. (40)Заметив, что я за ней наблюдаю, она сказала хрипло, срывающимся голосом: 
  – (41)Я подумала – а вдруг это папа? (42)Вошёл бы и засмеялся: «Эх, вы, сони, проспали – Гитлера победили, война окончилась!» 
 (43)Никогда не слышал ничего прекраснее этой мечты. 
  (По В. М. Санину) 
 *Владимир Маркович Санин (1928 – 1989) – советский писатель-гуманист, полярник, путешественник. 
"
361,"Текст Седовой Ю. 
 (1)Интерес к «старой как мир» теме вечного двигателя, видимо, никогда не иссякнет. (2)Идея его создания как в прошлые века, так и ныне владеет умами изобретателей. (3)Думается, и в далёком будущем не исчезнут люди, склонные верить в чудеса, не исчезнут люди, готовые потратить все свои силы на создание «вечной» машины. 
 (4)Вполне возможно, что, в очередной раз изобретая велосипед, эти озабоченные одной идеей исследователи совершат действительно великое научное открытие (к которому, вероятно, сами они, навсегда преданные фантастическому проекту, останутся абсолютно равнодушными). (5)Ведь и научными деятелями признаётся, что «вечный двигатель занимает в истории науки и техники особое и очень заметное место» (впрочем, далее они обычно отмечают: «несмотря на то что он не существует и существовать не может»). (6)Дело в том, что «происки» изобретателей вечного двигателя связаны с формированием представлений о фундаментальном понятии физики - энергии. (7)Борьба с этими «заблуждающимися исследователями» и их учёными защитниками, оказывается, в значительной степени способствовала развитию и становлению науки о превращении энергии - «термодинамики». 
 (8)В последние годы интерес к проблеме вечного двигателя, судя по сообщениям о некоторых инженерных проектах, заметно оживился, и объясняется это не только ситуацией в энергетике, но и актуальными проблемами экологии, тесно с ней связанными. (9)Против соблазна услышать, что все проблемы могут быть решены сразу, «под корень», не в силах устоять и некоторые, казалось бы, хорошо образованные люди. (10)Они в большинстве своём соглашаются с тем, что энергию «из ничего» получить нельзя, и всё-таки ... не теряют надежду построить машину, работающую без внешнего импульса. (11)Такая ситуация, по-видимому, неизбежна в силу сложности развития, свойственной любому направлению техники. (12)Но не только поэтому. (13)Она в значительной степени объясняется недостаточной научной подготовкой как изобретателей вечных двигателей, так и их сторонников. 
 (14)Когда-то академики Л. Арцимович, П. Капица, И. Тамм написали статью под названием «О легкомысленной погоне за научными сенсациями». (15)Статья заканчивалась призывом к учёным активнее популяризировать достижения науки и техники, чтобы закрыть дорогу рекламе «чудес», дискредитирующих науку. (16)Сейчас, похоже, пришло время напомнить об этом призыве.  
 (По Ю. Седовой) 


<"
362,"Текст Сергеевой М. 
 (1)Существует такое мнение: гениальная картина художника с течением времени так и остаётся вершиной горы, рядом с которой высятся другие горы, а творчество даже гениального учёного - всегда лишь ступень лестницы, по которой идут следующие исследователи. (2)По моему мнению, в этом и состоит принципиальное отличие творчества в науке от творчества в области искусства, где главным является именно отражение личности художника. (3)Цель науки - производство новых знаний, и современная наука в этом смысле сделала грандиозный рывок. 
 (4)3а повседневными делами не всегда видно, что мы живём в переломный момент развития человеческой цивилизации. (5)Ведущие страны мира превращаются в информационные общества, то есть общества, основанные на знаниях. (6)Это связано с ускорением темпов развития науки, о котором свидетельствуют даже сухие цифры статистики. (7)Действительно, количество мировой научной информации удваивалось в прошлом столетии каждые 10-15 лет. (8)Не случайно поэтому последнее десятилетие называют информационной стадией развития науки. 
 (9)Способы, которыми люди создают, систематизируют, хранят и передают информацию, радикально изменились. (10)Всё это, по-моему, вызывает много проблем, требующих своего решения. (11)Например. знания очень быстро стареют. (12)По современным оценкам, 80% тех, кто сегодня  заканчивает институты, должны будут дважды за свою жизнь переучиваться и менять профессию. (13)Другая проблема - негативное влияние «информационного шума» на человека. (14)С самого рождения ребёнок погружается в такой поток информации, что не успевает её переживать и усваивать, то есть превращать в личностное знание. (15)В результате накапливается своего рода усталость, и человек перестаёт творчески относиться к реальности, перестаёт вообще чего-либо хотеть, просто плывёт в информационных потоках, всё больше теряя себя как личность. 
 (16)И как, спрашивается, жить в этом мире? (17)Чтобы быть не щепкой в буре волн, а кораблём, который плывёт по воле хозяина, человек овладевает научным методом познания. (18)Это означает, что нужно усвоить сложнейшие умения работать с информацией: осуществлять грамотный поиск, обрабатывать информацию и формулировать выводы. (19)Выделять факты из окружающего мира (будь то телереклама, политические новости или сведения по специальности), анализировать эти факты, сопоставлять их - вот что должен уметь каждый человек в XXI веке. 
 (По М. Сергеевой*) 
 *Сергеева   Мария    Николаевна   -   писатель,    переводчик,    сценарист, искусствовед. 
"
363,"Текст Серкова И. 
 (1)Недавно прочитал в журнале статью своего коллеги. (2)Говоря о нашем обществе, о наших многочисленных проблемах, он порадовался, что нынешние россияне освободились от предрассудков, от ханжества, которое так мешало нам раньше. (3)Вот тут, мне кажется, нужно кое-что уточнить. 
 (4)Что понимается под предрассудками? (5)Если понимать под предрассудками суеверия, ничем не оправданные предубеждения, то, конечно, такие предрассудки достойны осуждения. (6)Но вот Пушкин пишет в письме Чаадаеву: «...я далеко не восторгаюсь всем, что вижу вокруг себя; ...как человек с предрассудками – я оскорблён...» (7)И, согласитесь, вряд ли он имеет в виду суеверия, чёрных кошек и «пережитки прошлого». 
 (8)Предрассудки у него – это не нечто нелепое, отжившее. (9)В данном случае Пушкин говорит о том, что «включается» перед рассудком. (10)До него. (11)Раньше него. (12)О том, что живёт в сознании человека всегда, что составляет его эмоциональную и подсознательную память, что заложено в него прошлым, что не зависит от воли. (13)И что же это за предрассудки? (14)Да всё те же понятия допустимого и недопустимого, возможного и невозможного, справедливого и несправедливого, благородного и бесчестного.  
 (15)Рассудочное, оценочное осмысление происходящего наступит потом, и кто знает, какими выводами и умозаключениями оно закончится. (16)Но предрассудок уже сработал, уже настроил человека определённым образом, и нельзя не принимать его во внимание.  
 (17)Теперь о ханжестве. (18)В любом толковом словаре пишут, что ханжа – это «лицемер, прикрывающийся добродетельностью и набожностью». (19)Всё так, и ханжество – штука действительно неприятная, но… (20)Нам-то сегодня о ханжестве только мечтать можно! (21)Нам ещё до него добраться нужно! (22)Нам ещё дожить надо до времён, когда у нас чиновники и просто граждане смогут выговаривать нужные высокие слова, понимая их смысл.  
 (23)Ханжа хоть и не всегда, но должен совершать действия в соответствии с теми высокими понятиями, которые его вынуждает провозглашать общественное мнение. (24)А вот ждать благородных дел и честных решений от человека, убеждённого, что благородных помыслов и честности не существует в природе, просто бесполезно. (25)Нет, с ханжой ещё можно ужиться, а вот с откровенным и принципиальным «сверхчеловеком», человеком без предрассудков... 
 (26)На Западе разбогатевший человек обязательно занимается благотворительностью. (27)Не потому, что он такой святой. (28)А потому, что пусть попробует не заняться! (29)Нет, уголовно его преследовать не будут, а вот изгоем, не допускаемым в приличное общество, обязательно сделают.  
 (30)Вот о чём речь. (31)Как нам ввести в нашу жизнь высокие понятия долга и чести, совести и служения народу. (32)Чтобы, борясь с ханжеством, не впасть в дикость. 
 (по И. Серкову*)  
 * И. К. Серков (родился в 1926 г.) – детский писатель. 
 Информация о тексте 
 
"
364,"Текст Серовой Л. 
 (1) Представления о том, что всё в нашей жизни предопределено наследственностью, очень старые — гораздо старее научной биологии. (2)Именно на них базировалась система каст, где социальное положение личности определялось только положением родителей. (3) Представители прямо противоположной концепции считали, что разум новорождённого ребенка не содержит мыслей и принципов, всё возникает из чувственных данных и жизненного опыта. 
 (4)Накопленные с тех пор научные знания позволяют говорить, что истина лежит посередине. (5)Ни один признак не может развиться, если такая возможность не заложена в генотипе. (6)Но если развитие протекает в разных условиях, то проявление генотипа будет варьироваться. (7)А главное, каждому признаку надо помочь развиться. (8)«...Человек таков, каков он есть, потому что его генотип плюс вся биография сделали его таким, — пишет известный генетик XX века Феодосий  Добжанский. — (9)Я употребляю слово «биография», а не «среда», потому что в некоторой степени человек сам делает себя таким, каким он хочет быть, разумеется, в рамках ограничений, накладываемых внешней средой». 
 (10)История знает много случаев, когда люди, родившиеся в глуши, ценой собственных усилий поднимались до высот знания и профессионального мастерства и в то же время эти высоты не были нужны людям, которым, казалось бы, всё дано от рождения. (11)Самый известный пример — жизнь М.В. Ломоносова. 
 (12)Менее известна жизнь Д.И. Менделеева. (13)Тяжелобольная мать, распродав всё, что у неё было, привезла его из далёкого Тобольска в Петербург. (14)Они мечтали об университете, но, как выпускник Тобольской гимназии, Дмитрий Иванович не мог поступить ни в Московский, ни в Петербургский университет. (15)Менее чем через год он остался сиротой и дальше всего добивался сам... 
 (16)Трудно поверить в то, что замечательный писатель, великий мастер слова Иван Алексеевич Бунин в гимназии «пробыл» всего четыре года. (17)Всё остальное сделали книги... 
 (18)Недавно в интервью для журнала «Человек» И.И. Иванову, директору Медико-генетического центра, был задан вопрос: «Что получится, если появится возможность анализировать индивидуальный геном человека, подобно, например, анализу крови?» (19)Учёный ответил: «Мы наверняка узнаем, что у этого человека есть задатки, чтобы развить одну из ста тысяч версий, которые из него в принципе могут развиться, и не развивать другие сто тысяч версий, которые не дадут положительного результата. (20)Только это».    (По Л. Серовой) 
"
365,"Текст Сивоконя С. 
 (1)С выходом в серии «Жизнь замечательных людей» книги Марка Гейзера о Маршаке представление о знаменитом поэте у массового читателя должно измениться. (2)Да и не только у массового. (З)Даже такой маститый критик, как Бенедикт Сарнов, считал, что «самобытным художником, тем Маршаком, каким мы его знаем, он стал только в советское время». 
 (4)Но вот теперь Марк Гейзер подробно рассказывает о приходе поэта в литературу, и мы узнаём, что начинал Маршак со стихов, которые вызвали восторженные отзывы Стасова, сразу же взявшего юного поэта под опеку, а также Горького, Шаляпина и других выдающихся мастеров. (5)Ахматова, например, позднее признавалась Самуилу Яковлевичу, что без его «Книги Руфи», вышедшей ещё в 1909 году, не было бы её «Лотовой жены» и некоторых других стихов... 
 (6)В жизни Маршака случалось такое, что ему угрожала реальная опасность. (7)Вот хотя бы история с разгромом маршаковской редакции Детиздата, когда были арестованы многие её сотрудники и авторы. (8)Годы спустя в деле одного из репрессированных тогда детиздатовцев нашли ордер на арест самого Самуила Яковлевича. (9)Спасло его то, что он вовремя уехал из Ленинграда... 
 (10)Откуда же взялся детский классик Маршак, восхищавший таких больших и очень разных писателей, как М. Горький, В. Маяковский, М. Цветаева, К. Чуковский? (11)Всемирно известный переводчик, выигрывавший творческие «дуэли» у самых выдающихся мастеров? (12)3амечательный педагог, воспитатель юных, да и не юных поэтов? 
 (13)Главное, наверное, было в его любви — к людям, к литературе и прежде всего к детям. (14)А знаменитые маршаковские беседы с чем-то заинтересовавшими его людьми (чаще всего с литераторами) — восторженными откликами на них полны воспоминания о Самуиле Яковлевиче?.. 
 (15)Одну из самых сильных страниц в творческой биографии Маршака приоткрыл Борис Полевой, в ту пору — главный редактор журнала «Юность». (16)Он уже слышал, что Маршак еле жив, что врачи борются даже не за дни, а за часы его жизни... (17)И вдруг звонок у него в редакции: «С вами хочет говорить Самуил Яковлевич». (18)Полевой не поверил. (19)Решил, что его разыгрывают. 
 «(20)И тут я слышу то, — вспоминает он, — что сразу убеждает меня, что я говорю с настоящим Маршаком, с поэтом, находящимся при смерти: 
 — (21)Голубчик мой, вы, наверное, слышали, я ослеп. (22)Ничего не вижу. (23)Но гранки мне прочли. (24)Поверьте, там есть серьёзные огрехи. (25)Нет-нет, не ваши, а мои огрехи... (26)Гранки перед вами? (27)Найдите страничку такую-то. (28)Нашли? (29)Возьмите карандашик, я вам продиктую поправку. 
 (30)Мне становится страшно. 
 — (31)Самуил Яковлевич, я к вам заеду. (32)Журнал потерпит. 
 — (ЗЗ)Нет, нет, нет, это мы с вами можем потерпеть, а журнал терпеть не может. (34)У нас миллион читателей, им надо вовремя доставлять журнал. (35)Записывайте. — (36) Это звучит уже как приказ». 
 (З7)Полевой решил, что худшее для Маршака уже позади. (38)Не может же человек на смертном одре держать корректуру! 
 (39)Но Маршак — мог. (40)И уже через день после этого разговора Полевой услышал, что Самуила Яковлевича нет в живых... 
 (По С. Сивоконю*) 
 *Сергей Иванович Сивоконь (род. в 1933 г.) — русский литературный критик и литературовед. 
"
366,"Текст Сикирич Е. 
 (1)Истинная Любовь и истинная Дружба приходят сами, не как простое увлечение или ещё одно приобретение в нашей коллекции ценных вещей, а как высшее состояние Души, рождающееся тогда, когда она к этому полностью готова. (2)Как и любая Мечта, Любовь или Дружба сбываются не сразу, а после долгих сражений, неудачных попыток, страданий, преодоления корыстных, собственнических побуждений. 
 (3)Мудрые говорили, что истинная Любовь и истинная Дружба заслуживаются бескорыстной жизнью, что они должны быть выстраданы и приходят к нам, словно благословение Судьбы, словно выражение благодарности за то, что, несмотря ни на что, мы всё ещё не потеряли надежды и веры в существование этих высших и благороднейших качеств души независимо от того, как к нам относились или относятся другие люди. 
 (4)Любые попытки искусственно вызвать любовь, форсировать подлинные взаимоотношения, навязывать себя, требовать любви, планировать и подстраивать ситуации для осуществления её заканчиваются провалом. (5)Эта тонкая и хрупкая «птица счастья» рано или поздно чувствует угрозу и, не желая стать рабой каких бы то ни было формальных ситуаций, эгоистических и стереотипных представлений, улетает из приготовленной для неё золотой клетки, чтобы потом избегать всех приманок, с помощью которых мы тщетно будем пытаться вернуть её обратно. 
 (6)Даже если учесть реальный факт, что в жизни везёт не всегда и не всем и что для многих истинная Любовь или Дружба являются частью совсем уже, кажется, несбыточных грёз, - это ещё не причина опускать руки, ибо любые взаимоотношения всегда можно сделать лучше, хотя для этого иногда требуется много времени и много терпения. 
 (7)Главным всё-таки должен быть не вопрос «как будет лучше для меня?», а вопрос «как будет лучше для другого?». (8)Желать лучшего для другого человека - значит пытаться понять, что необходимо его Душе. (9)Любящий человек и любящий друг словно зеркало, он видит и отражает всё; но если он хочет сохранить это состояние, то не должен поддерживать негативные, разрушительные проявления в том, кого любит или считает другом. (10)Вместо того чтобы потакать им, он должен реагировать, словно голос совести, если не желает стать свидетелем и соучастником процесса очерствления и огрубления человека. (11)Он должен находить в любимом человеке то, что является действительно прекрасным, то, чего порой тот сам в себе не видит. (12)Словами убеждать бесполезно. (13)Лучше всего убеждать и вдохновлять удаётся силой собственного примера. (14)Любящий человек - это великое благо. (15)Он подобен свету в темноте для тех, кому оказывает честь любить их, - достаточно знать, что он есть, что его образ можно носить в сердце, что бы ни случилось! 
 (По Е. Сикирич) 
 Сикирич Елена Анатольевна - современный публицист, философ, психолог, общественный деятель. 
 Информация о тексте. 
 Основные проблемы:	 
 1. Проблема истинной Любви и истинной Дружбы. (Что такое истинная любовь и истинная дружба?) 
 Авторская позиция. Истинная Любовь и истинная Дружба - высшее состояние души человека, способность преодолеть корыстные, собственнические побуждения ради другого человека. 
 2. Проблема самоотдачи в отношениях с любимым человеком. (Кто заслуживает истинной любви? В чем проявляется самоотдача в отношениях с любимым человеком?).	 
 Авторская позиция. Истинная любовь приходит к тому, кто способен жить ради другого. 
 3.Проблема самосовершенствования. (Как меняет человека истинная любовь и истинная дружба? За что несёт ответственность любящий человек?)	 
 Авторская позиция. Любящий человек сам становится лучше и развивает прекрасное в любимом человеке. 
"
367,"Текст Сикирич Е. 
 (1)Пустой тратой времени являются попытки оценить взаимоотношения, кропотливо и пристально проанализировать то, что нас разъединяет. (2)Основным всё-таки является другой вопрос, на который мы должны найти ответ, если хотим улучшить или спасти наши отношения: «Что нас объединяет?». 
 (3)Мудрые справедливо говорили, что наши отношения с другими людьми будут длиться столько же, сколько будет существовать то, что нас объединяет. (4)Если нас связывают дом, дача, деньги, внешняя привлекательность или любые другие краткосрочные вещи, которые сегодня есть, а завтра нет, то с первыми же проблемами в этой сфере будут поставлены под угрозу и наши взаимоотношения. (5)Связи, в которых людей уже ничего не объединяет, похожи на потёмкинские деревни, где внешне всё нормально, но за красивым фасадом – одни проблемы и пустота. (6)Часто такие формальные связи хуже одиночества. 
 (7)Людей объединяют совместно пережитые трудности и кризисные моменты. (8)Если в преодолении препятствий, в поиске решений все стороны в одинаковой мере прилагают усилия и сражаются за то, чтобы стало лучше, это не только укрепляет любые отношения, но и рождает новые, более глубокие, удивительные состояния души, открывающие новые горизонты и направляющие развитие событий в совсем иное русло. 
 (9)Нужно научиться делать первый шаг, не теряя при этом самого себя и своего внутреннего достоинства. (10)Для взаимоотношений нужны двое, и любой наш шаг должен вызвать резонанс, отклик другого человека, за которым последует его реакция, его ответные шаги нам навстречу. (11)Если после наших продолжительных усилий такого не случается, то напрашивается один из выводов: либо мы делаем неверные шаги, либо наши взаимоотношения строятся на зыбкой почве, ибо держатся только на одном человеке и один человек пытается тащить на себе всё, а это уже абсурдно и искусственно. 
 (12)Для успеха любых взаимоотношений нужно, чтобы обе стороны пытались преодолеть чувство собственничества и эгоизма. (13)Очень часто мы не видим индивидуальности, уникальности людей, которых любим, и продолжаем рассматривать их как отражение наших собственных взглядов, требований, представлений о том, какими они должны быть. (14)Мы не должны пытаться воспитывать и переделывать людей по своему образу и подобию. (15)Любовь требует ощущения воздуха и свободы души. (16)Люди, любящие друг друга, не растворяются друг в друге и не теряют своей индивидуальности; они – две колонны, поддерживающие крышу одного храма. 
 (По Е. Сикирич*) 
 * Елена Анатольевна Сикирич (род. в 1956 г.) – современный публицист, философ, психолог, общественный деятель 
 Информация о тексте 
 
"
368,"Текст Симонова К.   
 (1)Рано утром Лопатин с Ваниным ушли в первую роту. (2)Сабуров остался: он хотел воспользоваться затишьем. (3)Сначала они два часа просидели с Масленниковым за составлением различной военной отчётности, часть которой была действительно необходимой, а часть казалась Сабурову лишней и заведенной только в силу давней мирной привычки ко всякого рода канцелярщине. (4)Потом, когда Масленников ушел, Сабуров сел за отложенное и тяготившее его дело – за ответы на письма, пришедшие к мёртвым. 
 (5)Как-то так уже повелось у него почти с самого начала войны, что он брал на себя трудную обязанность отвечать на эти письма. (6)Его сердили люди, которые, когда кто-нибудь погибал в их части, старались как можно дольше не ставить об этом в известность его близких. (7)Эта кажущаяся доброта представлялась ему просто желанием пройти мимо чужого горя, чтобы не причинить боли самому себе. 
 (8)«Петенька, милый, – писала жена Парфенова (оказывается, его звали Петей), – мы все без тебя скучаем и ждём, когда кончится война, чтобы ты вернулся… (9)Галочка стала совсем большая и уже ходит сама, и почти не падает…» 
  (10)Сабуров внимательно прочёл письмо до конца. (11)Оно было недлинное – привет от родных, несколько слов о работе, пожелание поскорее разбить фашистов, в конце две строчки детских каракуль, написанных старшим сыном, и потом несколько нетвердых палочек, сделанных детской рукой, которой водила рука матери, и приписка: «А это написала сама Галочка»… 
 (12)Что ответить? (13)Всегда в таких случаях Сабуров знал, что ответить можно только одно: он убит, его нет, – и всё-таки всегда он неизменно думал над этим, словно писал ответ в последний раз. (14)Что ответить? (15)В самом деле, что ответить? 
  (16)Он вспомнил маленькую фигурку Парфенова, лежавшего навзничь на цементном полу, его бледное лицо и подложенные под голову полевые сумки. (17)Этот человек, который погиб у него в первый же день боев и которого он до этого очень мало знал, был для него товарищем по оружию, одним из многих, слишком многих, которые дрались рядом с ним и погибли рядом с ним, тогда как он сам остался цел. (18)Он привык к этому, привык к войне, и ему было просто сказать себе: вот был Парфенов, он сражался и убит. (19)Но там, в Пензе, на улице Маркса, 24, эти слова – «он убит» – были катастрофой, потерей всех надежд. (20)После этих слов там, на улице Карла Маркса, 24, жена переставала называться женой и становилась вдовой, дети переставали называться просто детьми, – они уже назывались сиротами. (21)Это было не только горе, это была полная перемена жизни, всего будущего. (22)И всегда, когда он писал такие письма, он больше всего боялся, чтобы тому, кто прочтёт, не показалось, что ему, писавшему, было легко. (23)Ему хотелось, чтобы тем, кто прочтёт, казалось, что это написал их товарищ по горю, человек, так же горюющий, как они, тогда легче прочесть. (24)Может быть, даже не то: не легче, но не так обидно, не так скорбно прочесть… 
  (25)Людям иногда нужна ложь, он знал это. (26)Они непременно хотят, чтобы тот, кого они любили, умер героически или, как это пишут, пал смертью храбрых… (27)Они хотят, чтобы он не просто погиб, чтобы он погиб, сделав что-то важное, и они непременно хотят, чтобы он их вспомнил перед смертью. 
 (28)И Сабуров, когда отвечал на письма, всегда старался утолить это желание, и, когда нужно было, он лгал, лгал больше или меньше – это была единственная ложь, которая его не смущала. (29)Он взял ручку и, вырвав из блокнота листок, начал писать своим быстрым, размашистым почерком. (30)Он написал о том, как они служили вместе с Парфеновым, как Парфенов героически погиб здесь в ночном бою, в Сталинграде (что было правдой), и как он, прежде чем упасть, сам застрелил трех немцев (что было неправдой), и как он умер на руках у Сабурова, и как он перед смертью вспоминал сына Володю и просил передать ему, чтобы тот помнил об отце. 
 (31)Этот человек, который погиб у него в первый же день боев и которого он до этого очень мало знал, был для него товарищем по оружию, одним из многих, слишком многих, которые дрались рядом с ним и погибли рядом с ним, тогда как он сам остался цел. (32)Он привык к этому, привык к войне, и ему было просто сказать себе: вот был Парфенов, он сражался и убит. 
 (по К. М. Симонову*) 
 * Константин Михайлович Симонов — русский советский прозаик, поэт, киносценарист, журналист и общественный деятель. 
"
369,"Текст Симонова К. 
 
 – (3)Достану, – сказал Школенко. 
 (4)Он вернулся к себе в окоп, проверил автомат, повесил на пояс три диска, приготовил пять гранат, две простые и три противотанковые, положил их в сумку, потом огляделся и, подумав, взял припасённую в солдатском мешке медную проволочку и спрятал её в карман. (5)Идти предстояло вдоль берега. (6)После утреннего дождя земля ещё не просохла, и на тропке были хорошо видны уходившие в лес следы. 
 (7)Впереди были заросли. (8)Школенко пополз через них налево; там виднелась яма, кругом неё рос бурьян. (9)Из ямы, в просвете между кустами бурьяна, был виден стоявший совсем близко миномёт и на несколько шагов подальше – ручной пулемёт: один немец стоял у миномёта, а шестеро сидели, собравшись в кружок, и ели из котелков. 
  (10)Торопиться было незачем: цель была на виду. (11)Он прочно упёрся левой рукой в дно ямы, вцепился в землю так, чтобы рука не скользнула, и, приподнявшись, швырнул гранату. (12)Когда он увидел, что шестеро лежат неподвижно, а один, тот, который стоял у миномёта, продолжает стоять около него, удивлённо глядя на изуродованный осколком гранаты ствол, Школенко вскочил и, вплотную подойдя к немцу, не сводя с него глаз, знаками показал, чтоб тот отстегнул у себя парабеллум и бросил на землю, чтоб взвалил пулемёт на плечи. (13)Немец послушно нагнулся и поднял пулемёт. (14)Теперь у него были заняты обе руки. 
 (15)Так они и пошли обратно – впереди немец со взваленным на плечи пулемётом, сзади Школенко. 
 (16)На командный пункт батальона Школенко добрался только после полудня. 
 – (17)Хорошо, – сказал командир полка, – одну задачу, – он кивнул на капитана Кошелева, – вы выполнили, теперь выполните мою: вы должны узнать, где стоят их остальные миномёты. 
  – (18)Узнаю, – коротко сказал Школенко, – один пойду? 
  – (19)Один, – сказал Кошелев. 
 (20)Школенко посидел примерно с полчаса, вскинул автомат и, уже не добавляя гранат, снова пошёл в ту сторону, что и утром. 
  (21)Теперь он взял правее деревни и ближе к реке, прячась в росших по обочинам дороги кустах. (22)Идти пришлось по длинной лощине, пробираясь сквозь густой, царапавший руки и лицо орешник, через мелколесье. (23)Возле большого куста были хорошо видны три миномёта, стоявшие в балке. 
 (24)Школенко лёг плашмя и вытащил бумагу, на которой он заранее решил начертить для точности, где именно стоят миномёты. (25)Но в ту секунду, когда он принял это решение, семеро немцев, стоявших у миномётов, подошли друг к другу и сели у ближнего к Школенко миномёта, всего в восьми метрах от него. (26)Решение родилось мгновенно, может быть, так мгновенно оттого, что только сегодня, в точно такой же обстановке, ему уже один раз повезло. (27)Взрыв был очень сильным, и немцы лежали убитые. (28)Неожиданно в двух десятках шагов от него в кустах сильно зашуршало. (29)Прижав к животу автомат, Школенко пустил туда длинную очередь веером, но из кустов вместо немцев выскочил его хороший знакомый Сатаров, боец 2-го батальона, несколько дней тому назад взятый в плен. (30)Вслед за ним из кустов вышли ещё шестнадцать человек. (31)Трое были окровавлены, одного из них поддерживали на руках. 
 – (32)Ты стрелял? – спросил Сатаров. – (33)Вот, поранил их, – показал Сатаров рукой на окровавленных людей. – (34)А где же все? 
 – (35)А я один, – ответил Школенко. – (36)А вы тут что? 
 – (37)Мы могилу себе рыли, – сказал Сатаров, – нас двое автоматчиков стерегли, они, как услышали взрыв, убежали. (38)А ты, значит, один? 
 – (39)Один, – повторил Школенко и посмотрел на миномёты. – (40)Скорее миномёты берите, сейчас к своим пойдём. 
 (41)Он шёл сзади вырученных им из плена и видел окровавленные тела раненых, и горькое выражение появлялось на его лице. 
 (42)Через полтора часа они дошли до батальона. (43)Школенко отрапортовал и, выслушав благодарность капитана, отошёл на пять шагов и ничком лёг на землю. (44)Усталость сразу навалилась на него: открытыми глазами он смотрел на травинки, росшие около, и казалось странным, что он вот живёт, и кругом растёт трава, и всё кругом такое же, как было. 
  (По К. М. Симонову*) 
 * Константин Михайлович Симонов (1915–1979) – русский советский журналист и прозаик, киносценарист.  
"
370,"Текст Симонова К.  
  (1)В парадную дверь громко постучали. 
 — (2)Кто там? — спросила Таня. (3)3а дверью было слышно несколько голосов сразу. 
 — (4)Открывай! (5)Родителей привезла, — донёсся из-за двери голос Нади. 
 (6)Она вошла первой с двумя обвязанными верёвкой чемоданами и шлёпнула их на пол. 
 (7)Женщина, мельком взглянув на Таню, поставила на пол два таких же, как у Нади, чемодана, кинулась к дверям в столовую, заглянула и снова кинулась обратно к парадной двери, навстречу входившим с вещами мужчинам. (8)Первый втащил три здоровенных тюка: два в руках, третий под мышкой. (9)Надина мама подскочила к нему, протянув к тюкам руки, как к утопающим. (10)Когда дверь захлопнулась, Надина мама сволокла с головы кашне, уронив на пол несколько шпилек, и устало села. 
 — (11)Поля где? 
 (12)Этот вопрос был обращён к Тане. 
 — (13)Спит, — сказала Таня, — только недавно с дежурства пришла. 
 — (14)Вот те на! — сказала Надина мама. — (15)Я думала, её нет, а она даже не встречает. (16)Пойду разбужу её. 
 — (17)Она только час как легла, — сказала Таня. 
 — (18)Ничего, встанет, — сказала Надина мама, — с самого Чкалова мечтала, как буду дома Полины пельмени есть. 
 — (19)По-моему, она в пять часов опять на дежурство пойдёт, — сказала Таня. 
 — (20)Никуда она не пойдёт! (21)Глупости всё это, — сказала Надина мама. 
 — (22)Не пойдёт она к тебе в работницы, — сказала Надя. — (23)Я с ней уже говорила. 
 — (24)Мало ли что ты говорила, теперь я с ней поговорю, — сказала Надина мама и, шаркая бурками, пошла на кухню. 
 (25)Таня стала с тревогой ждать, что теперь произойдёт между Надиной мамой и тётей Полей. (26)Только сегодня утром, перед сном, тётя Поля снова божилась, что палец о палец не ударит для прежней хозяйки. 
 (27)К изумлению Тани, несмотря на свою утреннюю божбу, тётя Поля вышла в переднюю в обнимку с Надиной мамой. (28)У обеих старух были заплаканные лица. 
 — (29)Мы на тебя там, в эвакуации, как на каменную стену, надеялись, — говорила Надина мама. — (30)Спасибо тебе, что квартиру сохранила, земной поклон тебе за это. (31)А скольких трудов тебе это стоило, разве я не понимаю! 
 (32)Она снова всхлипнула, и тётя Поля тоже ещё раз всхлипнула и сказала: 
 — Всё как есть сохранила. (33)Извиняйте только, что жиличку к себе на время пустила, погостить пригласила без извещения вас. 
 — (34)Ну, что ты, Поля, — сказала Надина мама, — как тебе не стыдно говорить такое. 
 (35)И повернулась к Тане: 
 — А мы с вами ещё как следует и не познакомились. (36)Приятно на вас смотреть: такая молодая — и с орденом, воевали! (37)Мне уже дочь по дороге о вас рассказывала. (38)Жаль, что вы скоро уезжаете. 
 — (39)Может быть, даже сегодня, — сказала Таня. 
 — (40)Но пельмешек наших на прощание всё же покушаете — тётя Поля налепит. 
 (41)Тётя Поля, которая тем временем уже заботливо вытирала тряпкой чемоданы, обернулась, не прерывая начатого дела. 
 — (42)Уйду я на дежурство... (43)Разве что завтра, как с дежурства вернусь... 
 — (44)А ты не ходи на дежурство, — ласково сказала Надина мама. 
 — (45)Как же так не ходить-то? 
 — (46)А ты заболей. 
 — (47)Как же так заболеть? 
 — (48)А это уж моя забота, — сказала Надина мама. — (49)Надежда там у вас в госпитале договорится, чтоб тебя отпустили по состоянию здоровья. 
 (50)Тётя Поля несколько секунд молчала, потом разогнулась, бросила тряпку на чемоданы и сказала голосом, ничем не напоминавшим о её недавних слезах и всхлипываниях: 
 — Бессовестная ты, Анна Георгиевна! 
 (51)Таня ушла из дома вместе с тётей Полей. 
 (52)Пошла проводить, потому что оставаться одной там, с этими людьми, не хотелось. (53)Всю дорогу никак не могшая остыть тётя Поля снова и снова возвращалась к спору со своей бывшей хозяйкой. 
 (54)И Таня чувствовала, что за словами тёти Поли стоит её возмущение людьми, которым нет дела ни до войны, ни до тёти Поли, ни до госпиталя, где она работает, ни до людей, которые лежат там сейчас и знают, что сегодня ночью дежурит старая нянечка Поля. (55)Она и зайдёт, и переложит, и утку подаст, и вовремя принесёт попить, а не будет спать в дежурке или точить с кем-нибудь лясы. 
 (По К. М. Симонову) 
 *Константин (Кирилл) Михайлович Симонов (1915–1979) — русский советский прозаик, поэт, киносценарист, журналист и общественный деятель.   
"
371,"Текст Симонова К. 
 (1)Сделав несколько сильных огневых налётов рано утром, немцы теперь вели систематический миномётный и орудийный огонь. (2)То здесь, то там среди стволов взмётывались высокие снежные столбы. 
 (3)Впереди, в роще, как выяснила разведка, были две линии глубоких продольных снежных траншей с тремя-четырьмя десятками укреплённых землянок. (4)Подходы к ним были минированы. 
 (5)Было ровно двенадцать. (6)Сквозь стволы просвечивало полуденное солнце, и, если бы не глухие разрывы перелетавших через голову мин, лес выглядел бы как в мирный зимний день. 
 (7)Первыми скользнули вперёд штурмовые группы. (8)Они шли по снегу во главе с сапёрами, очищая путь для танков. 
 (9)Пятьдесят, шестьдесят, восемьдесят шагов — немцы ещё молчали. (10)Но вот кто-то не выдержал. (11)Из-за высокого снежного завала раздалась пулемётная очередь. 
 (12)Штурмовая группа залегла, она сделала своё дело. (13)Вызвала огонь на себя. (14)Танк, шедший за ней, на ходу повернул орудие, сделал короткую остановку и ударил по замеченной пулемётной амбразуре раз, другой, третий. (15)В воздух полетели снег и обломки брёвен. 
 (16)Немцы замолкли. (17)Штурмовая группа поднялась и рванулась вперёд ещё на тридцать шагов. 
 (18)Снова то же самое. (19)Пулемётные очереди из следующей землянки, короткий рывок танка, несколько снарядов — и летящие вверх снег и брёвна. 
 (20)В роще, казалось, свистел сам воздух, пули врезались в стволы, рикошетили и бессильно падали в снег. (21)Под этим огнём трудно было поднять голову. 
 (22)К семи вечера части полка, пройдя с боем восемьсот снежных и кровавых метров, дошли до противоположной опушки. (23)Роща Дубовая была взята. 
 (24)День выдался тяжёлый, раненых было много. (25)Теперь роща целиком наша, и немцы открыли по ней ураганный миномётный огонь. 
 (26)Уже темнело. (27)Между стволами были видны не только снежные столбы, но и вспышки разрывов. (28)Усталые люди, тяжело дыша, лежали в отбитых траншеях. (29)У многих от усталости, несмотря на оглушительный огонь, смыкались глаза. 
 (30)А по лощине к опушке рощи, пригибаясь и перебегая в промежутках между разрывами, шли термосоносцы с обедом. (31)Был восьмой час, кончались сутки боя. (32)В штабе дивизии писали оперативную сводку, в которой среди других событий дня отмечалось взятие Дубовой рощи. 
 (33)Стало теплее, на дорогах снова видны оттаявшие воронки; из-под снега снова начинают показываться серые башни разбитых немецких танков. (34)По календарю весна. (35)Но стоит на пять шагов отойти с дороги — и снег снова по грудь, и двигаться можно, только прорывая траншеи, и пушки надо тащить на себе. 
 (36)На косогоре, с которого широко видны белые холмы и синие перелески, стоит памятник. (37)Жестяная звезда; заботливой, но торопливой рукой человека, снова идущего в бой, выведены скупые торжественные слова. 
 «(38)Самоотверженные командиры — старший лейтенант Бондаренко и младший лейтенант Гавриш — пали смертью храбрых 27 марта в боях под рощей Квадратной. (39)Прощайте, наши боевые друзья. (40)Вперёд, на запад!» 
 (41)Памятник стоит высоко. (42)Отсюда хорошо видна зимняя русская природа. (43)Может быть, товарищи погибших хотели, чтобы они и после смерти далеко провожали взглядом свой полк, теперь уже без них идущий на запад по широкой снежной русской земле. 
 (44)Впереди расстилаются рощи: и Квадратная, в бою под которой погибли Гавриш и Бондаренко, и другие — Берёзовая, Дубовая, Кривая, Черепаха, Нога. 
 (45)Они не назывались так раньше и не будут называться потом. (46)Это маленькие безымянные перелески и рощицы. (47)Их крёстными отцами были командиры полков, дерущихся здесь за каждую опушку, за каждую лесную прогалину. 
 (48)Эти рощи — место ежедневных кровавых боев. (49)Их новые имена каждую ночь появляются в дивизионных сводках, иногда упоминаются в армейских. (50)Но в сводке Информбюро от всего этого остаётся только короткая фраза: «За день ничего существенного не произошло». 
 (По К. М. Симонову) 
 Константин (Кирилл) Михайлович Симонов (1915–1979) — русский советский прозаик, поэт, киносценарист, журналист и общественный деятель. 
 
"
372,"Текст Симонова К.  
 (1)Среди оборванных старух, стариков и детей особенно странно выглядели на этой дороге молодые женщины в модных пальто, жалких и пропылённых, с модными, сбившимися набок пыльными причёсками. (2)А в руках узлы, узелки, узелочки; пальцы судорожно сжаты и дрожат от усталости и голода. 
 (3)Всё это двигалось на восток, а с востока навстречу по обочинам шоссе шли молодые парни в гражданском, с фанерными сундучками, с дерматиновыми чемоданчиками, с заплечными мешками, — шли мобилизованные, спешили добраться до своих заранее назначенных призывных пунктов, не желая, чтоб их сочли дезертирами, шли на смерть, навстречу немцам. (4)Их вели вперёд вера и долг; они не знали, где на самом деле немцы, и не верили, что немцы могут оказаться рядом раньше, чем они успеют надеть обмундирование и взять в руки оружие… (5)Это была одна из самых мрачных трагедий тех дней — трагедия людей, которые умирали под бомбёжками на дорогах и попадали в плен, не добравшись до своих призывных пунктов. 
 (6)А по сторонам тянулись мирные леса и рощицы. (7)Синцову в тот день врезалась в память одна простая картина. (8)Под вечер он увидел небольшую деревушку. (9)Она раскинулась на низком холме; тёмно-зелёные сады были облиты красным светом заката, над крышами изб курились дымки, а по гребню холма, на фоне заката, мальчики гнали в ночное лошадей. (10)Деревенское кладбище подступало совсем близко к шоссе. (11)Деревня была маленькая, а кладбище большое — целый холм был в крестах, обломанных, покосившихся, старых, вымытых дождями и снегами. (12)И эта маленькая деревня, и это большое кладбище, и несоответствие между тем и другим — всё это, вместе взятое, потрясло душу Синцова. (13)От острого и болезненного чувства родной земли, которая где-то там, позади, уже истоптана немецкими сапогами и которая завтра может быть потеряна и здесь, разрывалось сердце. (14)То, что видел Синцов за последние два дня, говорило ему, что немцы могут прийти и сюда, но, однако, представить себе эту землю немецкой было невозможно. (15)Такое множество безвестных предков — дедов, прадедов и прапрадедов — легло под этими крестами, один на другом, веками, что эта земля была своей вглубь на тысячу сажен и уже не могла, не имела права стать чужой. 
 (16)Никогда потом Синцов не испытывал такого изнурительного страха: что же будет дальше?! (17)Если всё так началось, то что же произойдёт со всем, что он любит, среди чего рос, ради чего жил: со страной, с народом, с армией, которую он привык считать непобедимой, с коммунизмом, который поклялись истребить эти фашисты, на седьмой день войны оказавшиеся между Минском и Борисовом? 
 (18)Он не был трусом, но, как и миллионы других людей, не был готов к тому, что произошло. (19)Большая часть его жизни, как и жизни каждого из этих людей, прошла в лишениях, испытаниях, борьбе, поэтому, как выяснилось потом, страшная тяжесть первых днейвойны не смогла раздавить его души, как не смогла раздавить и души других людей. (20)Но в первые дни эта тяжесть многим из них показалась нестерпимой, хотя они же сами потом и вытерпели её. 
 (По К. М. Симонову*) 
 * Константин Михайлович Симонов (1915-1979) — советский прозаик и поэт, драматург и киносценарист; общественный деятель, журналист, военный корреспондент. 
"
373,"Текст Скворцова Л. 
 (1)Экология – это наука о взаимодействии живых организмов и их сообществ между собой и со средой, в которой они обитают. (2)Эти взаимоотношения изучают самые разные науки: биология и химия, астрономия и космология, математика и философия. (3)Все они вносят свой вклад в экологию, которая сегодня разделилась на ряд самостоятельных дисциплин: общую экологию, агроэкологию, гидроэкологию, экологию человека и т.д. 
 (4)Активно формируется в наши дни экология культуры, или духовная экология. (5)Конечно, между экологией природы и экологией культуры не может быть непроходимой пропасти, вместе с тем между ними есть и большое различие. (6)Утраты в природе до известных пределов восстановимы. (7)Иное дело – ценности культурные и нравственные. (8)Они или восстанавливаются с большим трудом, или вовсе исчезают, как, скажем, разрушенные памятники культуры, сгоревшие книги, рукописи... 
 (9)Историк-археолог В.Л. Янин так образно раскрыл содержание понятия «экология культуры». (10)Если выкорчевать дерево, то на его месте можно вырастить новое. (11)Но если мы разрушаем старину, памятники культуры, стираем с карты исторические названия, тем самым, по мнению учёного, мы уничтожаем генетический код нашей исторической памяти. (12)Поэтому наша любовь к духовному наследию своего народа должна быть действенной.
(13)Многое зависит от отношения к языку. (14)Иначе и быть не может! (15)В самом деле. (16)Если культура – это совокупность достижений общества в области науки, просвещения, искусства, то закрепляются эти достижения, как правило, в языке, в Слове. (17)Возникнув на определённом историческом этапе, литературный язык сам по себе служит свидетельством уровня духовного развития народа, общества. 
 (18)Любовь к языку, как и любовь к природе, – составная часть патриотизма, любви к Родине. (19)Экология языка имеет поэтому и нравственную сторону. (20)Небрежное отношение к языку, отход от национальной культуры, которая в нём выражена, не проходят бесследно для человека как личности. (21)Ведь язык – это и основа национальной памяти, и ключ к пониманию духовного мира, своего и чужого. 
 (22)В последние годы наши писатели и публицисты неустанно говорят с тревогой о признаках духовной деградации, духовного обнищания, напрямую связанных с языковыми потерями. (23)Как всякое живое на земле не может мириться со своей смертью, так и живая нация не может смириться с деградацией своего языка.  (По Л.И. Скворцову) 
"
374,"Текст Смирнова Г. 
 (1)Помню, ещё в 60-е годы, когда слушал я о правительственных наградах труженикам сельского хозяйства, вырастившим хороший урожай кукурузы, меня мучила мысль: а почему же американское правительство не наградило орденом фермера Гарста, вырастившего на своей ферме рекордный урожай кукурузы? 
 (2)Да за что же ему орден-то давать? (3)Постарался, получил за свою кукурузу приличные деньги. (4)Что ещё? (5)И тут же сам собой получился вывод: награждая орденами и медалями за честный, хороший труд, правительство как бы официально подтверждает, что оно недоплачивает труженикам! (6)Больше того, выдавая награды передовикам, оно внушает трудящимся массам мысль, что честный, добросовестный труд – это такое геройство, такой подвиг, что он под силу только немногим героям, а от обычных людей требовать честной работы нельзя! 
 (7)Это обескураживающее открытие долго не давало мне покоя, пока совершенно случайно я не нашёл разгадку в «Жизни двенадцати цезарей» Светония. (8)Оказывается, цезарь Август был очень скуп на почётные государственные награды. (9)За услуги государству он всегда старался расплатиться деньгами. (10)И только уж тогда, когда услуга не поддавалась денежной оценке, он со скрипом соглашался устроить такому человеку чествование, триумф, почётный знак или иную государственную награду. (11)Когда Августа спрашивали, почему он так скуп на награды, он отвечал, что деньги всегда можно найти, но если упадёт репутация государственной награды, то восстановить её ничем нельзя. 
 (12)Вот в чем дело! (13)Вот почему правительственные награды нельзя давать за честный, качественный, добросовестный труд, за который можно расплатиться деньгами. (14)Награды нужно давать за такие деяния, за такие услуги государству, выполняя которые человек ставит на карту своё имя, репутацию, семью, здоровье, самою жизнь. 
 (15)Много лет я считал эти рассуждения бесспорными. (16)Но сейчас я вдруг понял: нет, они не абсолютны! (17)Они справедливы, когда государство благоденствует и процветает. (18)Но когда Отечество в опасности и у государства нет средств на справедливую оплату, оно вправе давать за труд правительственные награды как признание заслуг, невыразимых в денежном исчислении. (19)Вот почему я новыми глазами смотрю теперь на стариков, когда вижу на их пиджаках и кофтах скромную медаль «За доблестный труд в Великой Отечественной войне 1941–1945 гг.». 
 (Г. Смирнов) 
 Информация о тексте 
 
"
375,"Текст Смирнова Г. 
 (1)Сейчас, когда подумать стало труднее, чем оповестить о своих думах весь мир, в нашей жизни стали укореняться какие-то ошеломляющие нелепости, плоды новорусской образованщины. (2)Особенно здесь не повезло почему-то Суворову. (3)Нет-нет да и услышишь из уст телеобозревателя: мол, как говорил Суворов: тяжело в учении – легко в бою! 
 (4)Но ведь Суворов – великий человек, он в принципе не мог сказать такой глупости! (5)Уж кто-кто, а он-то понимал: в бою, где убивают твоих соратников, где на тебя с оружием в руках идёт твой смертельный враг, не может быть легко! (6)Суворов же говорил нечто иное, а именно: тяжело в учении – легко в походе! (7)В походе, а не в бою! (8)Ибо нет ничего страшнее и тяжелее боя!  
 (9)Ещё более нелепо широко ныне распространившееся толкование суворовских слов, будто война не кончена, пока не похоронен последний солдат. (10)Поняв слово «похоронен» в буквальном смысле, добровольные могильщики, присвоив себе ничем не оправданную миссию завершителей Великой Отечественной войны, убеждают нас с телевизионных экранов: похоронены не все солдаты; война не окончена; героические подвиги русского воинства могут быть признаны лишь в тот момент, когда они, похоронщики, закопают в землю останки последнего русского солдата! (11)Да задумайтесь, что вы говорите! (12)Десятки тысяч солдат исчезли без следа, от них не осталось ни клочка плоти, они действительно пропали без вести. (13)Их невозможно похоронить! (14)И что же? (15)Не считать законченной ни одну войну в истории? (16)Да не проще ли предположить: вы не поняли, что сказал Суворов! (17)Он сказал: война, боевые действия не окончены, пока не похоронен, то есть пока не убит, пока жив, пока держит в руках оружие и пока ведёт бой последний солдат! (18)Это ведь и есть воинский долг: драться до последнего бойца. (19)И пока этот последний солдат не убит, образно говоря, не похоронен, война не закончена! 
 (по Г. Смирнову) 
"
376,"Текст Смольникова И. 
 (1)Волжская ГЭС, Чебоксарская ГЭС. (2)Сколько лет гидроэлектростанциям и сколько Волге? (3)ГЭС – дело рук человеческих. (4)Мы помним строительство Волжской ГЭС, которая перегородила реку в Жигулях, как победно кричали об этом газетные заголовки… (5)Что ж, всё было правильно; страна вставала из руин Великой Отечественной; заводам, стройкам, городам требовалось электричество, много электричества, желательно более дешёвого. (6)Гидроэлектростанции, по убеждению учёных, давали нам его. 
 (7)С годами на Волге возник целый каскад гидростанций. (8)Они и сейчас безотказно дают ток. (9)Они помогли нам сделать рывок к звёздам –запустить ракеты, овладеть атомом… 
 (10)Всё так. (11)Из песни века, которую по праву можно назвать эпической, не выкинуть ни одного слова. 
 (12)Не выкинуть и других слов… (13)Тех, которые слагались народом о прекрасной реке, о её красоте, о приволье её вод и плёсов. (14)Тех плёсов, какие видел Пушкин в окрестностях Козьмодемьянска, Свияжска, Васильсурска, Чебоксар, Симбирска и которых мы с вами сейчас не увидим. (15)Их нет. (16)Вода поднялась, разлилась, поглотила красоту. (17)И, кстати, заодно замедлила течение. (18)Иначе и не могло быть в непомерно разлившихся водохранилищах. (19)В них теперь нет того сильного, могучего течения, которое очищало бы реку от нынешнего вредного, застойного цветения. 
 (20)Но это цветение – пусть извинит читатель за невольный каламбур  – это только цветочки. (21)С Волгой стало происходить такое, о чём ни мы с вами, ни Пушкин, ни какой-нибудь другой писатель, одарённый воображением сказочника, и подумать не могли. 
 (22)У слияния Суры с Волгой водная гладь поражает своей необозримостью. (23)За Васильсурском тоже рукотворное море. (24)Оно радует глаз, как радует его, как не может не радовать живая вода, разлившаяся привольно по земному лону. 
 (25)Но эта вода не живая. (26)Она если и не мёртвая вовсе, то полумёртвая. (27)Здесь – в глубинах и на отмелях водохранилища. (28)В самом конце 80-х годов в нём запретили ловить рыбу. (29)Не для того, чтобы сберечь её стадо, дать нагуляться молоди… (30)А потому, что выловленная рыба стала опасной для человека. (31)Волжская сказочная рыба – стерлядь, осётр, судак. (32)Теперь она, набравшая за последние годы выше всякой нормы ртуть, отравлена. 
 (33)Да может ли быть такая норма? 
 (34)Ртуть вместе с другими – тоже не целебными – отходами сбрасывали в воду. (35)И вот концентрация ртути привела к катастрофе. (36)Пока, как сообщали газеты, лишь в бассейне водохранилища. 
 (37)Что будет дальше? 
 (По И. Смольникову*) 
 *Смольников Игорь Фёдорович (р. 1930) – русский писатель, поэт, литературный критик, публицист, автор разнообразных очерков и статей, посвящённых преимущественно литературе и изобразительному искусству."
377,"Текст Смольникова И. 
 (1)Положение у нас было неплохое — для того страшного лета сорок первого года. (2)Нас вывезли из Витебска и переправили в Смоленск, там погрузили на открытые платформы и с тысячами других беженцев повезли на восток. 
 (3)Через две недели наше семейство высадилось в Куйбышеве. (4)По пыльным улицам, булыжнику и раскалённому асфальту мы еле дотащились до зелёного дворика, внутри которого притаился двухэтажный дом. (5)Хотелось пить, хотелось в тень. (6)Мы устали, и за две недели нас и пропылило, и пропесочило, и проуглило, ведь всю гарь и несгоревший уголь от паровоза валило на нас. (7)А в глубине двора под деревьями и кустами таилась прекрасная, прохладная чащоба для игр. (8)Две мои сестры смотрели туда же, их одолевали те же чувства. (9)А брат был слишком мал, чтобы присоединиться к нам. (10)Он беспокойно таращился на дверь дома, за которой исчезла его мать, моя тётка. 
(11)И вот наконец показалась тётушка. (12)Она медленно прошла к лавочке, которую заняла наша изнурённая команда, и опустилась рядом с моей матерью. (13)Слишком растерянным, каким-то перевёрнутым было её лицо. 
 — (14)Не пускают? — упавшим голосом спросила мама. — (15)Ты скажи, мы только на одну ночь, мы подыщем жильё... 
 — (16)Я говорила. 
 — (17)У нас ведь дети. 
 — (18)Я говорила, — сказала тётушка и заплакала. 
 (19)Она была ошеломлена. (20)Это она уговорила сестру не ехать далеко на Урал, а высадиться поближе: как-никак в Куйбышеве родные, брат мужа с семьёй, уж на первое-то время приютят, да и вообще лучше остановиться в городе, где есть родственники. 
(21)3а то время, что мы топали пешком и ехали на восток, я как-то ни разу не тревожился о ночлеге. (22)Где-нибудь и как-нибудь переночуем! (23)Мы ночевали даже на кафельном полу какой-то железнодорожной станции. (24)Я заснул тогда мгновенно, а проснулся оттого, что из-под меня рванули этот кафель: немцы на заре бомбили станцию. 
 (25)Там, под Витебском и Смоленском, мы уходили от этих взрывов, от чёрных стервятников с крестами на крыльях, уходили в толпах таких же беженцев, что и мы. (26)Уходили от воя самолётов и выстрелов, от смрада горящих цистерн, от разбитых домов и срезанных осколками деревьев. (27)А здесь была тишина, мирные улицы и дома, такие же, как мы оставили там, в своём родном городе, за чертой смерти. (28)Но всё это спасение, вся эта благодать оказались для нас недоступны. 
 (29)Брат на руках тётушки жалобно заплакал, он хотел пить. (30)И в этот отчаянный момент из дверей дома вышел человек. (31 )У человека были карие глаза и застенчивая улыбка. 
 — (32)Может быть, вы согласитесь пойти ко мне? — спросил он не очень уверенно. — (33)Это недалеко, мы через дворы пройдём. (34)Комнатка, правда, у меня не ахти, да я живу один, не помешаю. (35)Помоетесь, отдохнёте с дороги. (36)Ну, как? (37)Пойдёмте? 
 (38) Всеволод Михайлович — так звали человека — привёл нас в свою комнату, показал, где что, и быстренько ушёл, сославшись на дела, а мы остались в доме, где суждено было нам провести четыре военных года. 
 (39) Дядя Сева сразу решил главные наши проблемы. (40)Свою комнату он предоставил нам в полное наше распоряжение. (41)Уходил рано утром, приходил поздно, осторожно стучал и пристраивался с книгой на стуле возле двери. (42)А размещались мы в его восьмиметровой комнате на ночь так: четверо на диване — поперёк, с поставленными для ног стульями, двое у окна — на диванных подушках, половиках и одеяле, и хозяин — на матрасе у дверей. 
 (43)С дядей Севой мы прожили до лета 1942 года. (44)Всё это время он ходил на работу в свою газету — он был журналистом, а свободные часы проводил на военной подготовке. (45)Он был сугубо штатским, мирным человеком, уже не очень молодым, с какой-то застарелой кво-рью. (46)Военная подготовка давалась ему нелегко, и он с юмором рассказывал вечером у кухонного стола, как нынче швырял гранату (да не дошвырнул) или как полз по-пластунски под колючей проволокой (и порвал пальто)... (47)Это было не очень смешно, потому что приходил он с этих занятий до предела вымотанный, съедал свой ужин и сразу засыпал. 
 (48)То ли из-за своего здоровья, то ли из-за работы дядя Сева имел бронь. (49)И вот эта бронь, ради которой некоторые шли на всё, была самой главной отравой его жизни. (50)0н рвался на фронт, а его не пускали. (51)Он писал заявления и в военкомат, и своему начальству, а ему отказывали. (52)Но, несмотря ни на что, дядя Сева всю осень, зиму и весну ходил на военную подготовку, чтобы иметь, как он говорил, главный козырь. 
 — (53)Ничего, — посмеивался дядя Сева, — скоро я буду настоящим пехотинцем. (54)Тяжело в ученье — легко в бою. (55)Верно? (56)Кто это сказал?
(57)Он всегда обращался ко мне, а я с удовольствием ему отвечал, если, разумеется, знал ответ. (58)И я знал, что, когда бы он ни пришёл, для меня непременно будет интересный разговор: о самолётах, партизанах или, чаще всего, о военных действиях на фронте. (59)Уж дядя-то Сева разбирался в этом лучше всех наших знакомых. (60)И сведения у него были самые горячие, из редакции, те, что только наутро появлялись в газетах. 
 (61)Я читал ему письма отца. (62)Каждый раз, приходя с работы, дядя Сева спрашивал, нет ли писем от отца. (63)Свежее письмо мы ещё раз читали вслух. (64)Это совместное чтение сближало нас ещё больше. (65)Ближе дяди Севы не было для меня человека в Куйбышеве. (66)Кроме, разумеется, мамы и родной сестры. 
 (67)Это было в 1942 году. (68)И в этом же году, летом, дядя Сева пришёл однажды домой днём, в неурочное время, возбуждённый и широко улыбающийся. 
 — (69)Ну вот, дорогие мои, — громко сказал он, — можете меня поздравить. (70)Я ухожу на фронт. 
 
 (73) Я запомнил и этот глухой, усталый голос, и эти слова, и его лицо, с крупными, мягкими и добрыми чертами, которые в этот момент стали чужими, неласковыми. 
 (74) Через два месяца на мамино имя прислали извещение. (75)В нём было написано, что её родственник Всеволод Михайлович Муравьёв, проявив мужество и героизм, верный военной присяге, пал смертью храбрых в борьбе за Советскую Родину. 
 (76)Его убило в первой же атаке, на подступах к Сталинграду, куда был брошен его пехотный полк. 
 (По И. Смольникову*) 
 * Игорь Фёдорович Смольников (род. 1930 г.) — писатель, автор более двадцати книг, а также очерков и статей, посвящённых преимущественно литературе и искусству. 
"
378,"Текст Соболева А. 
 (1)В наше время чтение художественной литературы, по сути, привилегия. (2)Слишком много времени отнимает этот род занятий. (3)Недосуг. (4)Да и чтение – это тоже работа, и в первую очередь –  над собой. (5)Пусть незаметная, не столь обременительная, но у человека, потратившего день на решение проблем, требующих физической или интеллектуальной и душевной отдачи, порой просто не остаётся сил поинтересоваться новинками литературы. (6)Это никого не оправдывает, но причины очевидны, а стойкую привычку к серьёзному чтению, к сожалению, выработали не все. 
 (7)Для большей части взрослых и пожилых людей в наши дни телевидение заменяет чтение, они если и знакомятся с новинками книжного рынка, то за редким исключением в примитивном телевизионном изложении. (8)Молодёжь же всё чаще познаёт мир слова через наушники плееров и интернет-ресурсы, посредством смартфонов и планшетов, которые всегда под рукой. (9)Возможно, я сгущаю краски и кто-то сумеет нарисовать более оптимистичную картину, но, на мой взгляд, реалии времени именно таковы. 
 (10)Себя отношу к категории людей, занятых делом, но мой пример нетипичен. (11)Я умудряюсь читать и писать. (12)Выпустил четвёртый сборник стихов. (13)Не останавливаюсь на этом, папки рукописей и черновиков пополняются, хотя перелёты, поездки и ночное бодрствование – вот весь писательский ресурс, который у меня остаётся. (14)С чтением ещё сложнее, паузы выпадают редко. 
 (15)Если попытаться охарактеризовать всё отобранное и недавно прочитанное мною, то первое, что приходит на ум: это написали личности! (16)Люди, сделавшие себя сами. (17)Им веришь. (18)Сама история их жизни не позволяет усомниться в выводах и формулировках. (19)А ведь это очень важно –  верить автору, что бы мы ни читали: научную литературу, роман или мемуары. (20)Знаменитое «Не верю!» Станиславского проникает сейчас во все жанры и виды искусства. (21)И если в кино динамика кадра и лихость сюжета могут отвлечь внимание зрителя от нестыковок и откровенной фальши, то печатное слово сразу выталкивает на поверхность всякое враньё, всё, что написано ради красного словца, высосано из пальца. (22)Воистину написанное пером не вырубишь топором. 
 (23)Проверяя читательский багаж прошлых лет, прихожу к выводу, что я всегда неосознанно тянулся к авторам, которые не только отмечены писательским талантом, но и обладают выдающейся личной историей. (24)Биографией, как тогда говорили. (25)В советское время информация о личной жизни популярных авторов была дозированной, а порой и недоступной, о пиаре тогда никто и не догадывался. (26)Но крупицы их дел и поступков были у всех на слуху, оживляли образ и увеличивали наши симпатии и степень доверия. (27)Так было с Маяковским, так было с Высоцким и Визбором, с Солженицыным и Шаламовым. (28)И многими другими, чьи тексты мы разбирали на цитаты, чьи высказывания становились самыми убедительными аргументами в спорах. 
 (29)Что же является критерием настоящей литературы? (30)Для меня главным мерилом был и остаётся результат: чтобы тебе поверили. 
 (По А.Н. Соболеву*) 
 * Андрей Николаевич Соболев – член Комитета Совета Федерации по науке, образованию и культуре; журналист, поэт-песенник.  
 
"
379,"Текст Соболева Л. 
 (1)Девятнадцатилетний Андрей Кротких, краснофлотец и комсомолец, служивший на борту миноносца, ненавидел грязную посуду как некий символ незадавшейся жизни. (2)В самом деле, его товарищи по призыву готовились воевать по-настоящему. (3)Ему же выпала на долю странная боевая часть: мыть посуду — чем тут было гордиться? 
 (4)Прав да, по тревоге Андрей Кротких был подносчиком снарядов. (5)Но вся его боевая работа была ничтожна: он вынимал из ящика снаряды и укладывал их на подстеленный возле орудия мат. (6)В обойму их вставлял уже другой краснофлотец, и оставалось только с завистью смотреть на него и сокрушаться, что со своей армией грязной посуды вряд ли Андрей станет героем войны. (7)Однако юный комсомолец даже не предполагал, как сильно он ошибался, ведь подвигу в жизни всегда найдётся место. 
 (8)Светало. (9)Миноносец подходил к месту высадки десанта; ящик с минами был поставлен на корме, готовый к погрузке на шлюпку. (10)Но вдруг корабль резко повернул, заверещал свисток командира: налетели самолёты — надо было отбиваться. 
 (11)Орудия залаяли отрывисто и чётко, но тут Трофимов, подносивший снаряды, упал, и орудие замолчало. (12)Тогда Кротких подскочил к нему и, быстро нагибаясь к снарядам, накормил голодную обойму. (13)Вскоре рядом с бортом встал огромный, очень высокий столб воды и дыма. (14)Андрей заметил лишь хвост самолёта с чёрным крестом и понял, что они всё-таки сбили фашиста. (15)Правда, молодой боец не успел ни обрадоваться, ни удивиться этому, потому что сзади него закричали: 
 — (16)Мины! 
 (17)Он обернулся. (18)Ящик с минами, стоящий на корме, горел. (19)Мины в нём вот-вот должны были начать рваться. (20)Кротких вдруг подумал, что, если это произойдёт, вслед за минами начнут рваться в пожаре снаряды, погреба и весь корабль. (21)С этой мыслью парень шагнул было к ящику. (22)Но тут, когда в стороне что-то грохнуло, ему показалось, что уже грянула взрывом пылающая в ящике смерть. (23)Это было так страшно, что он ринулся с кормы вслед за остальными. (24)Однако парень оказался позади всех, и отчаяние охватило его: если он споткнётся, ему никто не поможет. (25)Подлое, паническое малодушие и страх подогнули его колени. (26)И вдруг впереди, у носового мостика, он увидел комиссара корабля Филатова. 
 (27)Филатов, расталкивая встречных, бежал на корму, и Кротких догадался, что тот задумал. (28)Догадка эта поразила его. (29)И тут же в голове вспыхнула мысль: комиссар не должен погибнуть, он должен остаться в команде, иначе как же корабль без него! (30)Забыв о страхе, в два прыжка парнишка очутился у ящика и ухватился за дно. (31)Ящик был слишком тяжёл для одного человека. (32)Тогда он присел на корточки и схватил одну горячую мину. (33)Ладонь зашипела, острая боль на миг захолонула сердце, но Андрей всё же отправил мину за борт. (34)И тотчас схватил другую. 
 (35)Выпрямляясь с очередной миной в руках, он увидел комиссара: тот был уже совсем близко к своей возможной гибели. (36)Тогда Кротких, надсаживаясь, поднял на поручни опустошённый уже наполовину ящик. (37)Пламя лизнуло его лицо. (38)Бушлат загорелся. (39)Он отвернул лицо и сильным, резким толчком сбросил за борт ящик. 
 (40)Тут кто-то крепко и сильно схватил его за плечи. (41)Это был комиссар. 
 — (42)Ничего, товарищ комиссар, уже тухнет, — сказал он, думая, что комиссар тушит на нём бушлат, уже и без того почти прекративший гореть. (43)Но, взглянув в глаза комиссара, он понял: это было благодарное объятие за тот поступок, который только что совершил он, Андрей Кротких, обычный посудомойщик. 
 (по Л. С. Соболеву*) 
 * Леонид Сергеевич Соболев (1898–1971) — советский писатель, журналист, Герой Социалистического Труда. 
"
380,"Текст Соболева Л. 
 (1)Это был волшебный мастер бритья и перманента, юный одесский Фигаро, по имени Лев, хотя все его звали Леонард. (2)Впервые я увидел его в самом начале Великой Отечественной войны на одном из морских береговых укреплений, куда по наряду горсовета он приезжал три раза в неделю – живой подарок краснофлотцам, весёлый праздник гигиены. 
 (3)В кустах возле орудия поставили зеркало и столик, все сгрудились вокруг, нетерпеливо дожидаясь очереди и заранее гладя подбородки. (4)Пощёлкивая ножницами, как кастаньетами, парикмахер Леонард пел, мурлыкал, острил, гибкие его пальцы играли блестящими инструментами.  
 (5)Дождавшись своей очереди, я сел на стул и невольно залюбовался в зеркале пальцами этого цирюльника. (6)Каждый палец его, бледный и изящный, жил, казалось, своей осмысленной, умной жизнью, подхватывая кольцо ножниц, зажимая гребёнку или выбивая трель на машинке, в весёлой шаловливости, в постоянном следовании за песенкой, сопровождавшей работу. 
 (7)Не удержавшись, я сказал: 
 − (8)С такими пальцами и слухом вам бы, пожалуй, на скрипке играть. 
 (9)Он посмотрел на меня в зеркало и хитро подмигнул. 
 − (10)Хорошая причёска − тоже небольшая соната. 
 (11)Мы разговорились. (12)Большие чёрные его глаза стали мечтательными. (13)Он рассказывал о своём профессоре, о скрипке, о том, что, когда кончится война, он будет играть и бросит перманент. 
 (14)Приведя в порядок всех желающих, он достал скрипку, которую неизменно привозил с собой, и краснофлотцы вновь обступили его. (15)Видимо, эти концерты после бритья стали здесь традицией. (16)Леонард играл, вторя невидимому оркестру и изредка напоминая о нём звучным голосом. (17)И казалось, что он видит себя на большой эстраде, среди волнующегося леса смычков и воинственной меди труб… 
 (18)Вторично я встретил Леонарда в госпитале. (19)Весёлый парикмахер лежал, закрытый до подбородка одеялом, и чёрные глаза его были грустны. (20)Когда я поздоровался с ним, он кивнул и попытался пошутить. (21)Шутка не вышла. (22)В коридоре я спросил врача, что с ним.  
 (23)Как оказалось, была тревога. (24)Все из парикмахерской кинулись в убежище, которое находилось под пятиэтажным домом. (25)Бомба упала на крышу, и дом, сложенный из хрупкого известняка, рухнул. (26)Убежище было завалено. (27)В нём была темнота и душный, набитый пылью воздух. (28)Никого не убило, но люди кинулись искать выход. (29)Закричали женщины, заплакали дети. 
 (30)И тогда раздался звучный голос Леонарда: 
 − (31)Тихо! (32)В чём дело? (33)Ну, маленькая тревога! (34)Больше же ничего не будет. (35)Тихо, я говорю! (36)Я у отдушины, не мешайте мне держать связь с внешним миром! 
 (37)В убежище притихли и успокоились. (38)Леонард заговорил в отдушину, и все слышали, как он подозвал кого-то, назвал адрес дома, вызвал помощь и пожарных. (39)Один у своей отдушины, не уступая никому этого командного пункта, он распоряжался, советовал, как лучше подобраться к нему. (40)Он спрашивал, как идут раскопки, и передавал это в темноту. 
 (41)Люди лежали спокойно и ждали. (42)Хотелось пить − Леонард сказал, что уже ведут к отдушине шланг. (43)Стало душно − Леонард обещал воздух, ибо со своего места уже слышал удары мотыг и лопат. (44)По его информации, прошло около шести часов. (45)На самом деле раскопки заняли больше суток, и помощь пришла совсем не со стороны отдушины, в которую он говорил. (46)Потому что никакой отдушины не было, как не было долгие часы ни пожарных, ни мотыг, ни лопат. (47)Всё это выдумал весёлый парикмахер Леонард, чтобы остановить панику, успокоить гибнущих людей и вселить в них надежду. 
 (48)Когда добрались до него, он лежал в глухом углу, и его некогда лёгкие руки были прижаты тяжёлым камнем. (49)Тонкие, воздушные пальцы были необратимо травмированы. (50)А вместе с ними – мечты о скрипке. 
 (по Л. С. Соболеву*) 
 * Леонид Сергеевич Соболев (1898–1971) — советский писатель, журналист, Герой Социалистического Труда. 
"
381,"Текст Соколова-Микитова И. 
 (1)После переезда в Кислово я почти не расставался с отцом. (2)Днём мы уходили в залитые солнечным светом поля, любовались зелёными рощами, в которых встречали нас весёлые голоса птиц. (3)Глазами отца я видел раскрывавшийся передо мною величественный мир родной русской природы. (4)Чудесными казались тропинки, широкий простор полей, высокая синева неба с застывшими белыми облаками. 
 (5)Мы ходили на реку, где я слушал журчание воды, протекавшей в заросших осокою берегах, треск кузнечиков и шелест листвы на деревьях. (6)Навсегда в моей памяти остались эти первые наши прогулки. (7)Особенно помню любимый Ровок, где в тени под дубами росли ландыши (эти лесные цветы, их тончайший аромат и теперь неизменно возвращают меня к первым радостным воспоминаниям о детстве), а в июньские жаркие дни я собирал в густой траве душистую землянику. (8)Счастливый, взволнованный новыми впечатлениями, я возвращался из этих прогулок. 
 (9)Особенно запомнил я зимние деревенские вечера, нашу семейную комнату в доме, скудно освещённую огоньком синей лампадки. (10)Нередко я засыпал на груди отца. (11)Вот я лежу подле него, всем детским тельцем чувствуя теплоту его большого, сильного тела. (12)Уступая моим настойчивым просьбам, сам увлекаясь своей выдумкой, он рассказывает мне сказку. 
 (13)Я не упомню всего, о чём рассказывал мне в долгие вечера отец. (14)Помню, что называлась наша любимая сказка «Плотик», что сказывалось в ней о приключениях двух смелых мальчиков Серёжи и Пети. (15)Связанные братской любовью, Серёжа и Петя построили из брёвен плотик и отправились на нём в далёкие, сказочные страны. (16)Уж не припомню теперь всех удивительных похождений Серёжи и Пети, всех чудесных встреч и приключений, но и теперь волнуют меня давние переживания, — отчетливо помню, как дрожал я, как впивался в каждое слово отца, придумывавшего новые и новые подвиги наших героев. 
 (17)Сказки отца, от которых, быть может, пошла моя страсть к путешествиям, распаляли воображение. (18)Чудесный плотик уносил меня в страны вымыслов и приключений. (19)3ажмурив глаза, я плыл в тридевятое царство, где нас ждали сказочные приключения, творились невиданные чудеса. (20)Сила вымысла мною владела. (21)Долго не засыпал я, поддавшись полёту фантазии. (22)Почти наяву слышал голоса, видел вымышленных героев. 
 
 — (25)Спать пора, Сивый, — с напускной строгостью сонным голосом отвечает, бывало, отец. — (26)Вчера я уже всё рассказал.(27) Спи! 
 — (28)Расскажи, пожалуйста. (29)Расскажи, как они повстречали медведя... 
 (30)И, уступая моей настойчивой просьбе, оживляясь по мере рассказа, в сотый раз начинает отец давно знакомую сказку. (31)Воодушевляясь вымыслом, отец сочиняет что придёт в голову, а я слушаю с замиранием сердца. (32)Вместе с Серёжей и Петей, с умной собакой Полканом отправляемся мы в воображаемое далёкое путешествие. (33)За тёмные леса, за синее море, за высокие горы несёт нас по речке Невестнице сказочный плотик. 
 (34)И неприметно мне, как гаснет в углу лампадка, как поднимается от бревенчатых стен что-то мохнатое и большое, ласково накрывает меня, шепчет в самое ухо: «Спи, Сивый, спи!» 
 (35) Не слышу, как отец вынимает из-под моей головы свою руку, укладывает рядом с собою. 
 (36) Не слышу, как он засыпает. (37)Мир ночных сновидений властвует надо мною. (38)В царство этих видений несёт меня сказочный плотик... 
 (39)Казалось, всё было светло, безоблачно, радостно в окружавшем меня мире, где в неведомые далёкие страны каждую ночь уносил меня наш сказочный плотик. (40)Светлы и почти безмятежны были дни. (41)Был молод, бодр, весел отец; тиха и нежна, ревнива своею любовью мать. (42)Нужда, непоправимые несчастья, болезни, утраты и самая смерть, казалось, щадили наш дом. (43)В раннем детстве я не знал и не видел тяжёлых обид, ожесточающих человеческие сердца. (44)Ласковые руки поддерживали меня и берегли. (45)И я благодарю судьбу, наградившую меня светлыми днями детства, — теми счастливыми днями, когда в нетронутых сердцах людей закладываются родники любви. 
 (По И.С. Соколову-Микитову*)  
 * Иван Сергеевич Соколов-Микитов (1892-1975) — русский советский писатель и журналист, специальный корреспондент. 
"
382,"Текст Соколовой Н. 
 (1) Выросла рябинка при дороге. 
 (2) Она выросла случайно, незаконно, пристроилась на обочине, у высокого дощатого забора. (3) Все тянулась к свету и вот поднялась, долговязая, как подросток, угловатая и милая, мотая на ветру кудрявой головой. 
 (4) Наступил август. (5) Тонкие ветки рябины согнулись под тяжестью пышных богатых гроздьев, ярко и празднично окрашенных. (6)Деревце запылало, как костер на юру. (7) Хороша была рябинка и в погожий день, когда гроздья смеялись навстречу солнцу, и после дождя, когда каждая ягода дрожала в капле воды и ветки застенчиво протягивали свои добрые длинные листья, склеенные, как пальцы после долгого рукопожатия. 
 (8) Шла мимо девочка. 
 (9) Увидела рябинку, поахала. 
 (10) - Возьму-ка я одну веточку. (11) Одна веточка - это ведь так мало, ничего с деревцем не случится. 
 (12) И она была по-своему права. 
 (13)  Ехал на машине усатый дядька. 
 (14) – Ух ты… (15) Прямо картинка… (16) Шикарно! 
 (17) Он остановил машину, вылез из-за руля. (18) Ветки рябины так и затрещали под его сильной рукой. 
 (19)  - Вот какая стоит богатая, небось не обеднеет, если я прихвачу для жинки две-три ветки. 
 (20) Что ж, он был тоже по-своему прав. 
 (21) Под вечер шли туристы. 
 (22) - Хорошая рябинка, правда, ломаная. (23) Ну, Зинка, чур, всем по одной! (24) Зря не брать, слышишь, Витька, только по одной! 
 (25) Мы народ организованный, должны подавать пример... 
 (26)  Шёл в сумерках влюблённый. 
 (27) - Эх, какое дерево искорёжили, смотреть больно. (28) Бездушные люди, не умеют беречь красоту! 
 (29) На рябинке горела одна-единственная яркая кисть, которую никто, видимо, не смог достать. (30) Влюблённый был высокого роста, он встал на цыпочки и сумел-таки дотянуться. 
 (31) Всё равно последняя кисть, она уже дереву не поможет... (32) А Люсенька обрадуется. 
 (33) На другой день приехал хозяйственник. 
 (34) - Что это еще за уродец? -строго спросил он, наткнувшись на рябинку. 
 (35) - Убрать. (36) Срубить. (37) А то весь вид портит. 
 (38) И он был по-своему прав. 
 (39) В этой истории все правы. (40) Виноватых нет. (41) Но и рябинки тоже нет. 
 (По Н.Соколовой.) 
"
383,"Текст Солженицына В. 
 (1)Яконов взбирался тропинкой через пустырь, не замечая — куда, не замечая подъёма. (2)И ноги устали, вывихиваясь от неровностей. (3)И тогда с высокого места, куда он забрёл, он уже разумными глазами огляделся, пытаясь понять, где он. (4)3емля под ногами в обломках кирпича, в щебне, в битом стекле, и какой-то покосившийся тесовый сарайчик или будка по соседству, и оставшийся внизу забор вокруг большой площади под неначатое строительство. (5)А в горке этой, подвергшейся странному запустению неподалёку от центра столицы, шли вверх белые ступени, числом около семи, потом прекращались и начинались, кажется, вновь. (6)Какое-то глухое воспоминание колыхнулось в Яконове при виде этих белых ступеней, а куда вели ступени, плохо различалось в темноте: здание странной формы, одновременно как бы разрушенное и уцелевшее. (7)Лестница поднималась к широким железным дверям, закрытым наглухо и по колено заваленным слежавшимся щебнем. (8)Да! (9)Да! (10)Разящее воспоминание подхлестнуло Яконова. (11)Он оглянулся.  
 (12)Промеченная рядами фонарей, далеко внизу вилась река, странно знакомой излучиной уходя под мост и дальше к Кремлю. (13) Но колокольня? (14)Её нет. (15)Или эти груды камня — от колокольни? (16)Яконову стало горячо в глазах. (17)Он зажмурился, тихо сел. (18)На каменные обломки, завалившие паперть. 
 (19)Двадцать два года назад на этом самом месте он стоял с девушкой, которую звали Агния. (20)Той самой осенью под вечер они шли переулками у Таганской площади, и Агния сказала своим тихим голосом, который трудно расслышивался в городском громыхании: 
 —(21)Хочешь, я покажу тебе одно из самых красивых мест в Москве? 
 (22)И подвела его к ограде маленькой кирпичной церкви, окрашенной в белую и красную краску и обращенной алтарём в кривой безымянный переулок. 
(23)Внутри ограды было тесно, шла только вокруг церквушки узкая дорожка для крестного хода. (24)И тут же рос, в углу ограды, старый большой дуб, он был выше церкви, его ветви, уже жёлтые, осеняли и купол, и переулок, отчего церковь казалась совсем крохотной. 
 — (25)Вот эта церковь,— сказала Агния. 
 — (26)Но не самое красивое место в Москве. 
 — (27)А подожди. 
 (28)Она провела его к паперти главного входа, вышла из тени в поток заката и села на низкий парапет, где обрывалась ограда и начинался просвет для ворот. 
 —(29)Так смотри! 
 (30)Антон ахнул. (31)Они вывалились из теснины города и вышли на крутую высоту с просторной открытой далью. (32) Река горела на солнце. (33)Слева лежало Замоскворечье, ослепляя жёлтым блеском стёкол, почти под ногами в Москву-реку вливалась Яуза, справа за ней высились резные контуры Кремля, а ещё дальше пламенели на солнце пять червонно-золотых куполов храма Христа Спасителя. (34)И во всём этом золотом сиянии Агния, в наброшенной жёлтой шали, тоже казавшаяся золотой, сидела, щурясь на солнце. 
 — (35)Да! (Зб)Это — Москва! — захваченно произнёс Антон. 
 — (37)Но она — уходит, Антон,— пропела Агния.— Москва — уходит!.. 
 — (38)Куда она там уходит? (39)Фантазия. 
 — (40)Эту церковь снесут, Антон,— твердила своё Агния. 
 —(41)Откуда ты знаешь? — рассердился Антон.— (42)Это художественный памятник, его как пить дать оставят. 
 (43)Он смотрел на крохотную колоколенку, в прорези которой к колоколам заглядывали ветки дуба. 
 —(44)Снесут! — уверенно пророчила Агния, сидя всё так же неподвижно, вжёлтом свете и в жёлтой шали. 
 (45)Яконов очнулся. (46)Да, ... разрушили шатровую колоколенку и разворотили лестницу, спускавшуюся к реке. 
 (47)Совершенно даже не верилось, что тот солнечный вечер и этот декабрьский рассвет происходили на одних и тех же квадратных метрах московской земли. (48)Но всё так же был далёк обзор с холма, и те же были извивы реки, повторённые последними фонарями... 
 (По А. Солженицыну*) 
 *Александр Исаевич Солженицын (1918-2008) — выдающийся русский писатель, публицист, историк, поэт и общественный деятель."
384,"Текст Соллогуба В. 
 (1)На дворе метель бушевала, с ожесточением рвала ставни и разыгрывалась во всё степное раздолье. (2)Наступила глухая полночь. (3)Все заснули, кроме офицера, который шёпотом разговаривал со своей соседкой. 
 - (4)Я виноват перед вами, - говорил офицер, - я сказал глупость. (5)Вы, кажется, на меня рассердились. 
 - (6)Нет, я не рассердилась. (7)Только я женщина несветская, я не привыкла   к   подобным   любезностям.   (8)Я   знаю,   вы   смеётесь   над уездными дамами, и Пушкин над ними смеялся... (9)И подлинно, есть много в них смешного, но, может быть, в то же время много и грустного. (10)Подумайте, - продолжала она, как будто говоря сама с собой, - что такое судьба женщины молодой, знающей только по книгам, что есть хорошего в жизни? (11)Муж её в отъезжем поле. (12)Он, может быть, человек хороший... (13)Да всё не то: скучно в деревне... и не то что скучно, а досадно, обидно как-то. (14)Все жалеют об узнике в темнице; никто не пожалеет о женщине, с детства приговорённой к вечной ссылке, к вечному заточению. (15) А вам весело в Петербурге? 
 - (16)Весело, - сказал, вздохнув, офицер, - да, мне там очень весело,   слишком   весело...   (17)Я   человек  светский.   (18)Только   что странно: я от излишества, вы от ... - мы оба дожили до одного, то есть до тяжкой скуки. (19)Вы жалуетесь, что в вашей одинокой ссылке вам негде развернуть души и сердца; мы же, вечно ищущие недосягаемого, мы чувствуем, что душа и сердце подавлены в нас. (20)Вы знаете холод одиночества, но вы, слава богу, не знаете еще холода общественной жизни. (21)Вы знаете, что любить надо, а мы знаем, что любить некого. (22)В вас кипят надежда и сила, нас давит бессилие и немощь. 
 - (23)Вы были влюблены? - спросила она едва внятно... 
 -(24)Ещё бы! (25)Да и как! (26)Да что в том толку... (27)В свете идти на любовь - значит идти на верный обман. (28)Любовь - душа вселенной; но этой душе куда как тесно в свете, и знаете ли почему? (29)Потому, что за ней выглядывает тщеславие. (30)Я тоже иногда думал, что меня любили, а вышло что же? (31)Любили не меня, а бального кавалера, светского франта, и я не знал, как совладать со своими соперниками. 
 - (32)Неужели? - сказала она невольно. - (33)Да кто ж они могли быть? 
 - (34)Да мало ли их... (35)Бальное платье, мелочная досада, глупая сплетня, завидное приглашение, маскарадный наряд и тьма подробностей, составляющих, так сказать, всю сущность светских женщин. 
 - (36)Так вы не верите в любовь? 
 - (37)Сохрани бог! (38)В любовь нельзя не верить; но я говорю только, что любить-то некого. (39)Для любви нужно столько условий, столько    счастливой    случайности,    столько    душевной    свежести    и неиспорченности. 
 (40)Он замолчал.  
 (По В. А. Соллогубу)  
 
"
385,"Текст Соловейчика С. 
  (1)Даже самые развитые люди, я заметил, глубоко убеждены в том, что жить духовной жизнью - значит ходить в театры, читать книги, спорить о смысле жизни. (2)Но вот в «Пророке»:  
 Духовной жаждою томим,  
 В пустыне мрачной я влачился... 
 (3)Чего же не хватало пушкинскому герою - споров, театров и выставок? (4)Что это значит - духовная жажда? 
 (5)Духовность не то, что культура поведения или образованность. (6)Огромное количество людей, не имея образования, обладает высочайшей силой духа. (7)Интеллигентность -  не образованность, а духовность. (8)Отчего самые тонкие ценители искусства бывают порой негодными людьми? (9)Да потому, что чтение книг, посещение театров и музеев не есть духовная жизнь. (10)Духовная жизнь человека - это его собственное стремление к высокому, и тогда книга или театр волнуют его, потому что отвечают его стремлениям. (11)В произведениях искусства духовный человек ищет собеседника, союзника - ему искусство нужно для поддержания собственного духа, для укрепления собственной веры в добро, правду, красоту. (12)Когда же дух человека низок, то в театре и кино он лишь развлекается, убивает время, даже если он является ценителем искусства. (13)Точно так же может быть бездуховным и само искусство - все признаки таланта налицо, но нет стремления к правде и добру и, значит, нет искусства, потому что искусство всегда духоподъёмно, в этом его назначение. 
 (14)Бывает и обратное: есть добрые, способные любить и надеяться люди, которые не знали в детстве и в юности высших духовных стремлений, не встречались с ними. (15)Такие люди не нарушают моральных законов, но бездуховность их  сразу видна. (16)Добрый и работящий человек, но не мучается его душа, не может, не хочет он выйти за круг бытовых забот. 
 (17)Чего жаждет человек, когда у него духовное томление? (18)Обычно желания делят на высокие и низкие, добрые и дурные. (19)Но разделим их по иному принципу: на конечные и бесконечные. (20)Конечные желания могут быть осуществлены к такому-то числу; это желания приобрести, получить, достичь, стать... (21)Но никогда не исполнятся полностью, не исчерпают себя желания бесконечные - назовём их стремлениями: «священный сердца жар, к высокому стремленье» (Пушкин). (22)Бесконечно стремление к добру, неутолима жажда правды, ненасытен голод по красоте...  
 (С. Соловейчик) 
 Информация о тексте 
"
386,"Текст Соловейчика С. 
 (1)Давно замечено, что в наше время мир чувства особенно отчётливо противопоставляется миру интеллекта. (2)Мы ориентированы на знание, науку, технику; достижения разума поражают разум. (3)Сильный ум открывает новые способы производства; а что может дать ему сильное чувство? (4)Что страсти? (5)Разумный человек понимает свои обязанности, и на него можно положиться. (6)А что делать чувству возле конвейера? (7)И как чувством управлять? 
 (8)Так возникает ложное представление о превосходстве разума над чувствами, об антагонизме между чувствами и разумом, о пользе ума и бесполезности чувства. (9)Будем помнить об этой опасности, размышляя о воспитании ума. (10)Даже для удобного изучения, даже временно, даже в виде допуска не должны мы разделять ум и чувство. (11)В «чистом виде» ум и чувство не существуют, не воспитываются и крайне опасны для человека и его окружения. (12)Вода — соединение кислорода и водорода, но не кислородом и водородом утоляем мы жажду, а всё-таки водой. 
  (13)Развитый ум, соединённый с высокой совестливостью, называется интеллигентностью. (14)Это слово появилось в России в середине XIX века, когда серьёзное образование от дворян перешло к разночинцам и снова обострилась вечная проблема «знание и нравственность». (15)Аристократы отличались, как было принято считать, благородством. (16)Но чем будут отличаться новые образованные люди? (17)В чём их благородство? (18)«В интеллигентности»,— был ответ. (19)В благородстве духа. (20)Так язык ответил на потребность общественного развития, и появилось новое слово, перешедшее во многие языки мира. (21)Интеллигентность то же, что и духовность, но в основе её вера в правду, порождённая разумом и образованием. (22)Интеллигент — человек, соединяющий в себе знания и нравственность. (23)На место дворянской родовой чести пришла честь интеллигента, которая состоит в уважении к разуму и правде. 
  (24)В наше время образование снова делает грандиозный скачок, оно становится всеобщим. (25)Следовательно, опять обостряется проблема знания и нравственности, ума и сердца. (26)Самыми опасными людьми становятся не тёмные, необразованные работники — их всё меньше и меньше, а именно образованные, но неинтеллигентные. (27)Выученные, но бессовестные. (28)Умеющие добиваться своих целей, но не умеющие отказываться от них, если для их достижения приходится прибегать к неправым средствам. (29)Интеллигентность, которая прежде была уделом относительно небольшой группы людей, интеллигенции, теперь должна быть непременным качеством каждого человека. 
   (30)Будем растить ребёнка так, чтобы в этом мире на одного интеллигента стало больше. 
 (По С. Соловейчику)  
 *Симон Львович Соловейчик (1930-1996) — советский и российский публицист и журналист, теоретик педагогики.  
 Информация о тексте 
 
"
387,"Текст Сологуба Ф.    
 (1)Вечером опять сошлись у Старкиных. (2)Говорили только о войне. (3)Кто-то пустил слух, что призыв новобранцев в этом году будет раньше обыкновенного, к восемнадцатому августу; и что отсрочки студентам будут отменены. (4)Поэтому Бубенчиков и Козовалов были угнетены, — если это верно, то им придется отбывать воинскую повинность не через два года, а нынче. 
 (5)Воевать молодым людям не хотелось: Бубенчиков слишком любил свою молодую и, казалось ему, ценную и прекрасную жизнь, а Козовалов не любил, чтобы что бы то ни было вокруг него становилось слишком серьезным. 
 
 (8)— А я во Францию, — говорил Бубенчиков, — и перейду во французское подданство. 
 
 (13)Из Орго призвали шестнадцать запасных. (14)Был призван и ухаживающий за Лизою эстонец, Пауль Сепп. (15)Когда Лиза узнала об этом, ей вдруг стало как-то неловко, почти стыдно того, что она посмеивалась над ним.(16) Ей вспомнились его ясные, детски-чистые глаза. (17)Она вдруг ясно представила себе далёкое поле битвы, — и он, большой, сильный, упадёт, сражённый вражескою пулею. (18)Бережная, жалостливая нежность к этому, уходящему, поднялась в её душе. (19)С боязливым удивлением она думала: «Он меня любит. (20)А я, — что же я? (21)Прыгала, как обезьянка, и смеялась. (22)Он пойдет сражаться. (23)Может быть, умрет. (24)И, когда будет ему тяжело, кого он вспомнит, кому шепнет: ""Прощай, милая""? (25)Вспомнит русскую барышню, чужую, далёкую». 
 (26)Призванных провожали торжественно. (27)Собралась вся деревня. (28)Говорили речи.  (29)Играл местный любительский оркестр. (30)И дачники почти все пришли. (31)Дачницы принарядились. 
 (32)Пауль шёл впереди и пел. (33)Глаза его блестели, лицо казалось солнечно-светлым, — он держал шляпу в руке, — и лёгкий ветерок развевал его светлые кудри. (34)Его обычная мешковатость исчезла, и он казался очень красивым. (35)Так выходили некогда в поход викинги и ушкуйники. (36)Он пел. (37)Эстонцы с одушевлением повторяли слова народного гимна. 
 (38)Дошли до леска за деревнею.(39)Дачницы стали возвращаться. (40)Призываемые начали рассаживаться в экипажи .   (41)Набегали тучки. (42)
Небо хмурилось.  (43)Серенькие вихри завивались и бежали по дороге, маня и дразня кого-то.  
 
 
 
 
 (60)И когда он опять посмотрел в её лицо, его ясные глаза были влажны. 
 
 (64)Бубенчиков передразнивал походку Пауля Сеппа.    (65)Анна Сергеевна нашла, что очень похоже и очень смешно, изасмеялась. (66)
Козовалов сардонически улыбался.  
 
 (68)Она и Пауль Сепп остановились у края дороги.  (69)У обоих были счастливые, сияющие лица.  
 (70)Вместе с Анною Сергеевною подошли Козовалов и Бубенчиков.  
 (71)Козовалов сказал на ухо Анне Сергеевне: – А нашему эстонцу очень к лицу воинственное воодушевление. (72)Смотрите, какой красавец, точно
рыцарь Парсифаль. 
 
 
 
 
 (по Ф.Сологубу) 
 Федор Сологуб - русский поэт, писатель, драматург, публицист. 
 Информация о тексте 
 
  Блок ссылок на примеры сочинений  
 Примеры сочинений 
 
"
388,"Текст Солоухина В. 
 (1) Посадить в землю зёрнышко и вырастить из него что-нибудь: ржаной колос, метёлку овса, стебель льна с голубыми цветочками – прекрасно уже само по себе. (2)Кроме того, это связано с постоянным ощущением погоды, с постоянным контактом с землёй, с природой. (3) Ожидание дождя и радость от того, что он пошёл, капель, заморозки, движение туч, оттенки вечерней зари, поведение животных и трав, роса на траве и дождевые пузыри на лужах – всё это не любование природой, а жизнь. 
 (4) В современном журнале читаем: (5) «Если человек длительное время находится в автомобиле или в самолёте, у него появляется сонливость, вялость, теряется аппетит, снижается работоспособность. (6) Почему это происходит? (7) Результаты опытов, проведённых над животными и людьми, позволяют сделать вывод о том, что на самочувствие и настроение оказывает влияние величина электрического поля. (8) В кабинах автомобилей и салонах самолётов напряжённость электрического поля заметно меньше, чем в окружающем пространстве. (9) Исследователи попробовали искусственно увеличить напряжённость электрического поля в клетке, где находились подопытные животные. (10) Специальный генератор создавал внутри клетки электрическое поле в 500-800 в/м, что соответствует нормальному уровню напряжения на земле. (11) После этого подвижность и жизненный тонус подопытных животных значительно возрастали. (12) Аналогичные результаты были получены и при проведении опытов над людьми». 
 (13) Проведение опытов над людьми вообще-то считается безнравственным. (14) Но что поделаешь, если люди добровольно засадили себя в разнообразные металлические клетки и отключили от земли, от её единых электрических и прочих сил. 
 (15) Синтетической одеждой и обувью, резиновыми колёсами и асфальтом, всевозможными пластиками человек всё больше изолирует себя от земного шара, искусственно отключаясь не только от общего земного электричества, но и от многих не изученных нами сил, излучаемых деревьями и травой, дождями и радугой, сосновой хвоей и плывущими облаками, дремлющим бором и утренней росой, речным туманом и молнией. (16) Да и просто мягкой и доброй почвой. 
 (17) Однако эта физическая изоляция покажется мелочью, если вспомнить о той чудовищной психологической, духовной изоляции, которая существует теперь между Человеком и Землёй. (18)Конечно, стараемся, тщимся, выращиваем на балконе цветочек или перышко лука, держим в квартире какое-нибудь растение, обзаводимся дачным клочком земли, летом, во время отпуска, в воскресенье выбираемся в лес, на речку (19)Но это не серьёзные отношения с землёй. (20)А это вроде как детская игра в дочки-матери вместо подлинной любви, подлинного рождения детей. 
 (21) И подумать только, что мой дед и даже мой отец ещё находились в прямом и непосредственном контакте с землёй, который человеку предназначен и необходим. 
 (По В. Солоухину) 
 Солоухин Владимир Алексеевич (1924 – 1997) – поэт, прозаик. Особое место в творчестве Солоухина занимают его художественно-публицистические книги «Письма из Русского музея» (1966) и «Чёрные доски» (1969). Тема русской природы, духовного богатства народа всегда занимала писателя, писал о необходимости их сохранения и защиты. 
 
"
389,"Текст Солоухина В. 
 (1)Мы говорим иногда о других людях: «Ограниченный человек». (2)Но что может значить это определение? (3)Каждый человек ограничен в своих знаниях или в своём представлении о мире. (4)Ограничено и человечество в целом. 
 (5)Вообразим горняка, который в угольном пласте разработал вокруг себя некоторое пространство, окружённое толщами непроницаемого чёрного камня. (6)Вот его ограниченность. (7)Каждый человек в незримом, но тем не менее непроглядном пласте мира и жизни разработал вокруг себя некоторое пространство знаний. (8)Он находится как бы в капсуле, окружённой безграничным, загадочным миром. (9)«Капсулы» разные по размерам, потому что один знает больше, а другой меньше. (10)Человек, прочитавший сто книг, самонадеянно говорит о том, кто прочитал двадцать книг: «Ограниченный человек». (11)Но что он скажет тому, кто прочитал тысячу? (12)И нет, я думаю, человека, который прочитал бы все книги. 
 (13)Несколько веков тому назад, когда информационная сторона человеческих знаний была не столь обширна, встречались учёные мужи, «капсула» которых приближалась к «капсуле» всего человечества и, может быть, даже совпадала с ней: Аристотель, Архимед, Леонардо да Винчи... (14)Теперь такого мудреца, который знал бы столько же, сколько знает человечество как таковое, найти нельзя. (15)Следовательно, про каждого можно сказать, что он ограниченный человек. (16)Но очень важно разделять знания и представления. (17)Чтобы пояснить свою мысль, возвращаюсь к нашему горняку в каменноугольном пласте. 
 (18)Допустим условно и теоретически, что некоторые из горняков родились там, под землей, и ни разу не вылезали наружу. (19)Не читали книг, не имеют никакой информации, никакого представления о внешнем, запредельном (находящемся за пределами их забоя) мире. (20)Вот он выработал вокруг себя довольно обширное пространство и обитает в нём, думая, что мир ограничен его забоем. (21)Под землёй же работает и другой, менее опытный горняк, у которого выработанное пространство меньше. (22)То есть он более ограничен своим забоем, но зато имеет представление о внешнем, наземном мире: он купался в Чёрном море, летал на самолёте, рвал цветы... (23)Спрашивается, кто же из них двоих более ограничен? 
 (24)То есть я хочу сказать, что можно встретить учёного человека с большими конкретными знаниями и вскоре убедиться, что он очень, в сущности, ограниченный человек. (25)И можно встретить человека, не вооружённого целым арсеналом точных знаний, но с широтой и ясностью представлений о внешнем мире.  
 (По В. Солоухину) 
"
390,"Текст Солоухина В. 
 (1) Как художник создаёт пейзажную картину, так и целый народ постепенно, невольно даже, быть может, штрих за штрихом на протяжении столетий создаёт ландшафт и пейзаж своей страны. 
 (2) Лицо старой, дореволюционной России определялось, например, в большой степени теми сотнями тысяч церквей и колоколен, которые были расставлены по всем её просторам на возвышенных преимущественно местах и которые определяли силуэт каждого города — от самого большого до самого маленького, а также сотнями монастырей, бесчисленным количеством ветряных и водяных мельниц. (3) Немалую долю в ландшафт и пейзаж страны привносили и десятки тысяч помещичьих усадеб с их парками, системами прудов. (4) Но, конечно, в первую очередь, и небольшие деревеньки и сёла с вётлами, колодцами, сараями, баньками, тропинками, садами, огородами, залогами, пряслами, резными наличниками, коньками, крылечками, ярмарками, сарафанами, хороводами, покосами, пастушьими рожками, серпами, цепами, соломенными крышами, маленькими единоличными полями, лошадками на пахоте… (5) Изменилось лицо страны, когда все эти факторы, определяющие пейзаж, исчезли. 
 (6) Точно так же, как художник-пейзажист вкладывает в своё творение частицу души и творит пейзаж, в сущности говоря, по своему образу и подобию, так и в ландшафт любой страны оказывается вложенной душа народа и то представление о красоте, которое в душе того или иного народа живёт. 
 (7) Это плохо, если душа спит, если она отвлечена, заглушена побочными обстоятельствами, интересами, шумами, корыстью или иными соображениями, если она мертва или, скажем точнее, находится в летаргии. (8) Тогда одухотворённость уходит и из пейзажа. (9) Ландшафт остаётся ландшафтом, но он как бы пустеет, остаётся форма при отсутствии содержания, веет холодом, отчуждённостью, равнодушием и вот именно пустотой. (10) Становится безразличным для отдельного человека и целого народа: а как это будет выглядеть? (11) Как будет выглядеть дом, деревня, река, долина, холмы, страна в целом? (12) Каково будет лицо страны? 
 (13) Есть ведомства по разработке и добыче полезных ископаемых, по строительству дорог, по земледелию, по электрификации, по лёгкой, тяжёлой и автомобильной промышленности, но нет ведомства по внешнему виду страны (земли), по её опрятности, прибранности, одухотворённости... (14) Думаем о прочности сооружений, о характере и объёме земляных работ, о количестве древесины, о центнерах и тоннах, о кубометрах и квадратных метрах, но не думает о том, а как это будет выглядеть? (15) Как это будет выглядеть не только само по себе, но в сочетании с окружающим, с местностью, в согласовании с традициями и с протекцией в будущее. 
 (16) Ландшафт во всей его сложности и совокупности — это не просто лицо земли, лицо страны, но и лицо данного общества. (17) Замусоренный лес, разъезженные дороги с увязнувшими машинами, обмелевшие реки, исполосованные гусеницами тракторов зелёные луговины, полузаброшенные деревни, сельскохозяйственные машины, ржавеющие под открытым небом, стандартные дома, поля, заражённые сорняками, говорят о жителях той или иной деревни, того или иного района ничуть не меньше, чем неприглядная и запущенная квартира о её жильцах. 
 (В. Солоухин*) 
 * Владимир Алексеевич Солоухин (1924—1997), поэт, прозаик. Размышляя о современном человеке, В. Солоухин освещал проблемы его взаимодействия с землёй, природой, культурой, наследием прошлого. 
"
391,"Текст Солоухина В. 
  (1)Москва поглощает огромное количество цветов, и цены на них всегда высокие. 
 (2)Но отчего же москвичи платят так дорого за один цветок? (3)Отчего вообще люди платят за цветы деньги? (4)Наверное, оттого, что существует потребность в красоте. (5)Если же вспомнить цены, то придётся сделать вывод, что у людей теперь голод на красоту и голод на общение с живой природой, приобщение к ней, связь с ней, хотя бы мимолётную. 
 (6)Тем более что в цветах мы имеем дело не с какой-нибудь псевдокрасотой, а с идеалом и образцом. (7)Тут не может быть никакого обмана, никакого риска. (8)Хрустальная ваза, фарфоровая чашка, бронзовый подсвечник, акварель, кружево, ювелирное изделие... (9)Тут всё зависит от мастерства и от вкуса. (10)Вещь может быть дорогой, но некрасивой, безвкусной. (11)Надо и самому, покупая, обладать если не отточенным вкусом и чувством подлинного, то хотя бы пониманием, чтобы не купить вместо вещи, исполненной благородства, вещь аляповатую, помпезную, пошлую, лишь с претензией на благородство и подлинность. 
 (12)Но природа жульничать не умеет. (13)Согласимся, что цветочек кислицы не тюльпан. (14)С одним тюльпаном можно прийти в дом, а с одним цветочком кислицы — скудновато. (15)Но это лишь наша человеческая условность. (16)Приглядимся к нему, к цветочку величиной с ноготок мизинца, и мы увидим, что он такое же совершенство, как и огромная по сравнению с ним, тяжёлая чаша тюльпана, а может быть, даже изящнее её... (17)Что касается подлинности, то вопроса не существует. 
 (18)Но, конечно, лучше, когда красоту не надо разглядывать, напрягая зрение. (19)Мимо цветочков кислицы можно пройти, не заметив их, а мимо тюльпана не пройдёшь. (20)Недаром, как известно, он был одно время предметом страстного увлечения человечества. 
 (21)Однако и кроме возведения время от времени в культ какого-нибудь одного цветка, цветы имеют над людьми незаметную, но постоянную власть. (22)Потребность в них была велика во все времена. (23)Более того, по отношению общества к цветам можно было во все времена судить о самом обществе и о его здоровье либо болезни, о его тонусе и характере. (24)Государство в расцвете и силе — во всём мера. (25)Цветы в большой цене, однако без каких-либо патологических отклонений. (26)С разложением государственной крепости отношение к цветам принимает черты излишества и болезненности. (27)Разве это не своеобразный барометр? 
 (28)У нас так же, как и везде в цивилизованном мире, цветами встречают новорождённого и провожают покойника, приветствуют именинника и благодарят артиста. (29)Но вот как могут цветы сочетаться с этими немытыми лестничными стёклами, с этими тёмными побитыми стенами? (30)И с этим запахом в подъезде, и с этим лифтом, исцарапанным внутри острым гвоздём?.. 
 (По В. Солоухину*) 
 * Владимир Алексеевич Солоухин (1924-1997) —поэт, прозаик, публицист.  
"
392,"Текст Солоухина В. 
 (1)Кто-то из русских писателей в начале века сказал: «Произошло два события одинаковой важности: люди научились летать и люди разучились удивляться этому». 
 (2)Не знаю, от чего больше зависит горестная утрата способности удивляться - от роста культуры, от глубины знаний, от цивилизованности или от какого-то всеобщего отупения чувств, от обжорства этим самым техническим прогрессом. 
 (3)Нет, я тоже перестал удивляться лунному грунту, зондированию Венеры, чудовищным скоростям на Земле. (4)Но парашютику одуванчика я всё ещё удивляюсь. (5)Я и пишу-то это, может быть, только для того, чтобы вы оторвали на минуту свой утомлённый взгляд от беспрерывного, бесконечного мелькания (телевизор, кино, автомобили, поезда, самолёты, прохожие, огни реклам, лица продавщиц, двери троллейбусов, эскалаторы, телефонные диски - весь мелькающий мир, когда он мчится и завихряется вокруг вас или когда вы мчитесь сквозь него со скоростью автомобиля, поезда, самолёта) и остановили бы его, свой утомлённый взгляд, на огромной неподвижной капле влаги, скопившейся в сборчатом и ворсистом листе манжетки. (6)Или на парашюте одуванчика. 
 (7)Вы подняли пушистый цветок над головой (кто же это сказал красиво и точно: «Одуванчик из солнца уже превратился в луну?») и дунули на него. (8)Пушинки бойко и дружно взмывают вверх, потом, относимые ветерком, начинают наискось падать, опускаться на землю. (9)Пока вы следите за ними, пока они летят, сначала беленькие и чёткие на фоне синего неба, а потом переплывут на фон зелёной травы, что-то успеет дрогнуть, оттаять в вас. (10)Проклюнется из мёртвого холода слабый первый толчок душевного пульса, и вы поймёте, что душа в вас жива, но только она заморожена.  
 (В. Солоухин*) 
  * Владимир Алексеевич Солоухин (1924—1997), поэт, прозаик. Размышляя о современном человеке, В. Солоухин освещал проблемы его взаимодействия с землёй, природой, культурой, наследием прошлого."
393,"Текст Солоухина В. 
  (1)Лежать на траве. (2)Опуститься, опрокинуться навзничь, раскинуть руки... 
 (3)Нет другого способа так же плотно утонуть и раствориться в синем небе, чем когда лежишь на траве. (4)Улетаешь и тонешь сразу, в тот самый миг, как только опрокинешься и откроешь глаза. (5)Так тонет свинцовая гирька, если её положить на поверхность моря. (6)Так тонет напряжённый воздушный шарик (ну, скажем, метеорологический зонд), выпущенный из рук. (7)Но разве есть у них та же стремительность, та же легкость, та же скорость, что у человеческого взгляда, когда он тонет в беспредельной синеве летнего неба?! (8)Для этого надо лечь на траву и открыть глаза. 
 (9)Ещё минуту тому назад я шёл по косогору и был причастен разным земным предметам. (10)Я, конечно, в том числе видел и небо, как можно видеть его из домашнего окна, из окна электрички, сквозь ветровое стекло автомобиля, над крышами московских домов, в лесу, в просветах между деревьями и когда просто идёшь по луговой тропе, по краю оврага, по косогору. (11)Но это ещё не значит — видеть небо. (12)Тут вместе с небом видишь и ещё что-нибудь земное, ближайшее, какую-нибудь подробность. (13)Каждая земная подробность оставляет на себе частицу твоего внимания, твоего сознания, твоей души. (14)Вот тропа огибает большой валун. (15)Вот птица вспорхнула из можжевелового куста. (16)Вот цветок сгибается под тяжестью труженика-шмеля. 
 (17)Ты идёшь, а окрестный мир снабжает тебя информацией. (18)Это ... информация. (19)Она не похожа на радиоприёмник, который ты не волен выключить. (20)Или на газету, которую утром ты не можешь не пробежать глазами. (21)Или на телевизор, от которого ты не отрываешься в силу охватившей тебя под влиянием всё той же информации апатии. (22)Или на вывески, рекламы и лозунги, которыми испещрены городские улицы. 
 (23)Это иная, очень тактичная, я бы даже сказал — ласковая информация. (24)От неё не учащается сердцебиение, не истощаются нервы, не грозит бессонница. (25)Но всё же внимание твоё рассеивается лучами от одной точки ко многим точкам. (26)Один лучик — к ромашке (не погадать ли — и тут далеко уводящая цепочка ассоциаций), второй лучик — к берёзе («чета белеющих берез»), третий лучик — к лесной опушке («когда в листве сырой и ржавой рябины заалеет гроздь»), четвёртый — к летящей птице («Сердце — летящая птица, в сердце — щемящая лень»). (27)И пошла лучиться, дробиться душа, не скудея, не истощаясь от такого дробления, но всё же и не сосредоточиваясь от многих точек к одной, как это бывает в минуты творчества, в минуты, вероятно, молитвы, да ещё вот когда останешься один на один с бездонным небом. (28)Но для этого надо опрокинуться в летнюю траву и раскинуть руки. 
 (29) ...И так лежать на траве. (30)Но почему именно на траве? (31)Что же, если не нравится, ложитесь на пыльную дорогу, на кирпичи, на обрезки железа, на кучу минерального удобрения, на сучковые доски. (32)Можно, конечно, расстелить на земле плащ. 
 (33)Но я бы советовал — на траве. (34)Эти минуты сделаются, может быть, лучшими, памятными минутами вашей жизни. 
 (По В.Солоухину*) 
 *Владимир Алексеевич Солоухин (1924-1997) — поэт, прозаик, публицист. 
"
394,"Текст Солоухина В. 
 (1) Тогда я жил ещё в родном городе К. (2) Небольшой, но старинный, как вы, наверное, знаете, русский городок. 
 (3) Литературный институт я уже окончил, стихи то там, то сям публиковались, и, конечно, в таком городке, как К., меня, единственного стихотворца, все знали. (4) Во всяком случае, хорошо знали в городской библиотеке. (5) Можно сказать, что с главной нашей библиотекаршей Валентиной Филипповной мы были друзьями. (6) Она даже у нас в гостях бывала, если, скажем, день рождения у моей жены или праздник какой-нибудь. 
 (7) И вот однажды Валентина Филипповна присылает мне записочку и просит прийти в библиотеку. (8) Я пошёл. (9) Мы с женой в это утро повздорили в нашей житейской коммунальной тесноте, и настроение у меня было паршивое. (10) Словно глаза бы закрыл и убежал бы куда-нибудь подальше. (11) И в самом деле, когда тесно, да ещё ребенок, и невозможно уединиться, чтобы писать... 
 (12) Пришёл я в библиотеку, а Валентина Филипповна меня с ходу и ошарашила. 
  (13) Дело в том, что у них в подвалах бывшего купеческого дома, в котором размещалась теперь городская библиотека, сложенными в штабеля лежали старые книги. (14) Откуда взялись? (15) Очень просто. (16) Когда конфисковались дворянские усадьбы в уезде и такие вот купеческие дома, то, естественно, в каждом доме находили библиотеку. (17) Книги свезли в подвал одного дома, в котором тогда уже решили устроить городскую народную библиотеку. (18) Какая-то часть из свезённых и сваленных книг была разобрана, систематизирована и составила основу библиотеки, а большая часть так с тех пор и лежала в подвале. (19) Они занимали даже проходы и служебные комнаты - ужасно мешали. 
  (20) Валентина Филипповна много раз обращалась к своему городскому начальству: что делать с этими книгами? (21) Надоела, должно быть. (22) И вот наконец получила распоряжение: все старые книги, заполняющие подвал, проходы и служебные помещения, сдать в макулатуру. 
 (23) Решение оказалось неожиданным для Валентины Филипповны: она ведь была хорошим библиотекарем и любила книги. (24) Тогда-то она и послала за мной, единственным в городке литератором-профессионалом. (25) Она объяснила мне, в чём дело, и предложила подогнать грузовик и всё, что захочу и выберу, увезти к себе. (26) Какая разница, сколько будет сдано макулатуры: две тонны, тонна с четвертью или семьсот килограммов? 
 (27) А ведь там были первоиздания Радищева и Державина, Баратынского и Батюшкова, первые книги на французском языке Дюма и Бальзака, там были Библии с иллюстрациями Доре... 
 -(28) Так у тебя же теперь, наверное, одна из лучших библиотек в Москве! (29) Ты же  - миллионер! 
 - (30) Исстари ведётся - дуракам клад даётся. 
 - (31) Ты что же, эти книги тогда не взял? 
 - (32) В том-то и дело, что не взял! 
 - (33) Но почему?! 
 - (34) Да говорю же... с женой поругались... теснота... настроение паршивое... а тут надо грузовик нанимать, возиться. 
 - (35) Значит, попросту говоря, были-с не в настроении-с? 
 - (36) Да, и говорю Валентине Филипповне, мол, делайте что хотите с этими раритетами. 
 - (37) А она что же? 
 - (38) Поглядела на меня как на чокнутого, а потом сразу же, видимо, осердилась, оскорбилась... 
 (По В. Солоухину*) 
 * Владимир Алексеевич Солоухин (1924 - 1997)  - русский писатель и поэт, публицист. 
"
395,"Текст Солоухина В. 
 (1)Однажды вместо занятий нам выпала удача копать картошку на школьном участке. (2)Главное развлечение наше было таким: на гибкий прут мы насаживали тяжёлый шарик, слепленный из земли, и, размахнувшись прутом, бросали этот шарик — кто дальше. 
 (3)Я наклонился, чтобы слепить такой шарик, и вдруг почувствовал сильный удар между лопаток. (4)Мгновенно распрямившись и огля¬нувшись, я увидел, что от меня убегает Витька Агафонов с толстым прутом в руке. 
 (5)Многочисленные лучистые солнышки заструились у меня в глазах, а нижняя губа предательски задёргалась. (6)Я никогда не плакал от физической боли, зато легко на мои глаза наворачивались слёзы от самой маленькой обиды. 
 (7)Ну за что он меня ударил? (8)Главное, тайком, подкрался сзади. (9)В горле у меня стоял горький комок, на душе было черно от обиды и злости, а в голове зародилась мысль отомстить Витьке, да так, чтобы в другой раз неповадно было. 
 (10)Вскоре созрел план мести. (11)Через несколько дней, когда всё забудется, я как ни в чём не бывало позову Витьку в лес жечь теплинку. (12)А там, в лесу, и набью морду. (13)Просто и хорошо. 
 (14)В урочный день и час, на большой перемене, я подошёл к Витьке. (15)Витька посмотрел на меня подозрительно. 
 —	(16)Да уж... (17)Я знаю, ты драться начнёшь. (18)Отплачивать. 
 —	(19)Что ты, я забыл давно! (20)Просто пожжём теплинку. 
 (21)Между тем положение моё осложнилось. (22)Одно дело — нечаянно заманить в лес и там стукнуть по уху: небось знает кошка, чьё мясо съела, а другое дело — весь этот разговор. (23)Если бы Витька отнекивался, отказывался, а потом нехотя пошёл, было бы куда всё проще. (24)А он после моих слов улыбнулся от уха до уха и радостно согласился. 
 (25)Пока шли до горы, я всю дорогу старался вспомнить, как он ни за что ни про что ударил меня, и как мне было больно, и как мне было обидно. (26)Я так всё точно и живо вообразил, что спина опять заболела, и в горле опять остановился горький комок. (27)3начит, я накалился и готов к отмщению. 
 —	(28)Смотри, смотри! — закричал Витька уже на горе, показывая  на круглую норку.   —  (29)Шмель оттуда  вылетел,  я сам  видел. (30)Давай раскопаем? (31)Может, там мёду полно. 
 (32)«Ну ладно, эту норку мы раскопаем, — решил я, — потом уж я с тобой разделаюсь!» 
 (33)На опушке леса в траве мы наткнулись на рыжики. (34)Опять наткнулся Витька, недаром у него глазищи по чайному блюдечку. 
 —	(35)Айда за солью! — предложил Витька. — (36)Далеко ли овраг перебежать. (37)Хорошо бы заодно по яичку у матери стащить. 
 (38)«Айда за солью! — думал я, лелея по-прежнему свой злодейский замысел. — (39)Только не думай, что всё так и кончится. (40)Когда сбегаем за солью, я тебя обязательно прищучу в лесу!» 
 (41)Мы принесли соль и два куриных яйца. 
 —(42)Теперь давай ямку копать. 
 (43)В ямку мы положили яйца, засыпали их землей и на этом месте стали разводить теплинку. (44)Ну что же, вот и теплинка прого¬рела, сейчас пойдём домой, и тут я буду должен... (45)Что бы ещё такое придумать, так не хочется идти домой... 
 —	(46)Бежим на речку, — говорю я Витьке. — (47)Помоемся там, а то вон как перемазались. (48)Водички попьём холодненькой. 
 (49)Ну вот, и попили, и умылись. (50)Делать больше нечего, надо идти домой. (51)Под ложечкой у меня начинает ныть и сосать. (52)Витька доверчиво идёт вперёд. (53)Его уши торчат в разные сторо¬ны: что стоит развернуться и стукнуть! 
 (54)Что стоит? (55)А вот попробуй, и окажется, что это очень непросто — ударить человека, который доверчиво идёт впереди тебя. 
 (56)Да и злости я уже не слышу в себе. (57)Так хорошо на душе после этой теплинки, после этой речки! (58)Да и Витька, в сущности, неплохой мальчишка: — вечно он что-нибудь интересное придумает. 
 (59)Ладно! (60)Если он ещё раз стукнет меня между лопаток, тогда-то уж я ему не спущу! (61)А теперь — ладно. 
 (62)Мне делается легко от принятого решения не бить Витьку. (63)И мы заходим в село как лучшие друзья.     
 (По В. Солоухину) 
 Солоухин  Владимир Алексеевич (1924-1997) — русский писатель и поэт, видный представитель «деревенской прозы». В наследии писателя особое место занимает автобиографическая проза, в которой автор осмысляет историю России XX века. 
"
396,"Текст Солоухина В. 
 (1)Шла война, на которую мы, шестнадцатилетние мальчишки, пока ещё не попали. (2)Время было голодное. (3)По студенческим карточкам нам давали всего по четыреста граммов хлеба. 
 (4)А между тем даже сливочное масло, окорок, яйца, сметана существовали в нашей комнате в общежитии — в тумбочке Мишки Елисеева, отец которого работал на складе и каждое воскресенье приходил к сыну и приносил свежую обильную еду. 
 (5)На Мишкиной тумбочке висел замок. (6)Мы даже не подходили к ней: неприкосновенность чужого замка вырабатывалась у человека веками и была священна во все времена, исключая социальные катаклизмы — стихийные бунты или закономерные революции. 
 (7)Как-то зимой у нас получилось два выходных дня, и я решил, что пойду к себе в деревню и принесу каравай чёрного хлеба. (8)Ребята меня отговаривали: далеко — сорок пять километров, на улице стужа и возможна метель. (9)Но я поставил себе задачу принести ребятам хлеб. 
 (10)Утром, несмотря на разыгравшуюся метель, я добрался до родительского дома. (11)Переночевав и положив драгоценный каравай в заплечный мешок, я отправился обратно к своим друзьям в студёном, голодном общежитии. 
 (12)Должно быть, я простудился, и теперь начиналась болезнь. (13)Меня охватила невероятная слабость, и, пройдя по стуже двадцать пять километров, я поднял руку проходящему грузовику. 
 —(14)Спирт, табак, сало есть? — грозно спросил шофёр. — (15)Э, да что с тобой разговаривать! 
 —(16)Дяденька, не уезжайте! (17)У меня хлеб есть. 
 (18)Я достал из мешка большой, тяжёлый каравай в надежде, что шофёр отрежет часть и за это довезёт до Владимира. (19)Но весь каравай исчез в кабине грузовика. (20)Видимо, болезнь крепко захватила меня, если даже само исчезновение каравая, ради которого я перенёс такие муки, было мне уже безразлично. 
 (21)Придя в общежитие, я разделся, залез в ледяное нутро постели и попросил друзей, чтобы они принесли кипятку. 
 —(22)А кипяток-то с чем?..  (23)Ты из дома-то неужели совсем ничего не принёс? 
 (24)Я рассказал им, как было дело. 
 —(25)А не был ли похож тот шофёр на нашего Мишку Елисеева? — спросил Володька Пономарёв. 
 —(26)Был, — удивился я, вспоминая круглую красную харю шофёра с маленькими серыми глазками. — (27)А ты как узнал? 
 —(28)Да все хапуги и жадюги должны же быть похожи друг на друга! 
 (29)Тут в комнате появился Мишка, и ребята, не выдержав, впервые обратились к нему с просьбой. 
 —(30)Видишь, захворал человек. (31)Дал бы ему хоть чего-нибудь поесть. 
 (32)Никто не ждал, что Мишку взорвёт таким образом: он вдруг начал орать, наступая то на одного, то на другого. 
 —(33)Ишь, какие ловкие — в чужую суму-то глядеть! (34)Нет у меня ничего в тумбочке, можете проверить. (35)Разрешается. 
 (36)При этом он успел метнуть хитрый взгляд на свой тяжёлый замок. 
 (37)Навалившаяся болезнь, страшная усталость, сердоболие, вложенное матерью в единственный каравай хлеба, бесцеремонность, с которой у меня забрали этот каравай, огорчение, что не принес его, забота ребят, бесстыдная Мишкина ложь — всё это вдруг начало медленно клубиться во мне, как клубится, делаясь всё темнее и страшнее, июльская грозовая туча. (38)Клубы росли, расширялись, застилали глаза и вдруг ударили снизу в мозг тёмной волной. 
 (39)Говорили мне потом, что я спокойно взял клюшку, которой мы крушили списанные тумбочки, чтобы сжечь их в печке и согреться, и двинулся к тумбочке с замком. (40)Я поднял клюшку и раз, и два, и вот уже обнажилось сокровенное нутро «амбара»: покатилась стеклянная банка со сливочным маслом, кусочками рассыпался белый-белый сахар, сверточки побольше и поменьше полетели в разные стороны, на дне под свертками показался хлеб. 
 —(41)Всё это съесть, а тумбочку сжечь в печке, — будто бы распорядился я, прежде чем лёг в постель. (42)Самому мне есть не хотелось, даже подташнивало. (43)Скоро я впал в забытьё, потому что болезнь вошла в полную силу. 
 (44)Мишка никому не пожаловался, но жить в нашей комнате больше не стал. (45)Его замок долго валялся около печки, как ненужный и бесполезный предмет. (46)Потом его унёс комендант общежития. 
 (По В. Солоухину*) 
 *Солоухин  Владимир Алексеевич (1924—1997) — русский писатель и поэт, видный представитель «деревенской прозы». В наследии писателя особое место занимает автобиографическая проза, в которой автор осмысляет историю России XX века. 
"
397,"Текст Солоухина В. 
 (1)Существует  точное  человеческое  наблюдение: воздух мы замечаем тогда, когда  его начинает  не хватать. (2)Чтобы сделать это  выражение совсем  точным,  надо  бы  вместо  слова «замечать»  употребить  слово  «дорожить». (3)По обыденности, по нашей незамечаемости нет, пожалуй, у воздуха ничего на земле  ближе,  чем  трава. (4)Мы  привыкли, что  мир – зеленый. (5)Ходим,  мнем, затаптываем  в  грязь,  сдираем  гусеницами  и колесами,   срезаем   лопатами,  соскабливаем   ножами  бульдозеров,  наглухо  захлопываем   бетонными   плитами,  заливаем  горячим асфальтом,  заваливаем  железным,  цементным,   пластмассовым, кирпичным,   бумажным,   тряпичным   хламом.  (6)Льём   на   траву  бензин,   мазут,  керосин,  кислоты   и  щелочи. (7)Высыпать  машину заводского   шлака  и  накрыть   и  отгородить  от  солнца  траву? (8)Подумаешь! (9)Сколько  там  травы? (10)Десять  квадратных  метров. (11)Не человека же засыпаем, траву. (12)Вырастет в другом месте.  
 (13)Неужели   такому  высшему,  по   сравнению  с  травами,   существу,  как  человек, думать  и  заботиться  о  таком ничтожестве, как травинка? (14)Трава? (15)Трава она и есть трава. (16)Ее много. (17)Она везде. (18)В лесу,  в  поле,  в   степи,  на  горах,  даже  в  пустыне... (19)Разве   что  вот   в пустыне  ее поменьше.  
 (20)Не  помню   где,  в  воспоминаниях  какого-то  революционера,  я  вычитал  трогательную  историю  о  травинке. (21)Арестанту, 
заключенному в одиночке,  принесли  из большого  мира стопу книг.  (22)Он  стал  книги  читать  и  вдруг  увидел,  что   к  книжной  странице  
прилипло   крохотное,  право  же,   меньше   булавочной  головки,  семечко. (23)Арестант аккуратно это  семечко отделил  и положил  на лист бумаги. 
(24)Непонятное волнение охватило его.  (25)Он понял, что перед  ним  на листе бумаги  лежит величайшее чудо из всех возможных чудес и что  всё 
это  поистине   величайшее  чудо (и   в   этом  ещё   дополнительное  чудо) помещается  в  крохотной,  едва различимой соринке.  
 (26)Тюремный  ли режим тех времен допускал подобные  сантименты, по  сговору  ли  со   сторожем,   но   у  арестанта  появилась  банка  с  землей. (27)Дрожащими  руками  человек  опустил  семечко  в  землю,  и  оно  тотчас потерялось  в  ней. (28)Из   книжки,  прочитанной  мною  давным-давно  и наполовину   забытой,  явствовало  лишь,  что  семечко,   найденное  прилипшим   к  странице,  в  конце  концов,  проросло  и  что  это  очень обрадовало человека.  
 (29)Первым  делом   из  земли  показалось  нечто  нежно-зеленое  и  собранное   в    комочек,   в   щепотку   и   покрытое   прилизанными  
серебристыми  ворсинками,    отчего   и    выглядело    вовсе    не   столько  зеленым,  сколько серебристым.  
 (30)Серебристый  росток  подрос  еще   и  развернулся   вдруг  в  два самостоятельных отдельных листа. (31)Листья при этом  получились  не  
простые,  а  строенные,  разрезанные.  (32)Эти  светоуловители сразу же  начали  действовать. (33)Настал   день,   когда  шишчатые   бутончики   не 
выдержали  внутреннего  напора,  лопнули,  и  два  ослепительно-белых цветка, как два маленьких солнышка, озарили сырую тюремную камеру. (34)Кустик    был   красив,   а   вернее   сказать  –   прекрасен. (35) Арестант,  в  своих  изданных  впоследствии  воспоминаниях, 
утверждал,   что  у  него   в жизни  ни  до  тюрьмы,  ни  в  тюрьме,  ни  после  тюрьмы не было  радости  более  полной  и  острой,  нежели  та,  которую подарила  ему земляника, выросшая в разбитой плошке.  
 (36)Глоток  воздуха,  когда  человек  задыхается. (37)Зеленая  живая травинка,  когда  человек   совсем  отрезан  от  природы. (38)А  вообще-то – 
трава.  (39)Скобли  ее  ножами  бульдозеров,  заваливай  мусором,  заливай горячим   асфальтом,  глуши   бетоном,  обливай  нефтью,  топчи,  губи, 
презирай...  
 (40)А  между тем ласкать глаз человека, вливать тихую  радость  в его душу, смягчать  его  нрав, приносить успокоение и  отдых –  вот одно из 
побочных назначений всякого растения, и в особенности травы и цветка.  
 (В. Солоухин*) 
 *Владимир Алексеевич Солоухин  - (1924-1997 гг.) — русский советский поэт и писатель, публицист. 
 Информация о тексте 
 
"
398,"Текст Солоухина В. 
 (1)Есть на нашей реке такие глухие и укромные места, что, когда продерёшься через спутанные лесные заросли, заполненные к тому же крапивой, и присядешь около самой воды, почувствуешь себя как бы в отгороженном от остального земного пространства мире. 
 (2)У черёмух выросли до своей величины будущие ягоды. (3)Теперь они гладкие, жёсткие, всё равно как вырезаны из зелёной кости и отполированы. (4)Листья ракиты повёрнуты то своей ярко-зелёной, то обратной, матовой, серебряной стороной, отчего всё дерево, вся его крона, всё, так сказать, пятно в общей картине кажется светлым. (5)У кромки воды растут, наклонясь в сторону, травы. (6)Кажется даже, что дальше травы привстают на цыпочки, тянутся изо всех сил, чтобы обязательно, хотя бы из-за плеч, поглядеть в воду. (7)Тут и крапива, тут и высоченные зонтичные, названия которым здесь у нас никто не знает. 
 (8)Но больше всех украшает наш замкнутый земной мирок некое высокое растение с пышными белыми цветами. (9)То есть каждый цветок в отдельности очень мал и был бы вовсе незаметен, но собрались цветы на стебле в бесчисленном множестве и образуют пышную, белую, слегка желтоватую шапку растения. (10)А так как его стебли никогда не растут поодиночке, то пышные шапки сливаются, и вот уже как бы белое облако дремлет среди неподвижной лесной травы. (11)Ещё и потому невозможно не залюбоваться этим растением, что едва лишь пригреет солнце, как от белого цветочного облака поплывут во все стороны незримые клубы, незримые облака крепкого медвяного аромата. 
 (12)Глядя на белые пышные облака цветов, я часто думал о нелепости положения. (13)Я вырос на этой реке, чему-то меня учили в школе. (14)Цветы эти я вижу каждый раз, и не просто вижу, а выделяю из всех остальных цветов. (15)А вот спроси меня, как они называются, – не знаю, почему-то ни разу не слыхал их названия и от других, тоже здесь выросших людей. (16)Одуванчик, ромашка, василёк, подорожник, колокольчик, ландыш – на это нас ещё хватает. (17)Эти растения мы ещё можем называть по имени. (18)Впрочем, зачем же сразу обобщать, – может быть, один лишь я и не знаю? (19)Нет, кого бы я ни расспрашивал в селе, показывая белые цветы, все разводили руками: 
 – (20)Кто их знает! (21)Полно их растёт: и на реке, и в лесных оврагах. (22)А как называются?.. (23)Да тебе на что? (24)Цветы и цветы, их ведь не жать, не молотить. (25)Нюхать и без названия можно. 
 (26)Мы вообще-то, я бы сказал, немного равнодушны ко всему, что окружает нас на земле. (27)Нет, нет, конечно, мы часто говорим, что любим природу: эти перелески, и холмы, и роднички, и огневые, на полнеба, летние тёплые закаты. (28)Ну и собрать букет цветов, ну и, конечно, прислушаться к пению птиц, к их щебетанию в золотых лесных верхах в то время, когда сам лес ещё полон темно-зелёной, чёрной почти прохлады. (29)Ну и сходить по грибы, ну и поудить рыбу, да и просто полежать на траве, глядя вверх на плывущие облака. 
 «(30)Послушай, а как называется трава, на которой ты теперь так бездумно и так блаженно лежишь?» – «(31)То есть как это как? (32)Трава. (33)Ну там… какой-нибудь пырей или одуванчик». – «(34)Какой же тут пырей? (35)Тут вовсе нет никакого пырея. (36)Всмотрись повнимательнее. (37)На месте, которое ты занял своим телом, растёт десятка два разнообразных трав, и ведь каждая из них чем-нибудь интересна: то ли образом жизни, то ли целебными для человека свойствами. (38)Впрочем, это уж вроде как бы непостижимая для нашего ума тонкость». 
 (По В. А. Солоухину*) 
 * Владимир Алексеевич Солоухин (1924–1997) – русский советский писатель и поэт, видный представитель «деревенской прозы». 
 
"
399,"Текст Солоухина В. 
 (1)В отлогих, почти горизонтальных лучах утреннего солнца загораются капли росы. (2)Если сказать, что в каждой капле горит по солнцу, значит ничего не сказать о сверкании росного утра. (3)Можно, конечно, с тщательностью выписать, как одни капли мерцают глубокой зеленью, другие – чисто кровавого цвета, третьи – матово светятся  изнутри,  четвертые – молочно-голубые,  пятые – белые,  как  молоко,  но просвеченные огненной искоркой. (4)Можно написать, как это разноцветное горение сочетается  с  синевой,  желтизной,  розоватостью,  лиловостью  и  белизной  луговых цветов и как луговые цветы, просвеченные солнцем, кидают свои цветные тени, свою синеву или желтизну на ближайшие капельки хрустальной влаги и заставляют их быть то синими, то желтыми. (5)Можно рассказать, как в сложенных в сборчатую горстку слегка мохнатых, шершавых листиках травы накапливается роса и покоится в них, светлая и холодная, огромными упругими каплями так, что даже можно выпить и ощутить вкус росы, вкус земной живительной свежести. (6)Можно написать, какой яркий  темный  след  остается,  если  пройти  по  седому  росному  лугу,  и  как  красив осыпанный росой, в лучах солнца обыкновенный хвощ, и многое, многое другое. (7)Но нельзя передать на словах того состояния души и тела, которое охватывает человека, когда он ранним утром идет по росистому цветущему лугу. (8)Может быть, он не обращает  внимания  на  то,  как  в  крохотной росинке  четко  виднеются  ещё  более крохотные  отраженные  ромашки,  выросшие  по  соседству,  но  общее  состояние  в природе,  общее  настроение  тотчас  сообщается  человеку,  и  вот  передать  его невозможно. 
 (9)Вы проснетесь позже, часов в девять, десять, когда в поля и луга нахлынет зной и все высушит и все погасит, и вы будете думать, что таким всегда и бывает окружающий  вас  мир,  не  подозревая  о  том,  насколько,  например,  цветущий  куст сирени или вишенья отличается от нецветущего. (10)Ведь тому, кто никогда не видел цветения вишневого сада, невозможно, глядя на голые кусты, вообразить, как бывает в цветущем вишневом саду. 
 (В. Солоухин) 
 Информация о тексте 
 
"
400,"Текст Солоухина В. 
 (1)Каждый день перепрыскивали дожди. (2)В конце концов земля так напиталась водой, что не брала в себя больше ни капли влаги. (3)Вот почему, когда образовалась в небе широкая, тёмная прореха и оттуда хлынула обильная, по-летнему тёплая вода, наша тихая мирная речка сразу начала вздуваться и пухнуть. (4)По каждому оврагу, по каждой канаве наперегонки, перепрыгивая через корни деревьев, через камни, мчались ручьи, словно у них была единственная задача – как можно быстрее домчаться до речки и принять посильное участие в её разгуле. 
 (5)Я пошёл вдоль по берегу, не думая ни о чём, любуясь воистину необыкновенным зрелищем. (6)Никогда, при самом дружном таянии самых глубоких снегов, не было на нашей реке такого разлива, такого водополья, как теперь. (7)Высокие ольховые кусты теперь выглядывали из воды одними макушками. (8)До моего слуха стал доноситься однообразный слабенький писк, настолько слабенький, что сначала я хоть и слышал его, но как-то не обращал внимания, как-то он не мог «допищаться» до меня. (9)Может быть, спутывался сначала с писком и щебетанием птиц, а потом уж и выделился, чтобы завладеть вниманием. 
 (10)Сделав несколько шагов по берегу, я прислушался ещё раз и тут увидел у носка моего самому мне показавшегося огромным резинового сапога крохотную ямочку, оставленную некогда коровьим копытом.  
 (11)В ямке, сбившись в клубочек, барахтались крохотные существа, беспомощные, как все детёныши. 
 (12)Детёныши были величиной со взрослых мышей или, лучше сказать, с кротов, потому что больше походили на них окраской своих мокреньких шубок. (13)Их копошилось штук шесть, причём каждый старался занять верх, так что они вслепую всё время перемешивались клубочком, попирая и топча наиболее слабеньких. 
 (14)Мне захотелось узнать, чьи это детёныши, и я стал оглядываться. (15)Из-за верхушки ольхи, на том берегу, судорожно, непрерывно загребая лапками, чтобы удержаться на одном месте (течение сносило её), глядела на меня своими чёрными бусинками выхухоль. (16)Встретившись со мной глазами, она быстро, испуганно поплыла в сторону, но невидимая связь с коровьим копытцем держала её, как на нитке. (17)Поэтому поплыла выхухоль не вдаль, а по кругу. (18)Она вернулась к ольховому кусту и снова стала глядеть на меня, без устали гребя на одном месте. 
 (19)Выхухоль держалась на воде метрах в двух от меня, что невероятно для этого крайне осторожного, крайне пугливого зверька. (20)Это был героизм, это было самопожертвование матери, но иначе не могло и быть: ведь детёныши кричали так тревожно и так призывно! 
 (21)Я наконец ушёл, чтобы не мешать матери делать своё извечное дело – спасать своих детей. (22)Поддавшись невольной сентиментальности, я думал о том, что у меня тоже есть дети. (23)Я старался вообразить бедствие, которое по масштабу, по неожиданности, по разгулу и ужасу было бы для нас как этот паводок для бедной семьи зверушек, когда пришлось бы точно так же тащить детей в одно, в другое, в третье место, а они гибли бы в пути от холода и от борьбы за существование, и кричали бы, и звали бы меня, а я не имел бы возможности к ним приблизиться. 
 (24)Перебрав всё, что подсказывало воображение, я остановился на самом страшном человеческом бедствии. (25)Название ему – война. 
 (26)Дождь усиливался с минуты на минуту, он больно сёк меня по лицу и рукам. (27)На землю спустилась чёрная, ненастная ночь. (28)В реке по-прежнему прибывала вода. 
 (29)В небе, выше дождя, превыше ночной темноты, так, что едва доносился звук, неизвестно куда и неизвестно откуда летели птицы, созданные из огня и металла. 
 (30)Если бы они и могли теперь взглянуть со своей высоты на землю и на меня, идущего по ней, то я им показался бы куда мельче, куда микроскопичнее, чем полчаса назад казались мне слепые, озябшие детёныши выхухоли, лежащие на самом краю земли и стихии. 
 (по В. А. Солоухину*) 
 *Владимир Алексеевич Солоухин (1924–1997) – русский советский писатель и поэт, видный представитель «деревенской прозы». 
 Информация о тексте 
 
"
401,"Текст Солоухина В. 
 (1)Она удивилась, что я приехал в Москву в неурочное время, в самый разгар лета. (2)Я сказал ей, что убежал из деревни из-за отличной погоды. 
 — (3)Как же так? — удивилась она. — (4)Обыкновенно убегают от дождя, ненастья. 
 
 (8)Я не мог опомниться от столь стремительного претворения сказки в жизнь. 
 (9)Валерия едет в наши места! (10)Я не успел ещё опомниться от нахлынувшего счастья, а уж дальний рейсовый автобус увозил нас всё дальше от Москвы. 
 — (11)Ты знаешь, — говорила она, усаживаясь поудобнее в автобусное кресло, — я ведь пловчиха. (12)Я очень люблю плавать. (13)Я уплываю в море на три- четыре часа. (14)А вашу реку за какое время можно переплыть? (15)3а полчаса или за сорок минут?.. 
 — (16)Видишь ли, Валерия, ты, наверное, неправильно представляешь. (17)У нас в деревне маленькая река, а не такая, чтобы плыть полчаса поперек или хотя бы туда и обратно. 
 (18)Я теперь с ужасом думал, как я впервые подведу Валерию к нашей речке. (19)От берега до берега метров десять... (20)Я почувствовал, что на меня надвигается катастрофа. (21)Но кувшинки-то должны всё равно понравиться. (22)На реке встречаются большие заросли кувшинок, жёлтые хороводы в десять-двадцать метров в длину и ширину. 
 (23)О кувшинках я упомянул вскользь, дожидаясь восторженного отношения к ним Валерии. (24)Она оживилась и начала вспоминать, но только не о жёлтых кувшинках, а о белых лилиях. 
 — (25)Ты знаешь, однажды я плавала на лодке по старому руслу какой-то реки. (26)3аплыли в такое место, что плыть дальше было нельзя, кроме как по ковру из белых душистых лилий. (27)И эта сказка длилась полчаса, может быть, час... 
 (28)Так померкли, погасли, словно трепетные огоньки, мои кувшиночьи хороводы. (29)Из человека счастливого тем, что Валерия едет в нашу деревню, я вдруг превратился в человека несчастного по той же самой причине. 
 (30)В расстроенных чувствах я помог Валерии определиться на квартиру старушки тёти Дарьи, а сам скорей пошёл домой. (31)Мне хотелось остаться одному. (32)Расставаясь, я сказал, что мне нездоровится. (33)Встретимся завтра. (34)Валерия посмотрела на меня и ничего не сказала: завтра так завтра. 
 (35)Целый день я просидел дома, а вечером не выдержал, побрёл на свою любимую кручу. (36)Вдруг мне показалось, что кто-то идёт. (37)Я мгновенно вскочил и увидел Валерию. 
 — (38)Ну вот, я знала, что ты именно здесь. (39)Как здоровье? (40)А я провела чудесный день. (41)Рано утром я ходила купаться. (42)3наешь, там, где поворачивает река, а на горе сосновый лесочек. (43)Ни одно морское купание не приносило мне столько свежести. (44)Потом ходила за речку в луга, насобирала огромный букет полевых цветов. (45)Я видела, как цветут дикие маки в Средней Азии. (46)Но такого разнообразия цветов, таких нежнейших оттенков я себе никогда не представляла. 
 (47)Она уселась рядом со мной. (48)Постепенно меня стал волновать какой-то как будто знакомый, несильный, но свежий запах. (49)Я заметил: в её тяжёлых волосах спрятался золотой цветок кувшинки. (50)После долгой тишины Валерия заговорила. 
 — (51)Чудак. (52)Чего испугался? (53)Может ли не очаровать такая вот ночь, такая тишина среди трав и звёзд? (54)А если не очарует, значит, виноват уж сам человек. (55)Чудак. (56)Усомнился в могуществе природы. (57)Нужен ли бескрайний океан и тонны цветов? (58)Нет, когда цветов тонны, то это уже не цветы, а силос. (59)А если один цветок? (60)А если одна-единственная травинка? (61)Так что же, она уже не прекрасна? (62)Как видишь, нам из целой реки, в сущности и целого мира, понадобилась одна-единственная кувшинка. 
 (По В. Солоухину*)  
 * Владимир Алексевич Солоухин (1924—1997 гг.) — русский советский писатель и поэт, общественный деятель. 
 
"
402,"Текст Солоухина В. 
 (1)Памятников архитектуры в Москве уничтожено более четырёхсот, так что я слишком утомил бы вас, если бы взялся за полное доскональное перечисление. (2)Жалко и Сухареву башню, построенную в XVII веке. (3)Проблему объезда её автомобилями можно было решить по-другому, пожертвовав хотя бы угловыми домами на Колхозной (тогда) площади (универмаг, хозяйственный магазин, книжный магазин). (4)Жалко и Красные, и Триумфальные ворота.
 
 (5)А знаете ли, что площадь Пушкина украшал древний Страстной монастырь? (6)Сломали. (7)Открылся чёрно-серый унылый фасад. (8)Этим ли фасадом должны мы гордиться как достопримечательностью Москвы? (9)Никого не удивишь и сквером, и концертным залом «Россия» на месте Страстного монастыря. 
 (10)Сорок лет строилось на народные деньги (сбор пожертвований) грандиозное архитектурное сооружение − храм Христа Спасителя. (11)Он строился как памятник непокорённости московской перед сильным врагом, как памятник победы над Наполеоном. (12)Великий русский художник Василий Суриков расписывал его стены и своды. (13)Это было самое высокое и самое величественное здание в Москве. (14)Его было видно с любого конца города. (15)Здание не древнее, но оно организовывало наряду с ансамблем Кремля архитектурный центр нашей столицы. (16)Сломали... (17)Построили плавательный бассейн. (18)И лишь в середине девяностых опять всем миром храм отстроили заново.  
 (19)Разрушая старину, мы всегда обрываем корни. 
 (20)У дерева каждый корешок, каждый корневой волосок на учёте, а уж тем более те корневища, что уходят в глубочайшие водоносные пласты. (21)Как знать, может быть, в момент какой-нибудь великой засухи именно те, казалось бы, уже отжившие, корневища подадут наверх, где листья, живую спасительную влагу. 
 (22)Ужасная судьба постигла великолепное Садовое кольцо. (23)Представьте себе на месте сегодняшних московских бульваров голый и унылый асфальт во всю их огромную ширину. (24)А теперь представьте себе на месте голого широкого асфальта на Большом Садовом кольце такую же зелень, как на уцелевших бульварах. 
 (25)Казалось бы, в огромном продымлённом городе каждое дерево должно содержаться на учёте, каждая веточка дорога. (26)И действительно, сажаем сейчас на тротуарах липки, тратим на это много денег, усилий и времени. (27)Но росли ведь готовые вековые деревья. (28)Огромное зелёное кольцо (Садовое кольцо!) облагораживало Москву. (29)Правда, что при деревьях проезды и справа, и слева были бы поуже, как, допустим, на Тверском бульваре либо на Ленинградском проспекте. (30)Но ведь ездят же там автомобили. (31)Кроме того, можно было устроить объездные пути параллельно Садовому кольцу, тогда сохранилось бы самое ценное, что может быть в большом городе, – живая зелень. 
 (32)Если говорить строже и точнее, на месте уникального, пусть немного архаичного, пусть глубоко русского, но тем-то и уникального города Москвы построен город среднеевропейского типа, не выделяющийся ничем особенным. (33)Город как город. (34)Даже хороший город. (35)Но не больше того. 
 (36)В самом деле, давайте проведём нового человека, ну хоть парижанина или будапештца, по улице Тверской, по главной улице Москвы.  
 (37)Чем поразим его воображение, какой такой жемчужиной зодчества? (38)Каким таким свидетелем старины? (39)Вот телеграф. (40)Вот гостиница. (41)Вот дом на углу Тверского бульвара, где кондитерский магазин. (42)Видели парижанин и будапештец подобные дома. (43)Ещё и получше. (44)Ничего не говорю. (45)Хорошие, добротные дома, но всё же интересны не они, а именно памятники: Кремль, Коломенское, Андроников монастырь.  
    (По В.А. Солоухину*)  
 Владимир Алексеевич Солоухин (1924−1997) – русский советский писатель и поэт, один из крупнейших представителей «деревенской прозы». 
 Примерный круг проблем:   
 1. К чему приводит уничтожение памятников? 
 2. В чем проявляется самобытность, уникальность города?   
 3. Как следует относиться к памятникам? 
"
403,"Текст Стешовой Л. 
 (1) Удивительная пора - детство. (2) Каким бы оно ни было бедным, всё равно представляется в зрелом возрасте как самое хорошее, светлое, радостное время. (3) Необорудованные бараки, в которых мы жили, запомнились тем, что, выходя из дверей, мы сразу оказывались на солнце, на воздухе, на земле... (4) Постоянные трудности быта ложились на плечи родителей, в нашей семье - на плечи мамы. (5) Но странно: чем дальше это время, тем теплее воспоминания о городах детства в чудесном краю - Приморье. 
 (6) «3елёная»   гимназия (после установления Советской власти - трудовая школа) приняла нас, выходцев из Гнилого угла, без сопротивления, но и без восторга. (7) Начальница гимназии, дворянка, представительная дама с лорнетом, затянутая в корсет, глядела обычно поверх детских голов. (8)Шествуя по широкой лестнице на второй этаж в свой красиво обставленный кабинет, она не замечала вновь поступивших и обращалась только к ученикам «из прежних». (9) С высоты своего роста ей нетрудно было смотреть поверх наших буйных голов. (10) Это нас нимало не смущало. (11) Мы не чувствовали себя в школьном большом здании с большими светлыми окнами париями. (12) Мы инстинктивно понимали, что теперь все это наше, общее. (13) Маленькая горстка прежних гимназистов, родители которых не успели или не захотели бежать в Японию или Китай, сначала держалась особняком, потом растворилась в общей школьной массе. 
 (14) «3елёной»  наша школа называлась по традиции. (15) До революции в городе существовало две гимназии для привилегированных. (16) Ученицы одной - на Суйфунской улице - носили зелёную форму (лягушки), ученики другой - на Пушкинской улице - коричневую (тараканы). 
 (17) Не вспомню теперь имена наших педагогов, но прозвища некоторых, их манеру преподавания память сохранила. (18) Например, «обществоведка» (мы её между собой звали Сова) любила, чтобы все формулировки выучивались наизусть. (19) Я до сих пор могу в любую минуту отчеканить. «Империализм - это есть капитализм в той стадии развития, когда сложилась монополия финансового капитала, приобрёл выдающуюся роль вывоз капитала и начался раздел мира между крупнейшими капиталистическими державами». (20) Строгий математик так же строго учил нас своему предмету. (21) Этот суровый учитель лодырей и ловкачей не терпел. (22) Беспощадно ставил «неуд.» - тогда были такие отметки: «хор.», «уд.», «неуд.». (23) Мы его уважали всемерно, и во время его уроков в классе стояла тишина, нарушаемая только его голосом, стуком мела о черную доску или ответом ученика. (24) Очень хорошо относились мы к учителю рисования, но шум на уроках бывал как на переменках. (25) Ученики, свободно перемещаясь по классу от одной парты к другой, подходили к его столу. (26) Он нам всё  разрешал, кроме безделья. (27) «Художниками вы не станете, вернее, не все станете, - говорил он, - но понимать пропорции фигур вы будете...» 
 (28) Каждое поколение торопит школьные годы. (29) Торопит то, что невозвратно, что ничем восполнить нельзя. (30) Школьные годы начинаешь ценить уже в зрелом возрасте, а пока бегаешь в школу, сидишь на уроках - всё представляется довольно тяжёлой обязанностью.  
 (По Л. Стешовой) 
"
404,"Текст Строганова М. 
 (1)Судьбу поколения не случайно сравнивают с белым листом, на котором невидимыми чернилами сделаны особые отметки, да и сама бумага покрыта незаметными для беглого взгляда «водяными знаками». (2)Растут дети, бегают в школу, дерутся и мирятся, ходят в технические кружки и на танцы, влюбляются и строят планы, не подозревая, что Судьба вносит за годом год строчки в их общую биографию. (3)Приходит срок, наступает их час –  и внезапно в целом поколении обнаруживаются неведомые силы, способные противостоять любым испытаниям, вынести нечеловеческие нагрузки и победить любого врага. 
 (4)Жизнь –  это путь. (5)Для того, кто хочет пройти его в угоду себе, он тёмен и неведом, ненадёжен, как игрушка в руках безрассудной фортуны. (6)Но для того, кто жизнь видит в служении своей Отчизне, этот путь наполнен особенным, непостижимым для прочих смыслом. (7)К общей цели его ведёт сама Россия. 
 (8)Её живая душа станет верной советчицей в сомнениях, надёжной попутчицей в долгих странствиях, нежной утешительницей в горе, трудолюбивой помощницей в деяниях, мужественной соратницей в борьбе и битве. 
 (9)Судьба великих сынов России всегда была открыта и ясна, потому что она кровно связана с судьбой народа, и биография каждого героя всегда совпадает с биографией его страны. (10)Самой жизнью уготовано им жить одной судьбой, разделять со страной её радость и скорбь. (11)Вместе победить и, если потребуется, не торгуясь, отдать за её победу свою жизнь. 
 (12)«Я патриот, а к патриотам грязь не пристанет», –  повторял Николай Кузнецов, легендарный разведчик, герой Советского Союза, сын «раскулаченных», с лихвой хлебнувший «от перегибов» в политике партии. (13)Русский герой не припоминал нанесённых обид и не предъявлял счетов. (14)Жизнь свою он положил для служения своей стране, защищая страну от фашистов, и его «Подвиг разведчика» останется с нами навсегда. 
 (15)Русская земля сама рождает и закаляет своих защитников, наделяя их особой совестливостью и честью, чтобы предстояли они всему народу, пронеся через века образец служения Родине. 
 (16)Необученные и необстрелянные мальчишки лета 1941 года будут совершать подвиги и являть чудеса героизма не ради карьеры и наград, не ради высокопарных лозунгов и политических доктрин. (17)Они будут стоять насмерть за свои детские дворы, где гоняли в футбол, за чердаки домов, на которых жались друг к другу голубятни, за берег речки и летние каникулы, проведённые в пионерском лагере, за свою школу, в которой день за днём постигали, «что такое хорошо и что такое плохо», за девчонок, с которыми целовались в скверах после выпускного бала… (18)Поэтому они окажутся сильнее любых вражеских «мёртвых голов» и станут непобедимыми. (19)Так дети Гражданской войны станут героями Великой Отечественной… 
 (20)Война не сломит их, только закалит характер. (21)Много испытавшие в жизни, они как никто будут ценить и понимать чужие чувства, при этом не скрывая своих. (22)Война воспитает в них человечность, научит принимать ответственность на себя, не бояться тяжёлых трудов, не сомневаться в правоте выбранного дела. (23)Сделает из обычных людей Поколение победителей. 
 (По М. С. Строганову*) 
 * Михаил Сергеевич Строганов –  современный писатель, публицист. 
 Информация о тексте 
"
405,"Текст Сухомлинского В.   
 (1)Во внешней человеческой красоте воплощены наши представления об идеале прекрасного. (2)Внешняя красота – это не только антропологическое совершенство всех элементов тела, не только здоровье. (3)Это внутренняя одухотворённость: богатый мир мыслей и чувств, нравственного достоинства, уважение к людям и к себе. (4)Чем выше нравственное развитие и общий уровень духовной культуры человека, тем ярче отражается внутренний духовный мир во внешних чертах. (5)Это «свечение души», по выражению Гегеля, всё больше проявляется, понимается и чувствуется современным человеком. (6)Внутренняя красота отражается на внешнем облике. 
 (7)Единство внутренней и внешней красоты –  это эстетическое выражение нравственного достоинства человека. (8)Нет ничего зазорного в том, что человек стремится быть красивым. (9)Но, мне кажется, надо иметь моральное право на это желание. (10)Нравственность этого стремления определяется тем, в какой мере эта красота выражает творческую, деятельную сущность человека. (11)Ярче всего красота человека проявляется тогда, когда он занят любимой деятельностью, которая по своему характеру подчёркивает в нём что-то хорошее, свойственное его личности. (12)При этом его внешний облик озарён внутренним вдохновением. (13)Не случайно красоту дискобола Мирон воплотил в момент, когда напряжение внутренних духовных сил сочетается с напряжением сил физических, в этом сочетании – апофеоз красоты. 
 (14)Внешняя красота имеет свои внутренние, нравственные истоки: любимое творчество делает человека красивым, преобразует черты лица – делает их тонкими, выразительными. 
 (15)Красоту создаёт и тревога, забота –  то, что обычно называют «муками творчества». (16)Как горе откладывает на лице неизгладимые морщины, так и творческие заботы являются самым тонким, самым искусным скульптором, делающим лицо красивым. (17)И наоборот, внутренняя пустота придаёт внешним чертам лица выражение тупого равнодушия. 
 (18)Если внутреннее духовное богатство создаёт человеческую красоту, то бездеятельность (и тем более безнравственная деятельность) эту красоту губит. 
 (19)Безнравственная деятельность уродует. (20)Привычка лгать, лицемерить, пустословить создаёт блуждающий взгляд: человек избегает смотреть в глаза другим людям; в его глазах трудно увидеть мысль, он прячет её. (21)Зависть, эгоизм, подозрительность, боязнь того, что «не оценят», –  все эти чувства постепенно огрубляют черты лица, придают ему угрюмость, нелюдимость. (22)Быть самим собой, дорожить своим достоинством – это живая кровь подлинной человеческой красоты. 
 (23)Идеал человеческой красоты – это ещё и идеал нравственности. (24)В конечном счёте единство физического, нравственного, эстетического совершенства – это и есть та гармония, о которой так много говорится. 
 (По В. А. Сухомлинскому*) 
 * Василий Александрович Сухомлинский (1918–1970) – выдающийся советский педагог-новатор. 
"
406,"Текст Татаринцева Н. 
 (1)Всё началось на перемене перед шестым уроком. (2)Лена Болдырева, томная, пышноволосая красавица, закапризничала: 
 (3) - Слушайте, люди, меня уже достала эта химия! 
 (4)Кто-то в тон ей произнёс с плачущей интонацией: 
 (5) - А кого она не достала! 
 (6)Этих двух реплик хватило для того, чтобы суматошная, искрящаяся мысль о побеге с урока вспыхнула, будто порох. (7)Наш одиннадцатый «А» считался образцовым классом, в нём учились восемь отличников, и было нечто забавно-пикантное в том, что именно мы, добропорядочные, примерные дети, странной, необычной выходкой поразим всех учителей, украсив тусклую однотонность школьных будней яркой вспышкой сенсации. (8)От восторга и от тревоги ёкало сердце, ещё никто не знал, во что выльется наше приключение, но обратной дороги уже не было. (9)Мы двинулись к дверям, Васька Попов выглянул в коридор и доложил, что там никого нет. 
 (10)- Только, народ, чтобы всем коллективом! - предупредил нас Витёк Носков. 
 (11)Честно говоря, мне сбегать с урока особого резона не было, так как у меня по химии за полугодие выходила спорная четверка, но воля коллектива выше личных интересов. (12)Я направился к дверям. (13)В классе оставался только Петруха Васильев, он спокойно, ни на кого не обращая внимания, что-то писал в тетради. 
 (14)- Василёк, ты чего присох?! - крикнул Носков. (15)- Времени, понимаешь, в обрез: весь класс когти рвёт... 
 (16) - А я разве не пускаю вас? - ответил Петруха. 
 (17)- У Дмитрия Ивановича Менделеева тоже есть фанаты! - ехидно пропела Лена Болдырева. 
 (18)Носков злобно сощурился: 
 (19) - Петруха, против коллектива идёшь! 
 (20)- Я что-то не так делаю? (21)Вам не надо - вы уходите, мне надо - я остаюсь. 
 (22) - Кончай, говорю, писать и давай собирайся... 
 (23) - Он, небось, кляузу на нас уже строчит! - опять сострила Болдырева. 
 (24) - Петруха, трус, предатель! 
 (25)Петруха беспокойно посмотрел на хмуро насупившегося Носкова, но ничего не ответил. 
 (26) - Хочешь пробиться в любимчики за счёт остальных? (27)3най: подхалимов нигде не любят! (28)Так что ты взвесь, что тебе дороже: оценка за полугодие или наше отношение! - грозно промолвил Носков. (29)Стало тихо, и в этой напряжённой тишине отчётливо прозвучал голос Васильева: 
 (30) - Я никуда не пойду! 
 (31)- Ну смотри! - сказал Носков и с непримиримой злостью посмотрел на отступника. 
 (32)Внезапно от нас отделился Игорь Елисеев. (33)Он сел на своё место, рядом с Петрухой, и стал доставать из портфеля учебники. 
 (34) - Гарри, а ты чего? - недоуменно спросил Носков. 
 (35)- Я тоже остаюсь... 
 (36) - Друга, что ли, спасаешь? - Носков хмыкнул. 
 (37) - У его  матери  инфаркт был,  начнётся канитель с нашим побегом - её в школу начнут дёргать... (38)Бог знает, чем это кончится! – ответил Елисеев. 
 (39)- Хоть бы химичка тебя спросила и закатила пару! - прорычал Носков и плюхнулся на свой стул. (40)Все остальные, разочарованно охая, вернулись на свои места. (41)Передо мной сидели Васильев и Елисеев. (42)Я видел, как Петруха посмотрел на Игоря, листавшего учебник, задержал на нём свой взгляд и легонько тронул его за локоть... 
 (43)А Елисеева на самом деле спросили про гидролиз солей, и он получил пятёрку.  
 (По Н. Татаринцеву) 
"
407,"Текст Тендрякова В. 
 (1)Щемит сердце, хоть кричи... (2)Сева - наш сын, единственный сын в благополучной семье. (3)Я держу в руках фотографию, которую сделал несколько лет назад на нашей даче: там ему двенадцать, у него светлые волосы, аккуратная чёлка, открытый ясный взгляд. (4)Милый, ласковый, домашний мальчик, послушный, почти отличник. (5)Нам было так хорошо вместе в то лето! 
 (6)Но для подростка наступает такое время, когда каждая семья начинает казаться ему неблагополучной. (7)Каждая, даже самая идеальная! (8)В её рамках становится тесно, внешний мир манит к себе, опека матери и отца угнетает, хочется свободы и самостоятельности. (9)Становление человека неизбежно создаёт этот неисключительный кризис, у одних он проходит незаметно, у других перерастает в трагедию. (10)Сева стал чаще пропадать из дома... 
 (11)Он отпустил волосы, наотрез отказался стричься, сразу утратил ухоженный домашний вид. (12)В какой-то женской кофте с бубенчиками, в потёртых, с бахромой внизу джинсах, с неопрятными жиденькими косицами, падающими на плечи, - странная, однако, забота о собственной внешности: стараться не нравиться другим, походить на огородное пугало. (13)Наш сын... 
 (14)Вряд ли он ждал, что мы станем умиляться, но наше недоумение, досаду, презрительность воспринимал болезненно, стал повышенно раздражительным. (15)Теперь любая мелочь выводила его из себя: неодобрительный взгляд, горькая ухмылка на моём лице, просьба матери вынести мусорное ведро - всё воспринималось как посягательство на его достоинство. (16)И самые простенькие вопросы для него вырастали в мучительнейшие проблемы - праздновать или не праздновать дома день рождения, ехать ли вместе с классом на экскурсию в Коломенское, просить ли у матери денег на покупку новой пластинки? 
 (17)Сакраментальный конфликт отцов и детей родился не вчера. (18)«Я утратил всякие надежды относительно будущего нашей страны, если сегодняшняя молодежь завтра возьмёт в свои руки бразды правления, ибо эта молодежь невыносима, невыдержанна, просто ужасна». (19)Эти слова произнёс Гесиод еще в VII веке до нашей эры. (20)Но отцам последующих поколений от столь древнего признания легче не становилось.   (По В. Тендрякову) 
"
408,"Текст Тендрякова В. 
 (1)До сих пор вспоминаю тот разговор с отцом Сони Потехиной, который случился у меня после родительского собрания. (2)Василий Петрович тогда сам начал его: 
 (3) - Слышали: прямая линия короче кривой - геометрия! (4)И все верят в это, понять не хотят - в жизни-то геометрия совсем иная, там кривые пути всегда прямых короче. (5)А чему вы, преподаватель литературы, детей учите? 
 (6) - Русской литературе хотя бы. (7)А она тем знаменита, что лучше других разбирается в запутанной жизни. (8)Да, в запутанной, да, в сложной! 
 (9) - Вы учите - будь только честным и никак по-другому? 
 (10)- Учу. 
 (11)- И зла никому не делай - учите? 
 (12)-Учу. 
 (13) - И сильного не бойся, слабому помогай, от себя оторви - тоже учите? 
 (14)-Тоже. 
 (15) - А-а! - восторжествовал мой собеседник. - И это не по линеечке жить называется! (16)Не геометрию из книжек преподаёте! (17)3апутанно, сложно, а прямолинейненько-то поступай! 
 (18) - А вам бы хотелось, чтоб я учил - будь бесчестным, подличай, изворачивайся, не упускай случая сделать зло, перед сильным пасуй, слабому не помогай... (19)Неужели, Василий Петрович, вам хочется такой вот свою дочь видеть? 
 (20) - Я хочу... - Василий Петрович даже задохнулся от негодующего волнения. - Одного хочу - чтоб Сонька моя счастливой была, приспособленной! (21)Чтоб загодя знала, что и горы крутые, и пропасти в жизни встретятся, пряменько никак не потопаешь, огибай постоянно. (22)Ежели можно быть честной, то будь, а коль нельзя - ловчи, не походи на своего отца, который лез напролом да лоб расшиб... (23)Хочу, чтоб поняла, и крепко поняла, что для всех добра и люба не станешь и любви большой и доброты особо от других не жди. (24)Хочу, чтоб не кидалась на тех, кто сильней, кто легко хребет сломать может, а осторожничала, иной раз от большой нужды и поклониться могла. (25)Хочу, чтоб дурой наивной не оказалась. (26)Вот чего хочу! (27)Ясно ли? (28)Вот если бы этой сноровистой науке вы мою Соньку научили, я бы первый вам в ножки поклонился. 
 (29) - Всех этому научить или только одну вашу дочь? 
 (30) - Всех, всех, чтоб вислоухими не были! 
 (31) - Так что же получится, Василий Петрович, - все науку воспримут, все станут не вислоухие, а ловкачи, все будут стараться обманывать друг друга, хребет ломать тем, кто послабей... (32)В дурном же мире Соне жить придётся. (33)Не пугает это вас? 
 (34) - А что делать-то, когда он, мир, таков и есть, доброго слова не стоит? (35)И сменять его на другой какой, получше, нельзя - один всего. (36)Выхода нет - приспособляйся к нему. 
 (37) - Сменять наш мир на другой нельзя, а вот попробовать как-то исправить его... 
 (38) - Ой, не учите вы детей наших мир исправлять. (39)На что мне весь мир! (40)Могу ли я с ним, со всем миром, справиться? (41)Иль надеяться могу, что справится Сонька? (42)С ума ещё не сошёл - ни себя, ни её Наполеоном великим не считаю! (43)Я маленький человек, и она в крупную не вырастет. 
 (44)Нужно мне совсем мало - чтоб дочь родная счастливо жила. (45)А остальные уж пусть сами как-нибудь без меня устраиваются... (46)А вы! 
 (По В. Тендрякову) 
 Сведения об авторе: 
 Тендряков Владимир Фёдорович (1923-1984) - прозаик, автор остроконфликтных повестей о деревне, духовно-нравственных проблемах общества. 
 Основные проблемы: 
 1. Проблема нравственных ценностей и их выбора в воспитании подрастающего поколения (Чему нужно учить детей? Как в этом помогает русская литература?)  
 2. Проблема взаимоотношений человека и мира (Может ли человек в одиночку изменить мир, сделать его лучше?) 
 Позиция автора по выделенным проблемам: 
 1. Детям нужно прививать вечные нравственные ценности: быть честным, добрым, сохранять чувство собственного достоинства, и русская литература в этом помогает. В основе воспитания должны лежать истинные ценности; воспитатель должен опираться на лучшие качества в человеке, а не воспитывать пройдох и приспособленцев.  
 2. По мнению автора, мир можно  «попробовать как-то исправить», изменяя самого себя в лучшую сторону."
409,"Текст Тендрякова В. 
 (1)То была первая тихая ночь в разбитом Сталинграде. (2)Поднялась тихая луна над руинами, над заснеженными пепелищами. (3)И никак не верилось, что уже нет нужды пугаться тишины, затопившей до краёв многострадальный город. (4)Это не затишье, здесь наступил мир — глубокий, глубокий тыл, пушки гремят где-то за сотни километров отсюда. 
 (5)И в эту-то ночь неподалеку от подвала, где размещался их штаб полка, занялся пожар. 
 (6)Вчера никто бы не обратил на него внимания — бои идут, земля горит, — но сейчас пожар нарушал мир, все кинулись к нему. 
 (7)Горел немецкий госпиталь, четырёхэтажное деревянное здание. (8)Горел вместе с ранеными. (9)Ослепительно золотые, трепещущие стены обжигали на расстоянии, теснили толпу. 
 (10)Она, обмершая, заворожённая, подавленно наблюдала, как внутри, за окнами, в раскалённых недрах, время от времени что-то обваливается — тёмные куски. (11)И каждый раз, как это случалось, по толпе из конца в конец проносился вздох горестный и сдавленный — то падали вместе с койками немецкие раненые из лежачих, что не могли подняться и выбраться. 
 (12)А многие успели выбраться. (13)Сейчас они затерялись среди русских солдат, вместе с ними, обмерев, наблюдали, вместе испускали единый вздох. 
 (14)Вплотную, плечо в плечо с Аркадием Кирилловичем стоял немец, голова и половина лица скрыты бинтом, торчит лишь острый нос и тихо тлеет обречённым ужасом единственный глаз. (15)Он в болотного цвета тесном хлопчатобумажном мундирчике с узкими погончиками, мелко дрожит от страха и холода. (16)Его дрожь невольно передается Аркадию Кирилловичу, упрятанному в тёплый полушубок. 
 (17)Он оторвался от сияющего пожарища, стал оглядываться — кирпично раскалённые лица, русские и немецкие вперемешку. (18)У всех одинаково тлеющие глаза, как глаз соседа, одинаковое выражение боли и покорной беспомощности. (19)Свершающаяся на виду трагедия ни для кого не была чужой. 
 (20)В эти секунды Аркадий Кириллович понял простое: ни вывихи истории, ни ожесточённые идеи сбесившихся маньяков, ни эпидемические безумия — ничто не вытравит в людях человеческое. (21)Его можно подавить, но не уничтожить. (22)Под спудом в каждом нерастраченные запасы доброты — открыть их, дать им вырваться наружу! (23)И тогда… (24)Вывихи истории — народы, убивающие друг друга, реки крови, сметённые с лица земли города, растоптанные поля… (25)Но историю-то творит не господь бог — её делают люди! (26)Выпустить на свободу из человека человеческое — не значит ли обуздать беспощадную историю? 
 (27)Жарко золотились стены дома, багровый дым нёс искры к холодной луне, окутывал её. (28)Толпа в бессилье наблюдала. (29)И дрожал возле плеча немец с обмотанной головой, с тлеющим из-под бинтов единственным глазом. (30)Аркадий Кириллович стянул в тесноте с себя полушубок, накинул на плечи дрожащего немца. 
 (31)Аркадий Кириллович не доглядел трагедию до конца, позже узнал — какой-то немец на костылях с криком кинулся из толпы в огонь, его бросился спасать солдат-татарин. 
 (32)Горящие стены обрушились, похоронили обоих. 
 (33)В каждом нерастраченные запасы человечности. 
 (34)Бывший гвардии капитан стал учителем. (35)Аркадий Кириллович ни на минуту не забывал перемешанную толпу бывших врагов перед горящим госпиталем, толпу, охваченную общим страданием. (36)И безызвестного солдата, кинувшегося спасать недавнего врага, тоже помнил. (37)Он верил — каждый из его учеников станет запалом, взрывающим вокруг себя лёд недоброжелательства и равнодушия, освобождающим нравственные силы. (38)Историю делают люди. 
 (По В. Тендрякову) 
  Федорович Тендряков (1923-1984) — русский советский писатель, автор остроконфликтных повестей о духовно-нравственных проблемах современной ему жизни. 
"
410,"Текст Тендрякова В. 
 (1)Мы – остатки воевавших за Доном частей, докатившихся до Сталинграда, – пробыли месяц в запасном полку за Волгой. (2)Кого-то вновь бросили в бой, а нас отвели в запас, казалось бы, это отдых от окопов. (3)Отдых… два свинцово-тяжёлых сухаря на день, мутная водица вместо похлёбки, ватные ноги и головокружение от голода. (4)Отправку на фронт встретили с радостью. (5)Очередной хутор на нашем пути. (6)Мы все отошли на обочину дороги, а наш лейтенант в сопровождении старшины отправился выяснять обстановку. 
 (7)Через полчаса старшина вернулся. 
 – (8)Ребята! – объявил он вдохновенно. – (9)Удалось вышибить по двести пятьдесят граммов хлеба и по пятнадцать граммов сахара! (10)Кто со мной получать хлеб? (11)Давай ты! – (12)Я лежал рядом, и старшина ткнул в меня пальцем. 
 (13)В ту самую секунду у меня вспыхнула мыслишка… трусливая, гаденькая и унылая. (14)Тащился я с плащ-палаткой за старшиной, а мыслишка жила и заполняла меня отравой. (15)Я расстилал плащ-палатку на затоптанном крыльце, и у меня дрожали руки. (16)Старшина на секунду отвернулся, и я сунул полбуханки под крыльцо, завернул хлеб в плащ-палатку, взвалил её себе на плечо. 
 (17)Только идиот может рассчитывать, что старшина не заметит исчезновения перерубленной пополам буханки. (18)Я вор, и сейчас, через несколько минут, это станет известно. (19)Тем, кто, как и я, пятеро суток ничего не ел. (20)Как и я! 
 (21)В жизни мне случалось делать нехорошее: врал учителям, чтоб не поставили двойку, не раз давал слово не драться и не сдерживал слова, однажды на рыбалке я снял с чужого крюка толстого голавля. (22)Но всякий раз я находил для себя оправдание: не выучил задание – надо было дочитать книгу; подрался снова, так тот сам полез первый. (23)Теперь я и не искал оправданий. (24)Ох, если б можно вернуться, достать спрятанный хлеб, положить его обратно в плащ-палатку! 
 (25)С обочины дороги навстречу нам с усилием стали подыматься солдаты. (26)Хмурые, тёмные лица, согнутые спины, опущенные плечи. (27)Старшина распахнул плащ-палатку, и хлеб был встречен почтительным молчанием. (28)В этой-то почтительной тишине и раздался вопрос. 
 – (29)А где?.. (30)Тут полбуханка была! 
 (31)Произошло лёгкое движение, тёмные лица повернулись ко мне, со всех сторон –  глаза, глаза, жуткая насторожённость в них. 
 – (32)Эй ты! (33)Где?! (34)Тебя спрашиваю! 
 (35)Я молчал. (36)А пыльные люди с тёмными лицами обступали меня. 
 (37)Пожилой солдат, выбеленно голубые глаза, изрытые морщинами щёки, сивый от щетины подбородок, голос без злобы: 
 – (38)Лучше, парень, будет, коли признаешься. 
 (39)В голосе пожилого солдата – крупица странного, почти неправдоподобного сочувствия. (40)А оно нестерпимее, чем ругань и изумление. 
 – (41)Да что с ним разговаривать! 
 (42)Один из парней вскинул руку. (43)И я невольно дёрнулся. 
(44)А парень просто поправил на голове пилотку. 
 – (45)Не бойся! – с презрением проговорил он. – (46)Бить тебя… (47)Руки пачкать. 
 (48)И неожиданно я увидел, что окружавшие меня люди поразительно красивы – тёмные, измученные походом, голодные, но лица какие-то гранёные, чётко лепные. (49)Среди красивых людей –  я уродлив. 
 (50)Ничего не бывает страшнее, чем чувствовать невозможность оправдать себя перед самим собой. (51)Мне повезло, в роте связи гвардейского полка, куда я попал, не оказалось никого, кто видел бы мой позор. (52)Мелкими поступками раз за разом я завоёвывал себе самоуважение –  лез первым на обрыв линии под шквальным обстрелом, старался взвалить на себя катушку с кабелем потяжелей; если удавалось получить у повара лишний котелок супа, не считал это своей добычей, всегда с кем-то делил его. (53)И никто не замечал моих альтруистических «подвигов», считали – нормально. (54)А это-то мне и было нужно, я не претендовал на исключительность, не смел и мечтать стать лучше других. 
 (55)Больше в жизни я не воровал. (56)Как-то не приходилось. 
 (По В. Ф. Тендрякову*) 
 * Владимир Фёдорович Тендряков (1923–1984) – русский советский писатель, автор произведений о духовно-нравственных проблемах, о войне. 
"
411,"Текст Тимофеева В. 
 (1)Вопрос «Кто виноват?»  называют чисто русским вопросом, якобы выражающим особенную сущность нашего национального характера. (2)На эту тему без устали острят эстрадные сатирики, глубокомысленно философствуют политтехнологи... (3)У каждого готов свой ответ на заданный ещё Герценом вопрос. (4) Огромная, наполненная природными ресурсами страна обладает таким же огромным интеллектуальным потенциалом. (5)А большая часть населения прозябает в бедности! (6)Почему? (7)Кто виноват? 
 (8)Мне кажется, что причина всех наших проблем коренится глубже, чем мы себе представляем: ни гуманистические призывы, ни экономические реформы, ни набившие оскомину обещания новой жизни не могут сами по себе решить главного. (9)Она в нашем неуважении к человеку. (10)Надо сделать человека высшей ценностью. (11) Мы подсчитываем золотовалютный запас, радуемся, когда на внешнем рынке дорожает нефть, гордимся тем, что снизили уровень инфляции... (12) И что? (13)Что из того обыкновенному человеку? (14)Жила в ветхой избушке пенсионерка при уровне инфляции в 14 процентов, в этой же ветхой избушке она живёт и при уровне в 9 процентов! (15)Такие вопросы вызывают у наших уважаемых политиков высокомерно-снисходительную улыбку: дескать, товарищ нас не понимает! (16)Да нет, это вы, отделённые от реальности толстой стеной макроэкономических соображений, не видите микроскопическую клетку общественного организма - живого человека. (17) Неработающие лифты, перемороженные дома, закрытые двери, равнодушное «Ждите, нам некогда»  - всё это симптомы самой страшной социальной болезни - пренебрежения к человеку. (18) О человеке никто не думает, когда строит дом, и в космос запускает очередную ракету, и голосует за какое-то якобы судьбоносное решение. (19) О человеке подумали ровно настолько, чтобы он мог существовать в качестве некой полезной функции. (20)А раз так, то и человек перестаёт заботиться об окружающих, и ему нет дела до того, кто живёт рядом с ним,  он считает себя мелкой деталькой в огромной государственной машине, снимает с себя ответственность за чистоту в подъезде, за порядок на улице, за процветание государства. 
 (21)Не нужно призывов! (22)Надо просто починить сломанный лифт, а иначе как пожилым людям подниматься на последний этаж? (23)Надо в больничном коридоре поставить кушетку, чтобы больные не стояли в очереди, надо засыпать гравием лужу у остановки, чтобы проезжающие мимо машины не обливали грязью пассажиров... (24)Надо, чтобы человек никогда не чувствовал себя униженным и оскорблённым, тогда поднимется и производительность труда, вырастет уровень благосостояния человека и никто не станет терзаться бессмысленным вопросом «Кто виноват?». 
 (По В. Тимофееву) 
 * Валерий Васильевич Тимофеев (род. в 1953 г.) – российский поэт, прозаик, член Союза писателей России. 
"
412,"Текст Тишкова Л. 
 (1)Художественное творчество, с моей точки зрения, не просто способ самовыражения. (2)Порой оно может стать спасительной соломинкой, уцепившись за которую человек может пройти через многие тяжёлые испытания и выжить. (3)И вот один из поразительных примеров. 
 (4) Удивительная женщина, художник-любитель Евфросинья Антоновна Керсновская много лет провела в сталинском лагере, после чего начала зарисовывать всю свою жизнь с самого начала: детство в Бессарабии, как была арестована в Румынии, как её в Сибирь сослали. (5)Много лет она изображала быт,детали и комментировала свои рисунки. 
 (6) Вот что она пишет маме: 
 (7) «Я их рисовала для тебя, думая о тебе... (8)Я начала рисовать там, в Норильске, сразу после того, как вышла из лагеря. (9)Не было ещё ни тюфяка, ни простыни, не было даже своего угла. (10)Но я уже мечтала нарисовать что-то красивое, напоминающее прошлое — то прошлое, которое неразрывно было связано с тобой, моя родная! (11) И единственное, что я могла придумать, это — рисовать...» 
 (12) И вот Евфросинья в картинках создаёт историю своей жизни, всех своих злоключений, чтобы освободиться от тех тяжёлых воспоминаний, что окружали её после выхода из двенадцатилетнего ада. (13)Она рисовала чем придётся: цветными карандашами, ручкой, иногда подкрашивала акварелью. 
 (14)  И  эти  незамысловатые,  но  такие  подробные,  правдивые  рисунки поражают  своей убедительностью  и  внутренней  свободой.  (15)Целых  двенадцать  общих  тетрадей  были  сочинены-нарисованы ею в 60-х годах прошлого века. (16)В 1991 году они вышли отдельной книгой, названной «Наскальная живопись». (17)И по сей день я, глядя на этирисунки, которые появились на свет так давно, где-то глубоко внутри ощущаю, насколько сильно искусство помогло этому потрясающему художнику и просто благородной женщине выжить. 
 (18)Вот  ещё  одна  история.  (19)Художник  Борис  Свешников  также  долгое  время  находился  в заточении. (20)Альбомы его были нарисованы непосредственно там, в неволе, но они были не о лагере, не о  той  жизни,  которой  он  жил  тогда, — они  были  фантастическими.  (21)Он  изображал  какую-то вымышленную  реальность  и  необыкновенные  города.  (22)  Тоненьким  пёрышком,  тончайшим,  почти прозрачным серебряным штрихом он создавал в своих альбомах параллельную, невероятно загадочную, волнующую жизнь. (23)И впоследствии эти альбомы стали свидетельством того, что его внутренний мир, фантазирование, творчество спасли ему жизнь в этом лагере. (24)Он выжил благодаря творчеству.(25)  Другой  необыкновенный  художник,  Михаил  Соколов,  современник  Свешникова,  будучи посаженным в тюрьму за экстравагантный вид, тоже пытался искать свободы и спасения в творчестве. (26)Он рисовал цветными карандашами, а порой и огрызками карандашей маленькие картиночки три на три сантиметра или пять на пять сантиметров и прятал себе под подушку. 
 (27) И эти маленькие фантастические рисунки Соколова, по-моему, в каком-то смысле грандиозней, чемнекоторые огромные картины, написанные иным художником в светлой и комфортной мастерской.(28) Как видите, можно изображать реальность, а можно изображать фантазии. (29)И в том и в другом  случае  то,  что  ты  переносишь  из  своей  головы,  из  души,  из  сердца,  из  памяти  на  бумагу, освобождает  тебя,  выпускает  на  волю,  даже  если  вокруг — тюремные  решётки.  (30)Поэтому  роль искусства поистине велика. (31)И неважно, чем и как ты это делаешь: творчество не знает границ, не требует особых инструментов. (32)Оно, искреннее и правдивое, просто живёт в человеке, ищет выхода и всегда готово бескорыстно помочь ему. 
 (по Л. А. Тишкову*) 
 *Леонид  Александрович  Тишков  (род.  в  1953  г.) — российский  художник-карикатурист,  также работает в области книжной графики.  
 
"
413,"Текст Ткаченко В. 
 (1)Знойный август. (2)Машина мчится по шоссе Курск – Белгород, по обе стороны которого то слева, то справа появляются и исчезают утопающие в садах деревни. (3)Пахнет сухими травами, спелой малиной и яблоками.  
 (4)Близ старинного городка Обояни медовый яблочный аромат не просто витает в воздухе – он царственно господствует над всеми запахами позднего лета. (5)Благоухание яблок плывёт над садами, которым, кажется, нет ни конца ни края, свежим прибоем окатывает улицы и автотрассу, перерезающую городок пополам. (6)Даже удушливая бензиновая гарь бесконечного потока машин не в силах одолеть это нежное дыхание плодоносящих садов... 
 (7)Можете вы себе представить яблоневый сад размером в три тысячи гектаров? (8)У меня, например, на это не хватило бы воображения. (9)Такой сад надо увидеть воочию, чтобы испытать светлое, радостное потрясение перед его величием и мощью. (10)Сад-гигант разбежался ровными шеренгами фруктовых посадок и лохматыми гривами лесополос во всю ширь всхолмлённой равнины. (11)Той самой равнины, где шестьдесят лет назад гремела, жгла огнём, сотрясала землю и небо невиданная в истории танковая битва.  
 (12)Здесь, на Средне-Русской возвышенности, в районе Курской дуги, 12 июля 1943 года произошло крупнейшее по масштабам танковое сражение. (13)Собрав в мощный кулак самую современную технику – стремительные «тигры» и «пантеры», сверхтяжёлые самоходные орудия, боевые самолёты, фашисты намерены были молниеносно протаранить русскую оборону, разметать и сокрушить всё живое и переломить ход войны в свою пользу. (14)Около трёх тысяч танков, сотни тысяч солдат участвовали в этой битве. (15)На русском поле сошлись две силы, две воли – и победила наша сила, наша воля. (16)Бескрайняя степная равнина, которая утром была золотистой, готовой к жатве нивой, к вечеру превратилась в чудовищную свалку догорающей техники. (17)Поле покрыли горы искорёженной стали, было нечем дышать, на десятки километров разошёлся смрад от выгоревшего бензина, смазочных масел и человеческой крови. (18)Казалось, воздух хранит вой тысячи моторов, скрежет брони, оглушающие звуки от разрывов снарядов, крики и стоны людей...  
 (19)Давно затянуло рваные раны земли, распаханы воронки от взрывов бомб и снарядов. (20)На местах жестокого сражения встали строгие обелиски – дань памяти тем, кто сложил здесь голову, защищая Отчизну. (21)Но, может быть, нет лучшего памятника погибшим, чем этот необозримый яблоневый сад, отягощённый плодами. (22)В его свежем, чистом благоухании навсегда и бесследно растворился смрад горящего железа и смерти. 
 (23)Спасибо человеку, которому первому пришла в голову мысль насадить сады на этой горькой равнине! (24)Спасибо людям, воплотившим этот великолепный замысел в жизнь… 
 (25)Весной над садами, облитыми бело-розовой пеной, в лесополосах и укромных рощицах, любовно сохранённых на неудобьях, гремят ликующие хоры знаменитых курских соловьёв. (26)Есть ли реквием по погибшим солдатам более волнующий и прекрасный, чем гимн торжествующей жизни? 
 (по В. Ткаченко) 
"
414,"Текст Токаревой В. 
  (1)В редакцию пришло письмо от рабочего Нечаева, в котором он поведал о конфликте с инженером Зубаткиным. 
 (2)Конфликт возник на охоте. (3)Они гнали зайца, бежали по окончательно раскисшему осеннему полю. (4)Заяц широко, активно прыгал – и вдруг сел, развернувшись лицом к преследователям. (5)Нечаев так и написал: лицом, не мордой. (6)Когда охотники подбежали и приподняли зайца, стало ясно, почему он не убежал: у него на каждой лапе налипло по килограмму грязи, и он не мог скакать. (7)Заяц это понял и остановился. (8)Но сидеть спиной к преследователям ещё страшнее, и он развернулся, чтобы «встретить смерть лицом к лицу». 
 (9)Зубаткин вернул зайца на землю, сдёрнул с плеча винтовку и нацелился в упор, и это была уже не охота, а расстрел. (10)Нечаев сдёрнул с плеча свою винтовку и нацелился в Зубаткина. (11)И добавил словами, что, если Зубаткин убьёт зайца, он, Нечаев, убьёт Зубаткина. (12)Зубаткин не поверил, однако рисковать не стал. (13)Он опустил ружьё и дал Нечаеву кулаком по уху. (14)Нечаев драться не собирался, но агрессия порождает агрессию. (15)Посреди осеннего поля произошла большая драка с нанесением словесных оскорблений и телесных травм.  
 (16)По заданию редакции Веронике надо было побеседовать с участниками конфликта и написать статью. (17)Она начала с Зубаткина.  
 (18)Зубаткин был похож на Кирибеевича из «Песни о купце Калашникове» – та же обаятельная наглость, лучезарная улыбка хозяина жизни. (19)Он смотрел на Веронику с таким видом, будто она сидела в его кабинете, а не он – в её. (20)Зубаткин знал, что юридические законы на его стороне, а морально-нравственные категории – это что-то весьма неопределённое и неосязаемое, как облако. (21)Нравственность у каждого своя. (22)Как почерк. 
 – (23)Вы согласны с тем, что написал Нечаев? (24)Это так и происходило? 
 – (25)Согласен, примерно так. 
 – (26)Значит, Вы хотели убить зайца, который не мог от вас убежать? 
 – (27)Охота – это охота.  
 – (28)Охота – это охота, а не убийство. (29)Зверь и охотники должны быть на равных. 
 – (30)Вы хотите, чтобы у зайца было ружьё? 
 – (31)У вашего зайца не было ног. (32)Вы не имели права в него целиться. 
 – (33)Я не понимаю: что Вы от меня хотите? 
 – (34)Честно? (35)Чтобы Вы были другим. (36)Или чтобы Вас не было вообще. 
 (37)Зубаткин поднялся и пошёл из кабинета. (38)Вероника некоторое время смотрела на дверь.  
 (39)Современный человек набит информацией, нагрузками, стрессами, но он вешает на плечо ружьё и уходит к деревьям, к тишине, чтобы от всего отрешиться, очиститься, слиться с природой и услышать в себе древний охотничий инстинкт, выследить и подстрелить опасного или большого зверя. (40)В конце концов, можно подстрелить и зайца, когда ты с ним на равных. (41)Когда у тебя ружьё, а у него ноги и лес. 
 (42)Зубаткина ни природа, ни самоуглублённость не интересовали. (43)Но разве Зубаткин одинок в своём циничном потребительстве? (44)Сегодня имеет значение только то, что можно на себя надеть или чем насытиться. (45)Значит, зубаткины идут по земле целыми колоннами.  
 (46)А нечаевы ничего не могут сделать...  
 (По В. С. Токаревой) 
 * Виктория Самойловна Токарева (род. в  1937  г.)  – российский прозаик и сценарист.  
 Информация о тексте 
"
415,"Текст Токаревой В. 
 (1)Нам задали классное сочинение на тему «Самый счастливый день в моей жизни». (2)Я раскрыла тетрадь и стала думать: какой у меня был в жизни самый счастливый день? (3)Я выбрала воскресенье – четыре месяца назад, когда мы с папой утром пошли в кино, а после этого сразу поехали к бабушке. (4)Получилось двойное развлечение. (5)Но наша учительница говорит, что человек бывает по-настоящему счастлив только в том случае, когда приносит людям пользу. (6)А какая польза людям от того, что я была в кино, а потом поехала к бабушке? 
 (7)Я заглянула в тетрадь своей соседки Ленки Коноваловой. (8)Ленка строчила с невероятной скоростью и страстью. (9)Её самый счастливый день был тот, когда её принимали в пионеры. (10)Я стала вспоминать, как нас принимали в пионеры в Музее погранвойск и мне не хватило пионерского значка. (11)Шефы и вожатые забегали, но значка так и не нашли. (12)Я сказала: ""Да ладно, ничего..."" (13)Однако настроение испортилось. (14)Я продолжала размышлять. (15)Однажды мы с мамой отвели домой старика. (16)Он потерял ботинок и сидел в одном носке. (17)Мама сказала: нельзя бросать его на улице, может у него несчастье. (18)Мы спросили, где он живет, и отвели по адресу. (19)От этого поступка, наверняка, большая польза, потому что человек дома и семья не волновалась. (20)Но самым счастливым днем это не назовешь: ну отвели и отвели... 
 (21)Я перегнулась вправо и заглянула в тетрадь Машки Гвоздевой. (22)Я там ничего не разобрала, но Машка, наверняка, пишет, что самый счастливый день был тот, когда у них взорвался синхрофазотрон и им дали новый. (23)Эта Машка просто помешана на схемах и формулах. (24)Ленка Коновалова перевернула страницу - исписала уже половину тетради. (25)А я все сижу и шарю в памяти своей самый счастливый день. 
 (26)Вообще, если честно, мои самые счастливые дни - это когда я возвращаюсь из школы и никого нет дома. (27)Тогда я радуюсь возможности жить как хочу: ничего не разогреваю, ем прямо из сковородки, потом включаю проигрыватель на полную громкость, зову Ленку Коновалову, и мы начинаем мерить мамины платья и танцевать. (28)Потом Ленка уходит, а я сажусь в кресло, закутываюсь в плед и читаю. (29)Сейчас я читаю рассказы Кортасара. (30)У него в рассказе ""Конец игры"" есть слова ""невыразимо прекрасно"". (31)Они так действуют на меня, что я поднимаю глаза и думаю: иногда мне кажется, что жизнь невыразимо прекрасна, а иногда становится все отвратительным. 
 (32)Я посмотрела на часы. (33)Осталось шестнадцать минут. (34)Я решила написать, как мы сажали вокруг школы деревья. (35)Где-то я прочитала: каждый человек за свою жизнь должен посадить дерево, родить ребенка и написать книгу о времени, в котором жил. (36)Я вспомнила, как в тот день тащила ведро чернозема, поругалась с Женькой, но, как бы там ни было, дерево прижилось и останется будущим поколениям. (37)Значит, содержание учительнице понравится, она поставит мне пятерку. 
 (38)Я снова посмотрела на часы. (39)Осталось одиннадцать минут. (40)Я взяла ручку и стала писать о том, как мы с папой пошли утром в кино, а потом поехали к бабушке. (41)И пусть учительница ставит мне что хочет. (42)Я написала, что кинокомедия была ужасно смешная и мы так хохотали, что на нас даже оборачивались. (43)А у бабушки было как всегда. (44)Мы сидели на кухне и ели очень вкусную рыбу. (45)Но дело ведь не в еде, а в обстановке. (46)Меня все любили и откровенно мною восхищались. (47)И я тоже всех любила на сто процентов и тем самым приносила огромную пользу. (48)У меня глаза папины, у папы - бабушкины: карие, бровки домиком. (49)Мы глядели друг на друга одними и теми же глазами и чувствовали одно и то же. (50)И были как дерево: бабушка - корни, папа - ствол, а я - ветки, которые тянутся к солнцу. 
 (51)И это было невыразимо прекрасно. 
 (52)Конечно, это был не самый счастливый день в моей жизни. (53)Просто счастливый. (54)А самого счастливого дня у меня не было. (55)Он у меня - впереди. 
 (По В.С. Токаревой*) 
 
"
416,"Текст Толстого А. 
 (1)Русский характер! (2)Поди-ка опиши его... (З)Рассказывать ли о героических подвигах? (4)Но их столько, что растеряешься, который предпочесть. 
 (5)На войне, вертясь постоянно около смерти, люди делаются лучше, всякая чепуха с них слезает, как нездоровая кожа после солнечного ожога, и остаётся в человеке ядро. (6)Разумеется, у одного оно покрепче, у другого послабее, но те, у кого ядро с изъяном, тянутся, каждому хочется быть хорошим и верным товарищем. 
 (7)Приятель мой, Егор Дрёмов, и до войны был строгого поведения, чрезвычайно уважал и любил мать, Марью Поликарповну, и отца своего, Егора Егоровича, выполнял его завет: «Многое увидишь на свете, сынок, и за границей побываешь, но русским званием — гордись...» 
 (8)Про военные подвиги тоже не любил разглагольствовать: нахмурится и закурит. 
 (9)Про боевые дела его танка мы узнавали со слов экипажа, в особенности удивлял слушателей водитель Чувилев. 
 — (10)Понимаешь, тигра стволом-то водит, а товарищ лейтенант как даст ему в бок, как даст ещё в башню — он и хобот задрал, как даст в третий — у тигра изо всех щелей повалил дым, пламя как рванётся из него на сто метров вверх... 
 (11)Так воевал лейтенант Егор Дрёмов, покуда не случилось с ним несчастье. 
 (12)Во время Курского побоища, когда немцы уже истекали кровью и дрогнули, его танк — на бугре, на пшеничном поле — был подбит снарядом, двое из экипажа тут же убиты, от второго снаряда танк загорелся. (13)Водитель Чувилев, выскочивший через передний люк, опять взобрался на броню и успел вытащить лейтенанта: он был без сознания, комбинезон на нём горел. (14)Чувилев кидал пригоршнями рыхлую землю на лицо лейтенанта, на голову, на одежду, чтобы сбить огонь. (15)Потом пополз с ним от воронки к воронке на перевязочный пункт... 
 (16)Егор Дрёмов выжил и даже не потерял зрение, хотя лицо его было так обуглено, что местами виднелись кости. (17)Восемь месяцев он пролежал в госпитале, ему делали одну за другой пластические операции, восстановили и нос, и губы, и веки, и уши. (18)Через восемь месяцев, когда были сняты повязки, он взглянул на своё и теперь не своё лицо. (19)Медсестра, подавшая ему маленькое зеркальце, отвернулась и заплакала. (20)Он тотчас ей вернул зеркальце. 
 — (21)Бывает хуже,— сказал он,— а с этим жить можно. 
 (22)Но больше он не просил зеркальце у медсестры, только часто ощупывал своё лицо, будто привыкал к нему. 
 (23)Комиссия нашла его годным к нестроевой службе. (24)Тогда он пошёл к генералу. 
 (25)Прошу вашего разрешения вернуться в полк. 
 — (26)Но вы же инвалид,— сказал генерал. 
 — (27)Никак нет, я урод, но это делу не помешает, боеспособность восстановлю полностью! 
 (28)То, что генерал во время разговора старался не глядеть на него, Егор Дрёмов отметил и только усмехнулся лиловыми, прямыми, как щель, губами. 
 (29)Да, вот они, русские характеры! (30)Кажется, прост человек, а придёт суровая беда, в большом или в малом, и поднимается в нём великая сила — человеческая красота. 
 (По А. Н. Толстому*) 
 * Алексей Николаевич Толстой (1882-1945 гг.) — русский советский писатель и общественный деятель, автор социально-психологических, исторических и научно-фантастических романов, повестей и рассказов, публицистических произведений. 
"
417,"Текст Толстого А.Н. 
 (1)В кабинете редактора большой либеральной газеты «Слово народа» шло чрезвычайное редакционное заседание, и так как вчера законом спиртные напитки были запрещены, то к редакционному чаю, сверх обычая, были поданы коньяк и ром. 
 (2)Матерые, бородатые либералы сидели в глубоких креслах, курили табак и чувствовали себя сбитыми с толку. (3)Молодые сотрудники разместились на подоконниках и на знаменитом кожаном диване, оплоте оппозиции, про который один известный писатель выразился неосторожно, что там — клопы. 
 (4)Редактор, седой и румяный, английской повадки мужчина, говорил чеканным голосом, — слово к слову, — одну из своих замечательных речей,
которая должна была и на самом деле дала линию поведения всей либеральной печати. 
 — (5)…Сложность нашей задачи в том, что, не отступая ни шагу от оппозиции царской власти, мы должны перед лицом опасности, грозящей целостности Российского государства, подать руку этой власти. (6)Наш жест должен быть честным и открытым. (7)Вопрос о вине царского правительства, вовлекшего Россию в войну, есть в эту минуту вопрос второстепенный. (8)Мы должны победить, а затем судить виновных. (9)Господа, в то время как мы здесь разговариваем, под Красноставом происходит кровопролитное сражение, куда в наш прорванный фронт брошена наша гвардия. (10)Исход сражения ещё не известен, но помнить надлежит, что опасность грозит Киеву. (11)Нет сомнения, что война не может продолжаться долее трех-четырех месяцев, и какой бы ни был ее исход, — мы с гордо поднятой головой скажем царскому правительству: в тяжёлый час мы были с вами, теперь мы потребуем вас к ответу… 
 
 (13)Убейте, не понимаю. (14)Простая логика говорит, что мы должны отмежеваться от этой авантюры, а вслед за нами — и вся интеллигенция.
(15)Пускай цари ломают себе шеи, — мы только выиграем. 
 — (16)Да, уж знаете, протягивать руку Николаю Второму, как хотите, — противно, господа, — пробормотал Альфа, передовик, выбирая в сухарнице
пирожное, — во сне холодный пот прошибёт… 
 
 — (18)Что же это такое — капитуляция? — я спрашиваю. 
 — (19)Позорный конец всему прогрессивному движению? 
 — (20)А я, господа, все-таки хотел бы, чтобы кто-нибудь объяснил мне цель этой войны. 
 — (21)Вот когда немцы намнут шею, — тогда узнаете. 
 — (22)Эге, батенька, да вы, кажется, националист! 
 — (23)Просто — я не желаю быть битым. 
 — (24)Да ведь бить-то будут не вас, а Николая Второго. 
 — (25)Позвольте… (26)А Польша? (27)А Волынь? (28)А Киев? 
 — (29)Чем больше будем биты, — тем скорее настанет революция. 
 — (30)А я ни за какую вашу революцию не желаю отдавать Киева… 
 — (31)Петр Петрович, стыдитесь, батенька… 
 (32)С трудом восстановив порядок, редактор разъяснил, что на основании циркуляра о военном положении военная цензура закроет газету за малейший
выпад против правительства и будут уничтожены зачатки свободного слова, в борьбе за которое положено столько сил. 
 — (33)…Поэтому предлагаю уважаемому собранию найти приемлемую точку зрения. (34)Со своей стороны, смею высказать, быть может, парадоксальное мнение, что нам придется принять эту войну целиком, со всеми последствиями. (35)Не забывайте, что война чрезвычайно популярна в обществе. (36)В Москве ее объявили второй отечественной. — (37)Он тонко улыбнулся и опустил глаза. – (38)Государь был встречен в Москве почти горячо. (39)Мобилизация среди простого населения проходит так, как этого ожидать не могли и не смели… 
 — (40)Василий Васильевич, да вы шутите или нет? — (41)Уже совсем жалобным голосом воскликнул Белосветов. — (42)Да ведь вы целое
мировоззрение рушите… (43)Идти помогать правительству? (44)А десять тысяч лучших русских людей, гниющих в Сибири?... (45)А расстрелы рабочих?...
(46)Ведь еще кровь не обсохла. 
 (По А. Н. Толстому*) 
 Примерный круг проблем:   
 1. В чем проявляется истинный патриотизм? 
 2. Что может объединить людей перед лицом опасности? 
 3. Что способно объединить людей с разными взглядами?   
 4. В каких ситуациях особенно важно пойти на компромисс? 
 5. Какую роль должна играть журналистика в военное время? 
"
418,"Текст Толстого Л. 
  (1)Счастливая, счастливая, невозвратимая пора детства! (2)Как не любить, не лелеять воспоминаний о ней? (3)Воспоминания эти освежают, возвышают мою душу и служат для меня источником лучших наслаждений… 
 (4)Набегавшись досыта, сидишь, бывало, за чайным столом, на своём высоком креслице. (5)Уже поздно, давно выпил свою вечернюю чашку молока с сахаром, сон смыкает глаза, но не трогаешься с места, сидишь и слушаешь. (6)Maman говорит с кем-нибудь, и звуки голоса её так сладки, так приветливы. (7)Одни звуки эти так много говорят моему сердцу! 
 (8)Отуманенными дремотой глазами я пристально смотрю на её лицо, и вдруг она сделалась вся маленькая, маленькая –  лицо её не больше пуговки. (9)Но оно мне всё так же ясно видно: вижу, как она улыбнулась мне. (10)Мне нравится видеть её такой крошечной. (11)Я прищуриваю глаза ещё больше, и она делается ещё меньше. (12)Но я пошевелился –  и очарование разрушилось. (13)Я суживаю глаза, поворачиваюсь, всячески стараюсь возобновить его, но напрасно. (14)Я встаю, с ногами забираюсь и уютно укладываюсь на кресло. 
 – (15)Ты опять заснёшь, Николенька, – говорит мне maman, – ты бы лучше шёл наверх. 
 – (16)Я не хочу спать, maman, – ответишь ей, и неясные, но сладкие грёзы наполняют воображение, здоровый детский сон смыкает веки, и через минуту забудешься и спишь до тех пор, пока не разбудят. 
 (17)Чувствуешь, бывало, впросонках, что чья-то нежная рука трогает тебя; по одному прикосновению узнаёшь её и ещё во сне невольно схватишь эту руку и крепко, крепко прижмёшь её к губам. 
 (18)Все уже разошлись; одна свеча горит в гостиной; maman сказала, что сама разбудит меня. (19)Это она присела на кресло, на котором я сплю, своей чудесной нежной ручкой провела по моим волосам, и над ухом моим звучит милый знакомый голос: «Вставай, моя душечка: пора идти спать». 
 (20)Ничьи равнодушные взоры не стесняют её: она не боится излить на меня всю свою нежность и любовь. (21)Я не шевелюсь, но ещё крепче целую её руку. 
 – (22)Вставай же, мой ангел. 
 (23)Она другой рукой берёт меня за шею, и пальчики её быстро шевелятся и щекочут меня. (24)В комнате тихо, полутемно; мамаша сидит подле самого меня; я слышу её голос. (25)Всё это заставляет меня вскочить, обвить руками её шею, прижать голову к её груди. 
 (26)Она ещё нежнее целует меня. 
 (27)После этого, как, бывало, придёшь наверх и начнёшь укладываться в своем ваточном халатце, какое чудесное чувство испытываешь, говоря: «Люблю папеньку и маменьку». 
 (28)Помню, завернёшься, бывало, в одеяльце; на душе легко, светло и отрадно; одни мечты гонят другие, но о чём они? 
 (29)Они неуловимы, но исполнены чистой любовью и надеждами на светлое счастие. (30)Вспомнишь любимую фарфоровую игрушку –  зайчика или собачку – уткнёшь её в угол пуховой подушки и любуешься, как хорошо, тепло и уютно ей там лежать. (31)Ещё подумаешь о том, чтобы было счастие всем, чтобы все были довольны и чтобы завтра была хорошая погода для гулянья, повернёшься на другой бок, мысли и мечты перепутаются, и уснёшь тихо, спокойно. 
 (32)Вернутся ли когда-нибудь та свежесть, беззаботность, потребность любви и сила веры, которыми обладаешь в детстве? (33)Какое время может быть лучше того, когда две лучшие добродетели – невинная весёлость и беспредельная потребность любви –  были единственными побуждениями в жизни? 
 (По Л.Н. Толстому*) 
 * Лев Николаевич Толстой (1828–1910) – русский писатель, мыслитель, просветитель, почётный академик Петербургской академии наук. 
 
"
419,"Текст Толстого Л.  
 (1)−Убить!.. (2)Застрелить!.. (3)Сейчас застрелить мерзавца!.. (4)Без пощады!.. (5)Убийца!.. (6)Убить его! − кричали мужские, женские голоса толпы. 
 (7)Огромная толпа народа вела по улице связанного человека. (8)Человек этот, высокий, прямой, шёл твёрдым шагом, высоко поднимая голову. (9)На красивом, мужественном лице его было выражение презрения и злобы к окружающим его людям. 
 (10)Это был один из тех людей, которые в войне народа против власти воюют на стороне власти. (11)Его схватили теперь и вели на казнь. 
 (12)−Это городовой, он ещё утром стрелял по нам! − кричали в толпе. 
 (13)Толпа не останавливалась, и его вели дальше. (14)Когда же пришли на ту улицу, где на мостовой лежали вчерашние не убранные ещё тела убитых войсками, толпа освирепела. 
 (15)−Нечего оттягивать! (16)Сейчас тут и застрелить негодяя, куда ещё водить его? − кричали люди. 
 (17)Пленный хмурился и только выше поднимал голову. (18)Он, казалось, ненавидел толпу ещё более, чем толпа ненавидела его. 
 (19)−Перебить всех! (20)Шпионов! (21)Царей! (22)Попов! (23)И этих мерзавцев! (24)Убить, убить сейчас! − взвизгивали женские голоса. 
 (25)Но руководители толпы решили довести его до площади и там разделаться с ним. 
 (26)До площади уже было недалеко, когда в минуту затишья в задних рядах толпы послышался плачущий детский голосок. 
 (27)−Батя! Батя! − всхлипывая, кричал шестилетний мальчик, втискиваясь в толпу, чтобы добраться до пленного. (28)−Батя! (29)Что они с тобой делают? (30)Постой, постой, возьми меня, возьми!.. 
 (31)Крики остановились в той стороне толпы, с которой шёл ребёнок, и толпа, расступаясь перед ним, как перед силой, пропускала ребёнка всё ближе и ближе к отцу. 
 (32)−Тебе сколько лет, мальчик? 
 (33)−Что вы с батей хотите делать? − отвечал мальчик. 
 (34)−Иди домой, мальчик, иди к матери, − сказал мальчику один из мужчин. 
 (35)Пленный уже слышал голос мальчика и слышал, что говорили ему. (36)Лицо его стало ещё мрачнее. 
 (37)−У него нет матери! − крикнул он на слова того, кто отсылал ребёнка к матери. 
 (38)Всё ближе и ближе протискиваясь в толпе, мальчик добрался до отца и полез к нему на руки. (39)В толпе кричали всё то же: (40)«Убить! (41)Повесить! (42)Застрелить мерзавца!» 
 (43)И пленный спустил с рук мальчика и подошёл к тому человеку, который распоряжался в толпе. 
 (44)−Послушайте, − сказал он, − убивайте меня, как и где хотите, но только не при нём, − он показал на мальчика. (45)−Развяжите меня на две минуты и держите за руку, а я скажу ему, что мы с вами гуляем, что вы мне приятель, и он уйдёт. (46)А тогда... тогда убивайте, как хотите. 
 (47)Руководитель согласился. 
 (48)Тогда пленный взял опять мальчика на руки и сказал: 
 (49)−Будь умник, пойди к соседке Кате. 
 (50)−А ты что же? 
 (51)−Ты видишь, я гуляю вот с этим приятелем, мы пройдём немного, а ты иди, а я приду. (52)Иди же, будь умник. 
 (53)Мальчик уставился на отца, нагнул головку на одну сторону, потом на другую и задумался. 
 (54)−Иди, милый, я приду. 
 (55)−Придёшь? 
 (56)И ребёнок послушался. (57)Одна женщина вывела его из толпы. 
 (58)Когда ребёнок скрылся, пленный сказал: 
 (59)−Теперь я готов, убивайте меня. 
 (60)И тут случилось что-то совсем непонятное, неожиданное. (61)Какой-то один и тот же дух проснулся во всех этих за минуту жестоких, безжалостных, ненавидящих людях, и одна женщина сказала: 
 (62)−А знаете что. (63)Пустить бы его. 
 (64)−И то, бог с ним, − сказал ещё кто-то. (65)− Отпустить. 
 (66)−Отпустить, отпустить! − загремела толпа. 
 (67)И гордый, безжалостный человек, за минуту до этого ненавидевший толпу, зарыдал, закрыл лицо руками и, как виноватый, выбежал из толпы, и никто не остановил его. 
 (по Л. Н. Толстому*) 
 *Лев Николаевич Толстой (1828−1910) − всемирно известный русский прозаик, драматург, публицист. 
 
"
420,"Текст Толстого Л. 
 (1)Софья Ивановна была одной из тех редких немолодых женщин, рождённых для семейной жизни, которым судьба отказала в этом счастии и которые вследствие этого отказа весь тот запас любви, который так долго хранился, рос и креп в их сердце для детей и мужа, решаются вдруг изливать на некоторых избранных. (2)И запас этот у старых девушек такого рода бывает так неистощим, что, несмотря на то что избранных много, ещё остаётся много любви, которую они изливают на всех окружающих, на всех добрых и злых людей, которые только сталкиваются с ними в жизни. 
 (3)Есть три рода любви: любовь красивая, любовь самоотверженная и любовь деятельная. 
 (4)Я говорю про любовь к человеку, которая, смотря по большей или меньшей силе души, сосредоточивается на одном, на некоторых или изливается на многих. (5)Про любовь к матери, к отцу, к брату, к детям, к товарищу, к подруге, к соотечественнику, про любовь к человеку. 
 (6)Любовь красивая заключается в любви к красоте самого чувства и его выражения. (7)Люди, которые любят красивой любовью, очень мало заботятся о взаимности как об обстоятельстве, не имеющем никакого влияния на красоту и приятность чувства. (8)Они часто переменяют предметы своей любви, так как их главная цель состоит только в том, чтоб приятное чувство любви было постоянно возбуждаемо. (9)Для того чтобы поддержать в себе это приятное чувство, они постоянно в самых изящных выражениях говорят о своей любви как самому предмету, так и всем тем, кому даже и нет до этой любви никакого дела. 
 (10)Для людей, которые так любят, любимый предмет любезен настолько, насколько он возбуждает то приятное чувство, сознанием и выражением которого они наслаждаются. 
 (11)Второго рода любовь – любовь самоотверженная, она заключается в любви к процессу жертвования собой для любимого предмета, при этом не обращается внимание на то, хуже или лучше от этих жертв любимому предмету. (12)Люди, любящие так, никогда не верят взаимности. (13)Им всё равно, хорошо ли вы ели, хорошо ли спали, весело ли вам, здоровы ли вы, и они ничего не сделают, чтоб доставить вам эти удобства, ежели они в их власти. (14)Но стать под пулю, броситься в воду, в огонь, зачахнуть от любви – на это они всегда готовы, ежели только встретится случай. 
 (15)Кроме того, люди, склонные к любви самоотверженной, бывают всегда горды своею любовью, взыскательны, ревнивы, недоверчивы и, странно сказать, желают своим предметам опасностей, чтоб избавлять от них, несчастий, чтоб утешать, и даже пороков, чтоб исправлять от них. 
 (16)Третий род – любовь деятельная, она заключается в стремлении удовлетворять все нужды, все желания, прихоти, даже пороки любимого существа. (17)Люди, которые любят так, любят на всю жизнь. (18)Любовь их редко выражается словами, и если выражается, то не только не самодовольно, красиво, но и стыдливо, неловко, потому что они всегда боятся, что любят недостаточно. (19)Люди эти любят даже пороки любимого существа, потому что пороки эти дают им возможность удовлетворять ещё новые желания. (20)Они ищут взаимности, охотно даже обманывая себя, верят в неё и счастливы, если имеют её; но любят всё так же и не только желают счастия для любимого предмета, но всеми моральными и материальными, большими и мелкими средствами, которые находятся в их власти, постоянно стараются доставить его… 
 (21)И вот эта-то деятельная любовь к своему племяннику, племяннице, к сестре светилась в глазах, в каждом слове и движении Софьи Ивановны. 
 (22)Только годы спустя я оценил вполне Софью Ивановну, но и тогда мне пришёл в голову вопрос: почему Дмитрий, старавшийся понимать любовь совершенно иначе, чем обыкновенно молодые люди, и имевший всегда перед глазами милую, любящую Софью Ивановну, вдруг страстно полюбил непонятную Любовь Сергеевну и только допускал, что в его тётке есть тоже хорошие качества. 
 (По Л.Н. Толстому*) 
 * Лев Николаевич Толстой (1828–1910) – один из величайших русских писателей и мыслителей. 
 
"
421,"Текст Толстого Л. 
 (1)Первое впечатление ваше непременно самое неприятное; странное смешение лагерной и городской жизни, красивого города и грязного бивуака не только не красиво, но кажется отвратительным беспорядком; вам даже покажется, что все перепуганы, суетятся, не знают, что делать. (2)Но вглядитесь ближе в лица этих людей, движущихся вокруг вас, и вы поймёте совсем другое. (3)Посмотрите хоть на этого фурштатского солдатика, который ведёт поить какую-то гнедую тройку и так спокойно мурлыкает себе что-то под нос, что, очевидно, он не заблудится в этой разнородной толпе, которой для него и не существует, но что он исполняет своё дело, какое бы оно ни было — поить лошадей или таскать орудия, — так же спокойно, и самоуверенно, и равнодушно, как бы всё это происходило где-нибудь в Туле или в Саранске. (4)То же выражение читаете вы и на лице этого офицера, который в безукоризненно белых перчатках проходит мимо, и в лице матроса, который курит, сидя на баррикаде, и в лице рабочих солдат, с носилками дожидающихся на крыльце бывшего Собрания, и в лице этой девицы, которая, боясь замочить своё розовое платье, по камешкам перепрыгивает чрез улицу. 
 (5)Да! вам непременно предстоит разочарование, ежели вы в первый раз въезжаете в Севастополь. (6)Напрасно вы будете искать хоть на одном лице следов суетливости, растерянности или даже энтузиазма, готовности к смерти, решимости, — ничего этого нет: вы видите будничных людей, спокойно занятых будничным делом, так что, может быть, вы упрекнёте себя в излишней восторженности, усомнитесь немного в справедливости понятия о геройстве защитников Севастополя, которое составилось в вас по рассказам, описаниям и вида и звуков с Северной стороны. (7)Но прежде чем сомневаться, сходите на бастионы, посмотрите защитников Севастополя на самом месте защиты или, лучше, зайдите прямо напротив в этот дом, бывший прежде Севастопольским собранием, — вы увидите там защитников Севастополя, увидите там ужасные и грустные, великие и забавные, но изумительные, возвышающие душу зрелища. 
 (8)Вы входите в большую залу Собрания. (9)Только что вы отворили дверь, вид и запах сорока или пятидесяти ампутационных и самых тяжело раненных больных, одних на койках, большей частью на полу, вдруг поражает вас. (10)Не верьте чувству, которое удерживает вас на пороге залы, — это дурное чувство, — идите вперёд, не стыдитесь того, что вы как будто пришли смотреть на страдальцев, не стыдитесь подойти и поговорить с ними: несчастные любят видеть человеческое сочувствующее лицо, любят рассказать про свои страдания и услышать слова любви и участия. (11)Вы проходите посредине постелей и ищете лицо менее строгое и страдающее, к которому вы решитесь подойти, чтобы побеседовать. 
 — (12)Ты куда ранен? — спрашиваете вы нерешительно и робко у одного старого исхудалого солдата, который, сидя на койке, следит за вами добродушным взглядом и как будто приглашает подойти к себе. (13)Я говорю: «робко спрашиваете», потому что страдания, кроме глубокого сочувствия, внушают почему-то страх оскорбить и высокое уважение к тому, кто перенесёт их. 
 — (14)В ногу, — отвечает солдат; но в это самое время вы сами замечаете по складкам одеяла, что у него ноги нет выше колена. — (15)Слава Богу теперь, — прибавляет он, — на выписку хочу. 
 — (16)А давно ты уже ранен? 
 — (17)Да вот шестая неделя пошла, ваше благородие! 
 — (18)Что же, болит у тебя теперь? 
 — (19)Нет, теперь не болит, ничего; только как будто в икре ноет, когда непогода, а то ничего. 
 — (20)Как же ты это был ранен? 
 — (21)На пятом баксионе, ваше благородие, как первая бандировка была: навёл пушку, стал отходить, этаким манером, к другой амбразуре, как он ударит меня по ноге, ровно как в яму оступился. (22)Глядь, а ноги нет. 
 — (23)Неужели больно не было в эту первую минуту? 
 — (24)Ничего; только как горячим чем меня пхнули в ногу. 
 (25)В это время к вам подходит женщина в сереньком полосатом платье и повязанная чёрным платком; она вмешивается в ваш разговор с матросом и начинает рассказывать про него, про его страдания, про отчаянное положение, в котором он был четыре недели, про то, как, бывши ранен, остановил носилки, с тем чтобы посмотреть на залп нашей батареи, как великие князья говорили с ним и пожаловали ему двадцать пять рублей, и как он сказал им, что он опять хочет на бастион, с тем чтобы учить молодых, ежели уже сам работать не может. 
 (26)Говоря всё это одним духом, женщина эта смотрит то на вас, то на матроса, который, отвернувшись и как будто не слушая её, щиплет у себя на подушке корпию, и глаза её блестят каким-то особенным восторгом. 
 — (27)Это хозяйка моя, ваше благородие! — замечает вам матрос с таким выражением, как будто говорит: «Уж вы её извините. (28)Известно, бабье дело — глупые слова говорит». 
 (29)Вы начинаете понимать защитников Севастополя; вам становится почему-то совестно за самого себя перед этим человеком. (30)Вам хотелось бы сказать ему слишком много, чтобы выразить ему своё сочувствие и удивление; но вы не находите слов или недовольны теми, которые приходят вам в голову. 
 (По Л.Н. Толстому*) 

* Лев Николаевич Толстой (1828–1910) – один из величайших русских писателей и мыслителей. 
 
"
422,"Текст Толстого Л.   
 (1)Ничто так не мешает улучшению жизни людей, как то, что они хотят улучшить свою жизнь делами насилия. (2)Насилие же людей над людьми более всего отвлекает людей от того одного, что может улучшить их жизнь, а именно от того, чтобы стараться самим становиться лучше. 
 (3)Только те люди, которым выгодно властвовать над другими людьми, могут верить в то, что насилие может улучшить жизнь людей. (4)Людям же, не подпавшим этому суеверию, должно бы быть ясно видно, что жизнь людей может измениться к лучшему только от их внутреннего душевного изменения, а никак не от тех насилий, которые над ними делаются. 
 (5)Чем меньше человек доволен собою и своею внутреннею жизнью, тем больше он проявляет себя во внешней, общественной жизни. 
 (6)Для того, чтобы не впадать в эту ошибку, человек должен понимать и помнить, что он так же не властен и не призван устраивать жизнь других, как и другие не властны и не призваны устраивать его жизнь, что он и все люди призваны только к одному своему внутреннему совершенствованию, в этом одном всегда властны и этим одним могут воздействовать на жизнь других людей. 
 (7)Люди очень часто живут дурно только оттого, что они заботятся о том, как устроить жизнь других людей, а не свою собственную. 
 (8)Им кажется, что своя жизнь только одна, и потому устройство ее не так важно, как важно устройство многих, всех жизней. (9)Но они забывают при этом то, что в устройстве своей жизни они властны, а устраивать чужую жизнь они не могут. 
 (10)Если бы то время и те силы, которые расходуются людьми теперь на устроительство жизни людей, расходовались бы каждым на дело борьбы с своими грехами, то то самое, чего желают достигнуть люди - наилучшее устройство жизни, - было бы очень скоро достигнуто. 
 (11)Устройство общей жизни людей посредством законов, поддерживаемых насилием, без внутреннего совершенствования, это все равно что перекладывание без извести из неотесанных камней на новый лад разваливающееся здание. (12)Как ни клади, все не будет толка, и здание все будет разваливаться. 
 (13)В молодых годах люди верят, что назначение человечества в постоянном совершенствовании и что возможно и даже легко исправить все человечество, уничтожить все пороки и несчастья. (14)Мечты эти не смешны, а, напротив, в них гораздо больше истины, чем в суждениях старых, завязших в соблазнах людей, когда люди эти, проведшие всю жизнь не так, как это свойственно человеку, советуют людям ничего не желать, не искать, а жить, как животное. (15)Ошибка мечтаний молодости только в том, что совершенствование себя, своей души юноши переносят на других. 
 (16)Делай свое дело жизни, совершенствуя и улучшая свою душу, и будь уверен, что только этим путем ты будешь самым плодотворным образом содействовать улучшению общей жизни. 
 (17)Если ты видишь, что устройство общества дурно, и ты хочешь исправить его, то знай, что для этого есть только одно средство: то, чтобы все люди стали лучше; а для того, чтобы люди стали лучше, в твоей власти только одно: самому сделаться лучше. 
 (18)Во всех случаях, где употребляется насилие, прилагай разумное убеждение, и ты редко потеряешь в мирском смысле и всегда будешь в большом выигрыше в духовном. 
 (По Л.Н. Толстому*) 
"
423,"Текст Трифонова Ю. 
 (1)Чехов приходит к нам в детстве и сопровождает нас всю жизнь: так же, как Свифт, Сервантес, Пушкин, Толстой. (2)Это качество гениев.  
 (3)Детьми нас поражает история рыжей собачки, похожей на лисицу, помеси таксы с дворняжкой (помните смерть гуся, бедного гуся Ивана Ивановича? Помните, помните! То, что потрясло в детстве, - не забывается), и путешествие Белолобого в волчью нору, и ужасный, непоправимый поступок мальчика Ваньки Жукова, который писал письмо «на деревню дедушке», и, конечно, это письмо не дойдет. (4) Это - на заре жизни. (5) Каждая книга открывается, как неизведанный мир, и мир открывается, как книга.  
 (6) В Чехове необыкновенно не только то необыкновенно простое, о чем он рассказывает, но и сам тон его рассказов. (7) Он разговаривает с нами, как со взрослыми, то печально, то с улыбкой, и никогда ничему не поучает. (8) Вот это особенно приятно.  
 (9) Потом наступает увлечение Антошей Чехонте, Чеховым «Осколков» и «Будильника». (10) Нет ничего смешнее маленьких рассказиков, где одни разговоры - но какие! (11) Ах, что за удовольствие читать вслух про глупых чиновников, смешных помещиков, жалких актеришек, крестьян с куриными мозгами! (12) А бесчисленные дачники, гувернантки, гимназисты, женихи, кухарки, тетки, городовые, с которыми случаются такие уморительные истории с неожиданными концами! (13) Ведь это смешно, когда ловят налима. (14) Кучер Василий лезет в воду: «Я сичас... Который тут налим?»  
 (15) Чехов - любимый писатель юности. (16) Он и сам юн, когда создаются эти шедевры юмора, любит шутку, веселье, выдумка его неистощима, он работает упоенно, с блистательной быстротой...  
 (17) Мы становимся старше, и меняется наша любовь к Чехову. (18)Она меняется всю жизнь. (19) Она вырастает тихо и незаметно, как куст сирени в саду. (20)Уже не «Заблудшие», не «Пересолил» восхищают нас, а поэтичный «Дом с мезонином», грустный и трогательный «Поцелуй», рассказ о даме с собачкой, о доброй Ольге Семеновне, которую все называли душечкой, об учителе Беликове.  
 (21) А потом нам открывается бескрайний, ошеломляющий простор «Степи», мы угадываем затаенные глубины в «Крыжовнике», в «Мужиках», в «Ионыче», понимаем «Скучную историю», понимаем «Студента».  
 (22) Нас пленяет театр Чехова.  
 (23) И ещё остаются его письма, которые можно читать долго, до конца жизни, и до конца жизни будет длиться наше узнавание Чехова. (24)И будет расти, расцветать наша любовь к нему.  
 (25) Чехов совершил переворот в области формы. (26) Он открыл великую силу недосказанного. (27) Силу, заключающуюся в простых словах, в краткости.  
 (28) Чехов писал не о человечестве, но о людях. (29) Его интересовало не бытие человека, а жизнь его. (30) Жизнь одного конкретного человека. (31) Он делал эту работу с гениальным изяществом, с непоколебимой смелостью и с великим желанием сделать человека счастливым.  
 (32) Холодным осенним вечером, у костра, студент Иван Великопольский рассказывает двум крестьянским женщинам историю про то, как Петр предал Христа во дворе первосвященника. (33) Для студента Петр не евангельская фигура, а живой человек, который плачет над своей слабостью. (34) «И исшед вон, плакася горько». (35) Женщины взволнованы рассказом, одна из них, старуха Василиса, тоже заплакала – а ведь какое ей дело до событий, произошедших девятнадцать веков назад? (36) И студент подумал, что «прошлое связано с настоящим неопределенной цепью событий, вытекающих одно из другого. (37) И ему показалось, что он только что видел оба конца этой цепи: дотронулся до одного конца, как дрогнул другой».  
 (38) Так же как студент у костра, Чехов сумел в своем творчестве дотронуться до незримой цепи, связующей поколения, и она задрожала от него, от его сильных и нежных рук, и все еще дрожит, и будет дрожать долго... 
 (39) В самом деле, разве не удивительно: нам понятны и близки мысли и чувства чеховских героев! (40) Ведь наша страна изменилась неузнаваемо, изменились нравы, быт людей, строй жизни, весь мир, нас окружающий. (41) И однако – как близки, как понятны! (42) Но не щемящая сердце грусть, не безнадежная мечтательность чеховских героев делают их такими близкими. (43) Нас волнует другое. (44) Мы чувствуем исходящий из чеховских рассказов и пьес страстный призыв: «Люди, сделайтесь лучше! Будьте добрее, красивее, чище! Станьте счастливыми!»  
 (45) Этот призыв к совершенству и счастью, окрыляющий все творчество Чехова, будет волновать людей всегда. (46) Ибо всегда человек будет стремиться стать лучше. 
 (По Ю. Трифонову) 
"
424,"Текст Трифонова Ю. 
 Над письменным столом висит фотография отца в этом пальто — он без шапки, седоватые волосы вьются буйно и молодо над широким лбом, а глаза чуть прищурены, улыбаются насмешливо и проницательно, всё видя, всё понимая… Глаза у отца были тёмно-синие, а на фотографии они совсем чёрные, южные, очень живые. 
 Старые знакомые часто говорят матери: 
 — Дима стал очень похож на отца. Вылитый Пётр Андреевич! 
 Вадиму приятно это слышать — ему хочется быть похожим на отца. А Вера Фаддеевна, улыбаясь грустно и сдержанно, отвечает: 
 — Да, много общего… есть… 
 Отец погиб в начале войны, в декабре сорок первого года. Это была его третья война, хотя профессия у отца была самая мирная — учитель. Последние пятнадцать лет он работал директором школы. Когда отец вместе с другими ополченцами уезжал на фронт — это было в июле, на Белорусском вокзале, — провожать его пришло много учителей и школьной молодёжи. Все они стояли вокруг отца шумной, тесной толпой, говорили, перебивая друг друга, тёплые прощальные слова, а завуч отцовской школы Никитина, седенькая старушка в очках, даже всплакнула, и отец утешал ее и обнимал за плечи.
 Сам он был спокоен, говорил шутливо: 
 — Я же с немцами третий раз встречаюсь. Третий раз не страшно… 
 Вадиму непривычно и странно было видеть отца в тяжёлых солдатских сапогах, со скаткой шинели на плече, в пилотке. И пахло от него незнакомо: грубым сукном, кожей, табаком — он снова начал курить. Вадиму казалось, что отец весь как-то неуловимо и сурово изменился, и хотя они стоят рядом, держась за руки, но отец уже очень далёк от него, уже не принадлежит ни ему, ни матери, ни этим многочисленным добрым друзьям. Тот широколицый, рябой паренек в гимнастерке, туго заправленной за пояс, с двумя кубиками на петлицах, который пробежал, хрипло покрикивая: «По вагонам, по вагонам, товарищи!», был теперь во сто раз ближе к отцу, чем все они, вместе взятые. 
 Прощаясь с Вадимом, отец сказал: 
 — Главное — крепко верить, сынок. Это самое главное в жизни. Крепко верить — значит, наполовину победить. — И, сильно, по-мужски, сжав руку Вадима, добавил вполголоса: — Мать береги! Ты, брат, глава семьи теперь, опора… 
 Когда возвращались с вокзала, Вадим первый раз взял маму под руку. 
  Вадим всю дорогу молчал. Он думал о словах отца: «Ты теперь глава семьи, опора». Значит, он уже не мальчик, отец поручил ему беречь мать. Отец и раньше, уезжая в командировку или на курорт, говорил Вадиму нарочито громким и строгим голосом: «Смотри — маму береги!» Сегодня он это же сказал тихо и назвал маму необычно сурово — мать… Да, теперь начнется для Вадима новая жизнь, полная забот и ответственности. И Вадим раздумывал: когда же и с чего именно начинать ему эту новую жизнь? 
 А на следующей неделе «глава семьи» тайком от семьи пошёл в военкомат и попросился на фронт. Ему отказали, так как у него ещё не было паспорта, никто не поверил его словам, что ему уже семнадцать лет. Об этой неудачной попытке он не сказал никому. 
 Наступил сентябрь. Вадим должен был бы заканчивать в этом году десятый класс. Но занятия всё не начинались. Он поступил вместе с Сергеем в молодёжную пожарную команду Ленинского района и два месяца трудился день и ночь: ночью стоял на дежурстве, тушил зажигалки, ловил ракетчиков, а днем работал вместе со всей командой на дровяном складе, на разных вокзалах, чаще всего на речном — разгружал баржи с боеприпасами. Спать приходилось то вечером, то утром. 
 Стоя осенней ночью у чердачного окна в каком-нибудь доме на Полянке или на Коровьем валу, глядя на вспышки зениток в небе и мгновенно возникающие розовые нити трассирующих пуль, Вадим проникался новым ощущением — он был уже опорой не только семьи, но и опорой всей своей улицы, всего района, десятков, сотен семей, невидимо спящих или бодрствующих в кромешном мраке затемненного города. Он отвечал за жизни тысяч людей, за целость их домов. Позже, на фронте, это чувство ответственности ещё больше укрепилось в нём, и уже не улица, не город, а вся страна, казалось ему, стояла за его спиной, и он был ее опорой и отвечал за её судьбу. 
 (По Ю.Трифонову*) 
 *Юрий Валентинович Трифонов (1925-1981) – русский писатель.  
"
425,"Текст Троепольского Г. 
 (1)Тёмной осенней холодной ночью сидит в канаве собака. (2)И никому на свете не помочь ей сейчас. (3)А ей надо, очень надо идти к своей двери. (4)Бим попробовал подпрыгнуть, но упал. (5)Куда там! (6)И пошёл обратно по своему же следу, тихо, осторожно, прислушиваясь и в то же время нет-нет да и ощупывая стены. (7)В одном месте он обнаружил небольшую осыпь, стал на неё, приподнялся на заднюю лапу -теперь передние достали до отвала. (8)И Бим начал грести землю сверху вниз, под себя; чем больше он работал, тем выше становилась осыпь. (9)Бим отдыхал и работал вновь. (10)Наконец-то он смог опереться грудью о край канавы, но зато землю с отвала достать уже не мог. (П)Тогда он спустился вниз по своей горочке, полежал. (12)Так захотелось завыть, позвать хозяина или Толика, завыть дико, на весь город! (13)Но Бим обязан молчать - ведь он спутал след и притаился. (14)Вдруг он решительно встал, попятился от накопанного им холмика и, забыв о боли, взмахнул всем телом, как тряпкой, подскочил на холмике на обе задние ноги и упал на самый край канавы, в то углубление, что отрыл сам же, спуская вниз землю. (15)Как он смог превозмочь неимоверную боль и немощь? (16)Кто ж его знает... (17)Как, например, волк отгрызает себе лапу, защемлённую капканом? (18)Никто не скажет, как это возможно - своими же зубами перегрызть свою же ногу. (19)Можно ведь только предполагать, что волк делает это из инстинктивного стремления к свободе, а Бим забыл самого себя из-за неудержимого стремления к двери доброты и доверия. (20)Как бы там ни было, а Бим выбрался из западни и лежал в той ямке наверху. 
 (21)Ночь была холодная. (22)Город спал, каменно-железный, потихоньку скрежещущий даже ночью, и Бим долго ещё слушал и слушал. (23)Продрогнув, он всё-таки пошёл. (24)По пути он забрёл в открытый подъезд одного из домов, и только потому, что надо было обязательно прилечь, хотя бы на короткое время, - настолько он стал слаб. (25)Ложиться прямо на улице нельзя - погибнешь (он видел не раз собак, раздавленных автомобилем). (26)Да и холодно на асфальте. (27)А там, в подъезде, он прижался к тёплому радиатору и уснул. 
 (28)В чужом подъезде глубокой ночью спит чужая собака. 
 (29)Не обижайте такую собаку.  
 (По Г. Троепольскому) 
"
426,"Текст Туз Г.  
 (1)«Не нравится мне этот дядя: он какой-то жидкий!» (2)Я обернулась вслед мальчику, отъезжающему на руках у папы, и поискала глазами «жидкого дядю». (3)Дядя был мне знаком, он служил в одной из контор, в которой и я работала какое-то время. (4)Все в конторе ходили подавленные, со дня на день ожидая потери места работы. (4)Но дядя в уныние не впадал. (6)Он поднимал себе настроение оригинальным способом: выспрашивал всех насчёт их долгов. 
 – (7)А ты кому должен? – спрашивал дядя. – (8)А сколько? 
 (9)В ответ называлась, как правило, кругленькая сумма (все мы тогда жили в долг), и дядя начинал от удовольствия ухать, как филин. (10)Отухавшись, переходил к следующему донору настроения, и все начиналось по-новой. 
 (11)Я мысленно поблагодарила мальчика за точный термин, надо же, как метко высказался. (12)И не то чтобы он был каким-то особо подлым или злобным. (13)Он был жидкий, и этим всё сказано. 
 (14)Жидкие люди принимают форму сосуда, в который их наливают. (15)На них нельзя положиться, потому что на жидкость не опереться. (16)Их слова не стоит принимать всерьёз. (17)Жидкие люди тебя обтекают, заливаются в душу, ты тонешь, захлебываешься... (18)С ними нельзя контачить – предадут, продадут, а при этом еще и обставят все так умело, что будешь стоять с раскрытым ртом, а они тебе: «А в чем, собственногря, дело?..». (19)И прошлёпают мимо. 
 (20)И самое главное – с  ними вообще нельзя, как с людьми. (21)Жидкие люди – это не люди в обычном понимании. (22)У них нет остова, у них есть только панцирь-сосуд, и внутри него плещется не поддающаяся анализу жидкость. 
 (23)Я думаю, жидких людей много. (24)И их надо научиться распознавать. 
 (25)Но это я теперь такая мудрая, прям как черепаха Тортилла. (26)А по молодости лет… (27)В своё время донимала меня одна дамочка, звала к себе на работу. (28)Такие высоты и глубины, в смысле перспективы, открывала, такие планы перед моим мысленным взором разворачивала! (29)А я упиралась и на работу к ней не шла, не хотела. (30)Объяснить эту антипатию я себе не могла, потому испытывала перед дамочкой какое-то чувство вины – ну ничего ведь плохого она мне не сделала, на работу вот зовёт.   
 (31)И вот, когда давление этой стихии стало совсем уж непереносимым, я согласилась. (32)Являюсь в назначенный день. (33)Тетя проходит мимо по коридору, не здороваясь и даже голову в мою сторону не поворачивая. (34)Только углом рта шипит: «Никого принимать не будем!» (35)И гордо удаляется. 
 (36)Все эти годы я недоумевала: и зачем моей благодетельнице все это было надо? (37)И только теперь меня осенило: жидкие люди, волна за волной, точат тех, кто кажется им субстанцией неправильной, подозрительной, пытаются растворить в себе то, что растворению сопротивляется. 
 (38)Стал мне теперь понятным и подслушанный когда-то разговор педагога с чиновником. (39)Первый сказал о наболевшем: «Но надо же как-то помогать человеку становиться личностью...». (40)Второй ответил: «А для чего же тогда власть?». 
   (По Г. Г. Туз*) 
 *Галина Георгиевна Туз (род. в 1958 г.) – современный эссеист, публицист, литератор. 
"
427,"Текст Тургенева И. 
 (1)— Это случилось в 1805 году, — начал мой старый знакомый, — незадолго до Аустерлица. (2)Полк, в котором я служил офицером, стоял на квартирах в Моравии. 
 (3)Нам было строго запрещено беспокоить и притеснять жителей; они и так смотрели на нас косо, хоть мы и считались союзниками. (4)У меня был денщик, бывший крепостной моей матери, Егор по имени. (5)Человек он был честный и смирный; я знал его с детства и обращался с ним как с другом. 
 (6)Вот однажды в доме, где я жил, поднялись бранчивые крики, вопли: у хозяйки украли двух кур, и она в этой краже обвиняла моего денщика. (7) Он оправдывался, призывал меня в свидетели... (8)«Станет он красть, он, Егор Автамонов!» (9)Я уверял хозяйку в честности Егора, но она ничего слушать не хотела. 
 (10)Вдруг вдоль улицы раздался дружный конский топот: то сам главнокомандующий проезжал со своим штабом. 
 (11)Он ехал шагом, толстый, обрюзглый, с понурой головой и свислыми на грудь эполетами. 
 (12)Хозяйка увидала его — и, бросившись наперерез его лошади, пала на колени — и вся растерзанная, простоволосая, начала громко жаловаться на моего денщика, указывала на него рукою. 
 (13)— Господин генерал! — кричала она, — ваше сиятельство! (14) Рассудите! (15) Помогите! (16) Спасите! (17) Этот солдат меня ограбил! 
 (18)Егор стоял на пороге дома, вытянувшись в струнку, с шапкой в руке, даже грудь выставил и ноги сдвинул, как часовой, — и хоть бы слово! (19)Смутил ли его весь этот остановившийся посреди улицы генералитет, окаменел ли он перед налетающей бедою — только стоит мой Егор да мигает глазами — а сам бел, как глина! 
 (20)Главнокомандующий бросил на него рассеянный и угрюмый взгляд, промычал сердито: 
 (21)— Ну?.. 
 (22)Стоит Егор как истукан и зубы оскалил! (23) Со стороны посмотреть: словно смеется человек. 
 (24)Тогда главнокомандующий промолвил отрывисто: 
 (25)— Повесить его! — толкнул лошадь под бока и двинулся дальше — сперва опять-таки шагом, а потом шибкой рысью. (26) Весь штаб помчался вслед за ним; один только адъютант, повернувшись на седле, взглянул мельком на Егора. 
 (27)Ослушаться было невозможно... (28) Егора тотчас схватили и повели на казнь. 
 (29)Тут он совсем помертвел — и только раза два с трудом воскликнул: 
 (30)— Батюшки! батюшки! — а потом вполголоса: — Видит Бог — не я! 
 (31)Горько, горько заплакал он, прощаясь со мною. Я был в отчаянии. 
 (32)— Егор! Егор! — кричал я, — как же ты это ничего не сказал генералу! 
 (33)— Видит Бог, не я, — повторял, всхлипывая, бедняк. 
 (34)Сама хозяйка ужаснулась. (35) Она никак не ожидала такого страшного решения и в свою очередь разревелась! (36) Начала умолять всех и каждого о пощаде, уверяла, что куры ее отыскались, что она сама готова всё объяснить... 
 (37)Разумеется, всё это ни к чему не послужило. (38) Военные, сударь, порядки! (39) Дисциплина! (40) Хозяйка рыдала всё громче и громче. 
 (41)Егор, которого священник уже исповедал и причастил, обратился ко мне: 
 (42)— Скажите ей, ваше благородие, чтоб она не убивалась... (43) Ведь я ей простил. 
 (43)Мой знакомый повторил эти последние слова своего слуги, прошептал: «Егорушка, голубчик, праведник!» — и слёзы закапали по его старым щекам. 
 И.С. Тургенев*  
 *Иван Сергеевич Тургенев (1818 – 1883) - русский писатель, поэт, переводчик, публицист и драматург. 
"
428,"Текст Тэсс Т. 
 (1)Мне рассказали недавно историю о ёлке, посаженной в одном московском дворе. (2)Это была голубая серебристая ель. (3)Голубое дерево из сказки. 
  (4)Жильцы, въехавшие в новый дом, посадили ёлку сами. (5)Для неё вырыли глубокую яму, подготовили ей хорошую рыхлую землю, обложили дно ямы лесным дёрном. (6)Привезли даже немного хвои из леса и посыпали вокруг ели, чтобы она чувствовала себя как дома. 
 (7)Дерево принялось. (8)На ветках появились свежие, пушистые побеги. (9)Голубая ель стала гордостью всего дома, его украшением. (10)Она пышно разрослась, и вечером, если вы проходили мимо, вас касался задумчивый и щемящий запах лесной хвои, запах детства, запах чистоты. 
 (11)И вот однажды, перед Новым годом, жильцы, выйдя из дома ранним утром, увидели, что ёлку кто-то срубил. (12)Срубил не у корня, а забрал юную пушистую верхушку. (13)Изуродованное дерево стояло во дворе, беспомощно распластав оставшиеся нижние ветви, словно ему отрубил голову палач.  (14)Люди долго смотрели на ель, не веря своим глазам, - смотрели с болью, содроганием, гневом… 
 (15) На следующий день жильцы прикрепили к дереву табличку. (16) Табличка была сделана добротно, старательно, на ней было написано крупными отчётливыми буквами: «Памятник подлецу, который под Новый год срубил эту ёлку». 
 (17)Ель засохла и умерла. (18)Табличка на мёртвом дереве укреплена до сих пор. 
 (19)Человек, убивший дерево, проходит, может быть, мимо него каждый день. (20)И каждый день мёртвая ель, как молчаливый укор совести, напоминает ему о содеянном. 
 (По Т. Тэсс) 
 Татьяна Тэсс (настоящие имя и фамилия Татьяна Николаевна Сосюра; 1906, Одесса − 1983) — русский, советский писатель, журналист и публицист, многолетняя сотрудница газеты «Известия». Автор книг «Американки», «Близко к сердцу», «Друзья моей души», «Хранитель времени», повести «Мать живых»."
429,"Текст Тэсс Т. 
 (1)Как-то, гуляя по лесу, я увидела за бугром, в яме, заросшей ромашками, 
сидящего знакомого мне мальчика, приехавшего в деревню к тетке. (2)Он сидел, 
уткнувшись подбородком в колени. (3)Он молча сидел с зажмуренными глазами и с 
зажатыми ладонями ушами, глухой и слепой ко всему, что его окружало. (4)Он 
сидел неподвижно и не видел ни трав, ни цветов, ни летнего солнца. (5)Он сидел в 
этой душистой тесной ложбине, словно в глухом колодце, куда опустил себя сам.  
 – (6)Женька, – окликнула я его, – что это ты выдумал?  
 – (7)Привыкаю к одиночеству! – сказал он, недовольно открыв глаза, – 
тренируюсь, как Юрий Гагарин.  
 – (8)Видишь ли, – сказала я, – когда Гагарин совершал полет в космос, главную 
силу, мне кажется, ему давала не привычка к одиночеству, выработанная 
тренировкой. (9)Наоборот, ему помогало сознание того, что он не одинок.  
 (10)Повсюду на земле люди думали о нем, тревожились за него, желали ему 
победы. (11)Все это, по-моему, было для него очень важно. (12)Как ты полагаешь? 
(13)Но Женька упрямо мотнул головой и еще крепче зажал уши руками…  
 (14)Через несколько дней я снова встретила Женьку. (15)Он медленно брел по 
лесу, мрачный, с распухшими красными глазами. (16)Мне удалось его 
расшевелить, и мальчик рассказал, что произошло.  
 (17)Женька, оказывается, стянул у товарища компас. (18)Это немедленно 
открылось, и ребята, с которыми он дружил, решили, что до конца пребывания 
Женьки в деревне не будут с ним разговаривать. (19)Так они и сделали: никто его 
не упрекал, не ругал, никто с ним не ссорился – его просто перестали 
замечать. (20)И это оказалось страшнее всего.  
"
430,"Текст Тэффи Н. 
 (1)Нежность — самый кроткий, робкий, божественный лик любви.(2)Любовь-страсть — всегда с оглядкой на себя. (3)Она хочет покорить, обольстить, она хочет нравиться, она охорашивается, подбоченивается, мерит, всё время боится упустить потерянное. (4)Любовь-нежность всё отдаёт, и нет ей предела. (5)И никогда она на себя не оглянется, потому что «не ищет своего». (6)Только она одна и не ищет. (7)Но не надо думать, что чувство нежности принижает человека. (8)Наоборот. (9)Нежность идёт сверху, она заботится о любимом, охраняет, опекает его. (10)А ведь опекать и охранять можно только существо беззащитное, нуждающееся в опеке, поэтому слова нежности — слова уменьшительные, идущие от сильного к слабому. 
 (11)Нежность встречается редко и всё реже. (12)Современная жизнь трудна и сложна. (13)Современный человек и в любви стремится прежде всего утвердить свою личность. (14)Любовь — единоборство. 
 — (15)Ага! (16)Любить? (17)Ну ладно же. (18)Засучили рукава, расправили плечи — ну-ка, кто кого? 
 (19)До нежности ли тут? (20)И кого беречь, кого жалеть — все молодцы и герои. (21)Кто познал нежность — тот отмечен. 
 (22)В представлении многих нежность рисуется непременно в виде кроткой женщины, склонившейся к изголовью. (23)Нет, не там нужно искать нежность. (24)Я видела её иначе: в обликах совсем не поэтических, в простых, даже забавных. 
 (25)Мы жили в санатории под Парижем. (26)Гуляли, ели, слушали радио, играли в бридж, сплетничали. (27)Настоящий больной был только один — злющий старик, поправлявшийся от тифа.  
 (28)Старик часто сидел на террасе в шезлонге, обложенный подушками, укутанный пледами, бледный, бородатый, всегда молчал и, если кто проходил мимо, отворачивался и закрывал глаза. (29)Вокруг старика, как трепетная птица, вилась его жена. (30)Женщина немолодая, сухая, лёгкая, с увядшим лицом и тревожно-счастливыми глазами. (31)И никогда она не сидела спокойно. (32)Всё что-то поправляла около своего больного. (33)То переворачивала газету, то взбивала подушку, то подтыкала плед, то бежала греть молоко, то капала лекарство. (34)Все эти услуги старик принимал с явным отвращением. (35)Каждое утро с газетой в руках она носилась от столика к столику, приветливо со всеми беседовала и спрашивала: 
 — Вот, может быть, вы мне поможете? (36)Вот здесь кроссворд: «Что бывает в жилом доме?». (37)Четыре буквы. (38)Я записываю на бумажке, чтобы помочь Сергею Сергеевичу. (39)Он всегда решает кроссворды, и, если затрудняется, я ему прихожу на помощь. (40)Ведь это единственное его развлечение. (41)Больные ведь как дети. (42)Я так рада, что хоть это его забавляет. 
 (43)Её жалели и относились к ней с большой симпатией. 
 (44)И вот как-то он выполз на террасу раньше обычного. (45)Она долго усаживала его, укрывала пледами, подкладывала подушки. (46)Он морщился и сердито отталкивал её руку, если она не сразу угадывала его желания. 
 (47)Она, радостно поёживаясь, схватила газету. 
 — (48)Вот, Серёженька, сегодня, кажется, очень интересный кроссворд. 
 (49)Он вдруг приподнял голову, выкатил злые жёлтые глаза и весь затрясся. 
 — (50)Убирайся ты наконец к чёрту со своими идиотскими кроссвордами! — бешено зашипел он. 
 (51)Она побледнела и вся как-то опустилась. 
 — (52)Но ведь ты же... — растерянно лепетала она. — (53)Ведь ты же всегда интересовался... 
 — (54)Никогда я не интересовался! — всё трясся и шипел он, со звериным наслаждением глядя на её бледное, отчаянное лицо. — (55)Никогда! (56)Это ты лезла с упорством дегенератки, каковая ты и есть! 
 (57)Она ничего не ответила. (58)Она только с трудом проглотила воздух, крепко прижала руки к груди и огляделась кругом с такой болью и с таким отчаянием, точно искала помощи. (59)Но кто же может отнестись серьёзно к такому смешному и глупому горю? (60)Только маленький мальчик, сидевший за соседним столиком и видевший эту сцену, вдруг зажмурился и горько-горько заплакал. 
 (по Н. А. Тэффи*) 
 * Надежда Александровна Тэффи (1872—1952) — русская писательница, поэтесса, мемуарист и переводчик. 
 Информация о тексте 
 
"
431,"Текст Успенского Л. 
 (1) Фамилия! (2) Удивительное всё-таки это слово... (3) Конечно, фамилии появляются на свет далеко не случайно и не беспричинно. (4) Но дело в том, что почти всегда рождаются они, так сказать, применительно к каким-то временным обстоятельствам, а потом переживают эти обстоятельства на годы, десятилетия и даже на века. 
 (5) Конечно, сравнительно короткое время спустя люди утрачивают память о том, откуда фамилия пошла и почему она связалась с данным родом. (6) То, что было по отношению к далекому предку естественно и закономерно, становится по отношению к его праправнукам странным и непонятным. (7) Связь между фамилией и людьми, её носящими, становится совершенно случайной, а точнее говоря — порою её даже трудно заподозрить. 
 (8) Человеческие фамилии — вещь хитрая и тонкая. (9) Видимо, наличие их играет в жизни людей куда большую роль, чем кажется, если они могут так огорчать и радовать, нравиться и внушать отвращение, быть предметом досады или гордости. (10) Нередко случается, что фамилия становится источником бесконечных неприятностей для своего носителя; бывает — недоброжелатели превращают её в оружие, способное чувствительно ранить. (11) Очень часто выходит, что мы встречаем новое лицо по его фамилии, как «по одежке» в известной пословице; должно пройти известное время, чтобы человек это впечатление изменил или опроверг. 
 (12) Видимо, недаром они, фамилии, всегда привлекали к себе такое повышенное внимание писателей, мастеров художественного слова. (13) Недаром авторы радовались, измыслив для героя «удачную», «подходящую» фамилию, огорчались, если это не получалось, зорко приглядывались и прислушивались к семейным именам современников, записывали звучные, курьёзные, характерные имена в своих тетрадях... (14) В чём тут секрет? (15) Почему нечто столь случайно приписанное к человеку, столь внешнее по отношению к нему, может играть такую большую роль? (16) Действительно, тут скрыта какая-то тайна. 
 (17) Писатель Н. Телешов вспоминал о забавном огорчении, которое вызывала у его современника, другого русского писателя начала XX века, Л. Андреева (пока он был молод и ещё не успел прославиться), его собственная фамилия. (18) «Оттого и книгу мою издатель не печатает, — всерьёз сетовал Андреев, — что имя моё решительно ничего не выражает. (19) Андреев! (20) Что такое «Андреев»? (.21) Даже запомнить нельзя...» 
 (22) По-иному негодовал живший в те же времена литератор Василий Розанов. (23) «Удивительно противна мне моя фамилия, — писал он. — (24) Иду раз по улице, поднял голову и прочитал: «Немецкая булочная Розанова». (25) Ну, так и есть: все булочники — Розановы, следовательно, все Розановы — булочники! (26) Я думаю, Брюсов постоянно радуется своей фамилии...» 
 (27) Понятно, конечно, что задевало далеко не высокородного спесивца: сама фамилия как бы приравнивала его к «разным там булочникам, токарям и пекарям»... (28) Как же было не позавидовать Брюсову: ближайшим его «тезкой» был знаменитый генерал и вельможа прошлого, тот самый Яков Брюс, который даже в пушкинской «Полтаве» упомянут... (29) Но читаешь это — и диву даёшься! 
 (По Л. Успенскому*) 
 *Лев Васильевич Успенский (1900—1978) — русский писатель, прозаик, филолог. Автор книг «Слово о словах», «Ты и твоё имя». 
"
432,"Текст Успенского Л. 
 (1)В годы моего детства, совпавшего с началом бурного, столь богатого стремительной сменой событий двадцатого века, часто пели весьма популярный тогда романс на слова Томаса Мора в великолепном переводе Козлова: (2)«Вечерний звон в краю родном, где я любил, где отчий дом». 
 (3)Для меня даже на склоне лет понятие отчего дома конкретно, зримо и широко. (4)Да, родное гнездо, воспоминание о нем, как далекий уютный огонек, до сих пор освещает мою жизнь. (5)Но складывается это понятие из двух составляющих: дома родителей, семьи и родного края, потому что отчий дом, безусловно, неотделим от края, где мы родились, от родной земли, с которой мы связаны тысячью невидимых нитей. 
 (6)Семья – начало всех начал, и нельзя превращаться в иванов, не помнящих родства. (7)Всё, что дорого нашему обществу, что составляет его силу, гордость и славу – боевые и трудовые традиции, – бережно хранится в семьях как самое дорогое наследство, передаваемое от дедов к отцам, от отцов к сыновьям, от сыновей к внукам и правнукам. 
 (8)Для любого нравственно здорового человека семья и отчий край – это те начала, которые, разрастаясь, становятся понятием Родина. (9)Отечество – глубинная основа человеческой души, и отказ от всего национального, родного, заветного может привести к непоправимым последствиям. 
 (10)Из дома, где прошло наше детство, выносим мы задатки всех тех нравственных качеств, из которых в дальнейшем сложится (или не сложится) личность человека, гражданина, работника и творца. (11)«Все мы родом из детства», – сказал Экзюпери. (12)Правильность этих слов каждый проверяет на себе, на своей жизни. 
 (13)Поженились двое молодых людей. (14)Создав семью, они спешат сразу выделиться, стремятся жить самостоятельно. (15)И это правильно. (16)Но почему они порой так небрежны к истории своих семей, к их традициям? (17)Почему забывают о своей «родословной», почему не создают своих  семейных традиций: например, не хранят дорогие мелочи: письма, фотографии, наивные подчас реликвии, что содержат в себе дух семьи, её стиль, опыт и фамильную гордость? 
 (18)В известной песне поется: (19)«С чего начинается Родина?» (20)Наверное, нельзя односложно ответить на этот вопрос. (21)Потому что понятие Родина широко, неохватно. (22)Но одно неоспоримо: она начинается и с отчего дома. (23)Я бы даже сказал так: прежде всего – с отчего дома. 
 (По Л. Успенскому*) 
"
433,"Текст Утенкова Д. 
 (1)Дети видят мир не так, как взрослые. (2)У нас, даже если мы и восторгаемся закатом, птичками или кошками, – это больше так, замыленные восторги. (3)А дети сливаются со всей этой красотой. (4)Они не вне, а внутри неё. 
 (5)Однажды на листочке бумаги мой сын Серёжа нарисовал двух котов, собирающих в лесу грибы. (6)Большой кот и котёнок шли, держась за руки. (7)Да-да, не за лапы, а за руки. (8)Шли по-человечески на двух ногах и с корзинками. (9)Сквозь детскую наивность проглядывала живая реальность. (10)Кот и котик явно изображали нас с Серёжей. 
 (11)Острота и незамыленность в детском взгляде – это ещё не всё. (12)Он обладает также и «микроскопными» свойствами, позволяющими замечать усы комара, крылья мухи, песчинки, сахаринки… (13)Жучков-паучков, травинки, цветочки я показывал сыну, когда он был ещё младенцем. (14)Вместо ярких и безвкусных пластмассовых погремушек я вешал перед ним на ниточке осенние листья клёна, цветы по сезону, шишки еловые да сосновые. (15)И видел его явное удовольствие от них. 
 (16)Лет с пяти-шести я стал рисовать с ним на пару. (17)Я рисовал то, что он не мог, а потом отдавал дорисовывать то, что ему хотелось. (18)А затем оставлял наедине с нашей общей работой. 
 (19)Кошки и котята дома у нас не переводились. (20)Цветы, попугайчики. (21)Да и в деревне он жил подолгу. (22)Лес настоящий, речка Смородинка, старые домики. (23)Громадные берёзы и вётлы. (24)Колодец, родник. (25)Словом, природа во всём стихийном многообразии. (26)Были грозы страшные, и закаты-рассветы росные, град. (27)Был даже смерч настоящий, что на его глазах сломал высоченную берёзу. (28)А какие туманы в полнолуние мы с ним видели! 
 (29)Помнится, показал я Серёже в сильную лупу снежинки на улице. (30)Нашёл фотографии в книгах. (31)И сказал, что среди миллионов снежинок одинаковых никогда не будет. (32)Серёжа это понял и стал уже по-другому смотреть на это белое чудо. (33)И рисовать. (34)Вот отсюда и сюжеты его картинок появлялись. (35)Могут спросить, мол, почему он так много кошек рисует и… сорок? (36)Просто у нас их много, и он вместе с нами их любит. (37)А черепашек-ниндзя или динозавров, не говоря уж о телепузиках, он никогда не рисовал. 
 (38)Флоренский писал своей дочери в 1937 году из Соловецкого лагеря: (39)«Секрет творчества – в сохранении юности. (40)Секрет гениальности – в сохранении детства, детской конституции на всю жизнь… (41)Эта-то конституция и даёт гению объективное восприятие мира… и потому оно цельно и реально. (42)Иллюзорное, как бы блестяще оно ни было, никогда не может быть названо гениальным. (43)Ибо суть гениального мировосприятия – проникновение в сущность вещей, а суть иллюзорного – в закрытии от себя реальности». 
 (По Д. Утенкову*) 
 *Дмитрий Максимович Утенков (родился в 1948 г.) – современный график, член Союза художников России. 
"
434,"Текст Фенько А.     
 (1)Тема денег представляет собой одну из болевых точек нашего массового сознания. (2)Причём если у взрослых отношение к ним по-прежнему неоднозначное (сказываются старые нравственные установки: деньги — это нечто непристойное), то юное поколение демонстрирует реалистичный подход. (3)«В каждом человеке в большей или меньшей степени хранится любовь к деньгам и власти», — написала отличница одной из столичных школ, где ученикам предложили сочинение на тему «Роль денег в нашей жизни». 
 (4)Сегодняшние дети гораздо лучше приспособлены к рыночной экономике, чем их родители, и способны чётко объяснить, что такое дефолт и НДС, знают, какой курс доллара и евро. (5)Но вот одного школьника публично оскорбил одноклассник. (6)Конфликт удалось замять благодаря материальной компенсации за «моральный ущерб», и обе стороны остались довольны сделкой. (7)Откуда взялся этот прагматизм? (8)Денежные реформы, бешеная инфляция, стремительное обнищание одних и финансовый взлёт других — всё это происходило на глазах современных детей и стало своего рода нормой. (9)Хорошо известно, что дети адаптируются к новым обстоятельствам быстрее и легче, чем взрослые, потому что главная задача детства — вписаться в мир. 
 (10)А взрослых эта лёгкость порой пугает. (11)Однако на практике почти всем родителям приходится решать морально-этические вопросы, когда речь заходит о карманных деньгах. (12)Кто-то считает, что «деньги испортят ребёнка», и не даёт чаду ни копейки. (13)Кто-то воспринимает текущие карманные расходы ребёнка как некую подачку — самый простой и удобный способ «отделаться» от него, а заодно от своих обязанностей воспитателя. (14)Наконец, третьи предпочитают не снабжать детей определённой, чётко оговорённой суммой, а вводят систему поощрений и наказаний рублём. 
 (15)Это в корне неверно. (16)Выклянчивая у родителей деньги своим примерным поведением, ориентируясь на их настроение, ребёнок усваивает рабскую психологию просителя и приспособленца, а отнюдь не учится рыночным добродетелям — соблюдению контракта или умению планировать расходы. 
 (17)Мало кто сомневается, что в цивилизованной стране должно быть всеобщее медицинское обслуживание и хорошая система образования. (18)Но почему никто не говорит о необходимости пропаганды здорового экономического поведения? (19)Ведь это, можно сказать, основа стабильности общества. 
 (20)…Психологи изучали экономические установки современных москвичей от 17 лет до 71 года. (21)Что касается отношения к зарабатыванию денег и их тратам, то всё зависит от возраста. (22)Те, кому за 35, предпочитают тратить меньше, а зарабатывать больше. (23)Москвичи помоложе выбирают модель западного потребительского общества: много зарабатывать и много тратить. (24)А вот среди самой молодой группы опрошенных (от 17 до 24 лет) велик процент тех, кто настроен много тратить, ничего не зарабатывая сам. 
 (25)И эти настроения в основном характерны для девушек. (26)Во-первых, потому, что возрождается патриархальная модель семейного уклада. (27)И во-вторых, молодёжь в большей степени, чем взрослые, подвержена влиянию рекламы. (28)А та с утра до вечера призывает к одному — тратить, тратить и тратить… (29)Но реалистического отношения к деньгам у молодёжи не формирует никто: ни семья, ни школа, ни общество… 
 (По А. Б. Фенько*) 
 * Анна Борисовна Фенько (1919–2005 гг.) — кандидат психологических наук, психолог и журналист, преподаватель психологии.  
"
435,"Текст Франка С. 
 (1) Имеет ли  наша жизнь смысл, а если да, то какой именно?   (2) Или жизнь  — это просто никчемный процесс естественного 
рождения, созревания, увядания и смерти органического существа?  (3) Должен ли вообще человек искать смысл в 
собственной жизни?  
 (4) Эти, как обычно говорится, ""проклятые"" вопросы, или, вернее, этот единый вопрос  ""о смысле жизни"",  волнует и  мучает в глубине 
души каждого  человека. (5) Человек может на  долгое время забыть  о нем, погрузиться  с  головой  в   будничные  заботы,   но  жизнь  так  устроена,  что  навсегда отмахнуться  от  него не может даже самый  упрямый или духовно спящий  человек.    
(6) Железный  факт  приближения  старения  и  исчезновения есть для каждого из нас постоянное напоминание нерешенного, смолоду 
отложенного в сторону вопроса о смысле жизни.  
 (7) Но, несмотря ни на что, огромное большинство  людей  считает нужным отмахиваться от этого вопроса,  прятаться от него. 
(8) Они называют такую позицию ""принципиальным  отказом""  от попытки  разрешить ""неразрешимые  вопросы"". (9) Так людям легче жить.  (10) Они стремятся  ""устраиваться  в  жизни"",  добывать  жизненные  блага, утверждать   и   укреплять   свою   позицию   в   жизненной  борьбе. (11) Стремление к процветанию, к житейскому благополучию кажется им осмысленным, очень важным делом, а поиски ответа на «отвлеченные» вопросы — бессмысленной тратой времени. (12) И вот жизнь занята многоцветными земными интересами и даже имеет удачу в их осуществлении. (13) Но мне хочется спросить о том, достаточно ли будет этого человеку, будет ли он счастлив этим? (14) Может быть, с течением времени нашей жизни этот вопрос разрешится для каждого из нас сам собой и не стоит прилагать бесполезных усилий для его рассмотрения?   
 (15) Мне все-таки кажется, что поиск ответа на это вопрос гораздо  более  важен для человека, чем поиск куска хлеба для  утоления голода. (16) Чем дольше мы будем откладывать  его, тем глубже будет та  пропасть, в которой  окажется наша душа.   
 (По С.Л. Франку.) 
 Семён Людвигович Франк (1877-1950) - известный русский философ, религиозный мыслитель и психолог.  
"
436,"Текст Фырнина М. 
 (1) Чаще всего под счастьем мы понимаем жизнь обеспеченную, без волнений и тревог, заполненную развлечениями, путешествиями, отдыхом, но только не беспрерывным трудом в поте лица своего. (2) Эта мысль кажется настолько естественной, что мы даже не задумываемся: а чтобы произошло, случись человечеству действительно открыть неиссякаемые источники энергии или изобрести вечный двигатель, позволившие людям не трудиться вообще, получая всё от природы даром? (3)  Конечно, говорит в своём «Дневнике писателя» наш великий провидец Достоевский, обдумывавший и такой вариант развития цивилизации, сперва все люди бы пришли в восторг, потому что «почувствовали бы, так сказать, себя осыпанными счастьем, зарытыми в материальных благах; они, может быть.., пролетали бы чрезвычайные пространства в десять раз скорей, чем теперь по железной дороге; извлекали бы из земли баснословные урожаи, может быть, создали бы химией организмы, и говядины хватило бы по три фунта на человека... - словом, ешь, пей и наслаждайся».  
 (4) «Вот, - закричали бы все филантропы, - теперь, когда человек обеспечен, теперь только он проявит себя! (5) Нет уж более материальных лишений... и теперь человек станет прекрасным и праведным! (6) Нет уже более беспрерывного труда, чтобы как-нибудь прокормиться, и теперь все займутся... глубокими мыслями, всеобщими явлениями. (7)Теперь, теперь только настала высшая жизнь!» (8) «Но вряд ли, - рассуждает Достоевский, - и на одно поколение людей хватило бы этих восторгов! (9) Люди вдруг увидели бы, что жизни уже более нет у них, нет свободы духа, нет воли и личности, что кто-то у них всё украл разом... (10) И загнило бы человечество...» (11) Потому что люди увидели бы, «что жизнь у них взята за хлеб... (12) Поняли бы люди, что нет счастья в бездействии, что погаснет мысль не трудящаяся, что нельзя любить своего ближнего, не жертвуя ему от труда своего что гнусно жить на даровщинку и что счастье не В счастье, а лишь в его достижении». 
 (13) Ибо живёт человек только тогда, когда стремится и преодолевает, сомневается и ищет, радуется и страдает. (14)В этом и состоит жизнь, а значит, и наше счастье. 
 (по М. Фырнину) 
"
437,"Текст Холмогоровых Е. и М. 
 (1)Мы живём в мире прописных истин и штампов. 
 (2)Истины, выработанные тысячелетним опытом человечества, годам к десяти – двенадцати, когда характер в своём развитии бежит впереди ума, вызывают скуку и раздражение даже у самых послушных мальчиков и девочек. (3)Мы их опровергаем и пытаемся начать жизнь с чистого листа. 
 (4)Вот он, беленький, лежит на столе и дразнит своей свежайшей нетронутостью. (5)И пока не изуродуем его слезами и кровью, не уймёмся. (6)А унявшись, поймём: надо было слушаться папу и маму, первую  учительницу и других мудрых людей. (7)Зрелость – это возвращение к банальным истинам, понимание их справедливости. (8)Но второго белого листа никто нам не даст. (9)Он лежит уже перед нашими подросшими детьми, такими же дерзкими и непослушными, и они, к ужасу и состраданию бессильных родителей, один к одному повторяют наши же заблуждения: ленятся, совершают разной степени тяжести антиобщественные поступки, хамят взрослым, ниспровергают заслуженные авторитеты. (10)Хорошо, если они поумнеют при нашей жизни и поймут, что банальны не прописные истины, а путь их отрицания с набиванием шишек на некогда ясном лбу. 
 (11)Оригинальничанье, абсолютизация своей неповторимости на самом-то деле как раз и есть банальность. (12)Лучше шею себе свернём, чем поступим «как все». (13)Наука и искусство не двинулись бы вперёд без разрушителей банальности. (14)Кому хватило терпения сделать второй шаг в искусстве (первый – почти всегда подражание), стремятся к оригинальности любыми средствами. (15)Ниспровергают кумиров, вышвыривают с корабля современности то Пушкина, то Льва Толстого, незаметно творя себе новых, и счастье, если это окажется гениальный Хлебников, а то ведь чаще всего просто амбициозный старший товарищ в компании претендующих сказать своё слово. 
 (16)Свойство человеческого ума – это стремление к приобретению новых истин, любознательность, стремление постоянно возвращаться к добытой истине, постоянно убеждаться и наслаждаться тем, что то, что ты приобрёл, есть действительно истина, а не мираж. (17)Одно без другого теряет смысл. (18)А что же у нас? 
 (19)А у нас прежде всего – это стремление к новизне, любопытство. (20)Достаточно нам что-либо узнать, и интерес наш этим кончается. (21)Это уже всё известно! (22)Настоящие любители истины любуются на старые истины, для них это процесс наслаждения. (23)А у нас – это прописная, избитая истина, и она больше нас не интересует, мы её забываем, она больше для нас не существует, не определяет наше положение. (24)Разве это верно? 
 (25)Давайте и впредь любоваться старыми, но (простите за тавтологию) нестареющими истинами. (26)Пусть прописными. (27)Даже банальными. 
 (По Е. и М. Холмогоровым*) 
 * Елена Сергеевна (род. в 1952 г.) и Михаил Константинович (род. в 1942 г.) Холмогоровы – современные российские прозаики. 
 Информация о тексте 
 
"
438,"Текст Худякова М. 
 (1)Он нёс меня на себе восемь километров. (2)Восемь тысяч метров по раскалённой земле. (3)Я до сих пор помню его горячую спину, пот, который, будто кислота, разъедал кожу на руках. (4)И белую даль, словно накрахмаленная больничная простыня... (5)Я всё это помню, помню в деталях, в подробностях, в красках. (6)Но всё равно ничего не могу понять. (7)И сегодня, спустя много лет, когда я вспоминаю тот случай, моя мудрость, потеряв равновесие, беспомощно вязнет в густой трясине ... : мне кажется непостижимой и странной вся наша жизнь, особенно если пытаешься её понять. 
 (8)Нам тогда было по тринадцать — мне и моему закадычному другу Серёжке Леонтьеву. (9)Мы пошли рыбачить за тридевять земель на старый, обмелевший пруд. (10)Мне вдруг приспичило освежиться, и я полез в воду, но не успел сделать и шагу, как вскрикнул от острой боли в ноге. (11)Ко мне бросился Серёжка, он выволок меня на берег. (12)Я с ужасом увидел, что из пятки торчит осколок бутылочного горлышка, а на траву каплет густая кровь. (13)Восемь километров Серёжка нёс меня на себе. 
 — (14)Серёнь, брось меня! — шептал я сухими губами. 
 — (15)Нет! — хрипел друг. (16)Это было как в кино: друг выносит с поля боя раненого друга. (17)Свистят пули, рвутся снаряды, а ему хоть бы хны. (18)Он готов пожертвовать своей жизнью, отдать своё сердце, свою душу, готов отдать всё на свете... (19)У меня от слабости кружилась голова, и вдруг, сам не знаю зачем, я сказал Серёжке: 
 — (20)Серёнь, если я умру, то передай от меня привет Гальке Коршуновой! (21)Скажи ей, что я её любил. 
 (22)Серёжка, сдувая с лица капли пота, рвал свою футболку на лоскуты и от усталости, кажется, уже не соображал, что я говорю. (23)Он дотащил меня до больницы, потом, тяжело дыша, сидел на кушетке и смотрел, как врач обрабатывает мою рану. 
 (24)А на следующий день, когда я, хромая, вышел во двор, все уже знали, что перед смертью я просил передать привет Гальке Коршуновой. (25)И я сделался посмешищем всей школы. (26)Моё появление теперь у всех вызывало конвульсии глумливого хихиканья, и я, от природы жизнерадостный мальчишка, стал замкнутым и застенчивым до болезненности. 
 (27)3ачем он рассказал им про мой привет? (28)Может быть, он просто изложил все подробности того случая, не предполагая, что моя просьба всех так рассмешит? (29)А может быть, ему хотелось, чтобы его геройство выглядело более внушительным на фоне моего тщедушного актёрства? (30)Не знаю! 
 (31)0н нёс меня восемь километров по залитой солнечным зноем дороге. (32)Но я до сих пор не знаю, спас он меня или предал. 
 (33)Шрам на ноге почти полностью зарубцевался, а вот сердце моё до сих пор кровоточит. (34)И когда мне говорят: «Вам такой-то передал привет», я цепенею от ужаса и по моей спине пробегают мурашки. 
 (По М. Худякову*) 
 *Михаил Георгиевич Худяков (1894-1936) — историк, археолог, фольклорист, автор ряда этнографических и археологических очерков по истории тюркских
и финно-угорских народов. 
 Информация о тексте 
 
"
439,"Текст Худякова М. 
 (1)Не знаю, кто из великих сказал, что более всего следует презирать слабость. (2)А может, никто этого не говорил, потому что истина эта слишком очевидна, чтобы её отливать в какой-то ажурный афоризм. (3)Ведь и в самом деле множество людей подличают, обманывают, ведут бесчестную игру вовсе не для того, чтобы добиться какой-то личной выгоды. (4)Нет, чаще всего подлецами нас делает слабость: вроде бы не хотел человек ничего плохого делать, даже напротив, хотел помочь, желал проявить своё благородство и бескорыстие, а не получилось, не хватило сил. (5)Вот и вышло, что он не помог, обманул, бросил, предал... 
 (6)Мне всё вспоминаются многочисленные сказания про рыцарей, которые спасали несчастных царевен от чудовищ. (7)В реальности чаще бывает по-другому. (8)Пообещает иной благородный рыцарь бедной девушке, что не даст её в обиду, а когда увидит огнедышащего дракона, когда услышит его хриплый рёв, вся книжная героика мигом вылетит из его трясущейся душонки — и только и видели вы этого горе-змееборца. 
 (9)Я спешил на лекции. (10)На остановке увидел худенькую девушку, которая несла большую хозяйственную сумку. 
 (11)— Девушка, вам помочь? — спросил я. (12)Девушка остановилась, чтобы перехватить сумку другой рукой, и сделала какое-то усталое движение головой, которое можно было принять и за нерешительный отказ, и за робкое согласие. (13)Без лишних слов я выхватил у неё сумку и, подбросив её, бодро спросил: 
 (14)—Куда вам? 
 (15)- Седьмая Радиальная! (16)Там у меня бабушка живёт! 
 
(17)С центральной улицы мы свернули в проулок, где начинался частный сектор. (18)Одноэтажные лачужки беспорядочно рассыпались какими-то замысловатыми концентрическими кругами, и попавшему сюда человеку выбраться было труднее, чем из Критского лабиринта. (19)Один дом располагался на Девятой Радиальной, а другой, рядом с ним, почему-то считался на Двенадцатой. (20)Прохожие, когда мы их спрашивали, посылали нас то в одну сторону, то в другую. (21)Кто-то качал головой, посмеиваясь над нелепостью нашей просьбы — найти нужный адрес в этом бесформенном нагромождении жилья. (22)Сумка между тем довольно ощутимо тянула книзу. (23)Я то и дело менял руки. 
 (24)— Девушка, там у вас кирпичи? 
 (25)— Нет, там картошка. (26)Я бабушке привезла из деревни... 
 (27)Господи, эти деревенские чудаки... (28)Картошку в сумке возить... (29)Она на рынке пять рублей стоит... (30)Меня постепенно стала раздражать её кукольная миловидность, её вздёрнутый носик и какая-то детская беззащитность. (31)Кто же это чадо в чужой город отправил, к тому же с сумкой размером с багажно-почтовый вагон? 
 (32)Мы ходили уже почти час, мои руки повисли, ощутимо болели ноги, но нужного адреса всё не было. (33)Просто так бросить девчонку было стыдно, но и рыскать по этому трущобному хаосу я тоже больше не мог. (34)Девушка тоже тяготилась тем, что ввязала меня в эти бесконечные странствия. (35)Она робко просила: «Давайте я понесу сама. (36)Вы идите!» (37)Этот испуганно-тревожный голос выводил меня из себя. 
 (38)Когда мы оказались на какой-то Четырнадцатой Радиальной, я не выдержал: 
 (39)— Да что это за город идиотов?! (40)Кто эти улицы планировал? (41)В тайге скорее иголку найдёшь, чем здесь нужный адрес... 
 (42)Я поставил сумку и, уже не скрывая усталой злости, неприязненно посмотрел на девушку. (43)Она, как бы соглашаясь со мной, кивнула и потёрла лоб белой ладошкой. 
 (44)- Постой здесь! (45)Я спрошу у кого-нибудь! — сказал я и направился через дорогу к женщине, которая возилась с цветами в палисаднике. (46)Ничего не узнав от неё, я пошёл дальше. (47)Но во дворах никого не было, я пересёк улицу, потом ещё один проулок... (48)А потом пошёл в университет. 
 (49)Я сходил на лекции, посидел в библиотеке, только вечером вспомнил о забытой мною где-то в лабиринте домов девушке. (50)Мне вдруг почудилось, что она, прикованная к тяжёлой сумке, до сих пор стоит и с надеждой высматривает меня. (51)А может, она поняла, что я уже не вернусь, но, парализованная страхом, не может двинуться с места. (52)И всё-таки моя плачущая совесть ругала меня не за то, что я бросил девушку, а за то, что там, на остановке, не прошёл мимо неё, впутался в это непосильное для себя дело. 
 (По М. Худякову*)  
 * Михаил Георгиевич Худяков (род. в 1936 г.) — современный публицист. 
 Информация о тексте 
 
"
440,"Текст Черникова Г. 
  (1)Землетрясения, цунами, наводнения, извержения вулканов приносят убытки и жертвы, в которых люди не виноваты, – не умеем мы пока регулировать стихию. (2)За что и приходится платить. (3)Однако кое-какие силы природы уже под контролем, и если они всё ещё вредят нам, то только по вине людей. 
 (4)Гроза. (5)Одно из величественных атмосферных явлений. (6)Напряжение разряда достигает миллиона вольт, ток – сотни тысяч ампер. (7)Но можно уверенно заявить: уже более ста лет ни один объект, оборудованный исправной грозозащитой, не был поражён молнией. (8)Ни один! (9)Природа грозы исследована Ломоносовым и Франклином ещё двести с гаком лет назад, и нынче расчёт грозозащиты любого объекта входит в программы курсовых проектов студентов и считается очень лёгким заданием. (10)Надо только постоянно контролировать исправность этих простейших устройств, как того требуют правила. (11)И совсем уж зря обвиняют небесные «стрелы» в лесных пожарах, хотя в тайге молниеотводов нет. (12)Пожарища полыхают не от небесного огня, а от земного. 
 (13)Не менее удивительны и «электрические» пожары. (14)Причиной этих пожаров почему-то называют короткие замыкания. (15)Дескать, что поделаешь: провода глупые, замкнулись – что с них возьмёшь? (16)Но не было, нет и не будет в мире пожара от короткого замыкания – причиной огня является неисправность защитного прибора. 
  (17)Зима у нас сопровождается природными явлениями, называемыми морозами. (18)И… авариями водоводов, трубопроводов, системы центрального отопления… (19)Но даже 60-градусный мороз не приводил и не приведёт к разрушению этих коммуникаций – они ломаются ото льда, в который превращается вода при сбое в энергоснабжении. (20)В этих случаях, если подачу тепла быстро восстановить нельзя, полагается слить воду из системы, для чего предусмотрены специальные вентили. (21)Операция простенькая, незамысловатая, не правда ли? (22)Но не сливают. (23)В трубах, радиаторах образуется лёд, его объём чуть-чуть больше, чем у воды, но этого «чуть-чуть» вполне достаточно, чтобы разрушить радиатор. (24)А потом неделями, месяцами на морозе ремонтируют поломанную разгильдяйством систему отопления. (25)И каждый год – одни и те же грабли. (26)Может, не все знают пословицу: «Пожалев копейки, поплатишься рублем»? (27)Все знают. (28)Но зачем суетиться, авось гром и не грянет, а зима будет тёплой (климат-то, говорят, меняется). (29)А уж коли грянет беда, в катастрофе всегда можно обвинить атмосферное явление. 
 (По Г. Черникову) 
"
441,"Текст Чернова В. 
 (1)В деревне, где я рос, была необыкновенная трава. (2)Вроде клевера, но листочки махонькие и узкие. (3)И стебель весь мохнат ими. (4)И так густо росли стебли, и так высоко поднимались они, что мы, ребятня, играя в прятки, никуда, бывалоча, и не бежали, а так, отойдёшь от места шагов десять, нырь в траву, и лежи хоть до завтра, не найдут, пока не откликнешься. (5)А откликаться не хотелось, так пружинила под спиной эта трава, так благоухало в ней жаркое лето. (6)Трава заливала улицу от одних завалинок до других, лишь кое-где пробивали её натоптанные вкрутую белые тропки. (7)Тропки и в дождь только чуть темнели, но ни упругости своей, ни чистоты не теряли. (8)Шли к колодцам. (9)3амшелые стояли колодцы, а вода в них была слаще молока. 
 (10)Деревня наша Михайловка пошла из выселков. (11)Женились, выходили из отцовских хозяйств молодые всё мужики да бабы, селились на свежей чистой земле, рубили избы, ставили себе новую деревню. (12)Лежала она в излучине светленькой речки Рпени, за речкой заливные луга, а в другом конце, на взгорке, построило общество школу, обсадило берёзками. (13)Высоченные, до земли завесив дремучими космами дебелую наготу, стояли они вокруг тесовой с выскобленным крыльцом школы, безмятежно взирая вокруг, и место это было над местностью главным. 
 (14)Да и вся деревня была в берёзках, и мы, малыши, в тёплые майские вечера ловили жуков, жужжащих в тёмной путанице берёзовых подзоров. (15)Ловили обтёрханными ватниками, в которых гуляли до ночи, подвернув рукава, а полы — до пяток. (16)Взмахнув ватником, сшибали толстых янтарных жуков. (17)В траве мы исхитрялись прочищать пятачки для городков, но чуть изменяли игре — не могли уже отыскать пятачков, зарастали наглухо. (18)Как всё ушло? (19)Куда? (20)Когда? (21)Тогда ли, когда выстроились возле граммофонный завод и похожие на заброшенные конюшни бараки? (22)Кораблями выставил город два багровых четырёхэтажных дома. (23)3ахваченное ими место называлось Фубра. 
 (24)В школу, где было всего два класса, пришли худые, горластые ребятишки. (25)Они начали бить нас, деревенских увальней, сразу же. (26)Было их раз в десять больше, и нападали они ватагой. (27)И как ни здоровы были мы, выросшие на молоке и немереном хлебе, количество всегда одолевало качество. (28)Мы, десяток деревенских, привыкшие объединяться лишь для игр, научились сбиваться для драк. 
 (29)Распадались хозяйства, парни уходили в город. (30)В домах селились приезжие. (31)0днажды начали ломать несколько домов на нашем конце, и прямо поперёк улицы улеглась высоченная, выше домов насыпь, поверху проложили рельсы. (32)Насыпь опоясала деревню, отгородила её от речки, через деревню поехали самосвалы с глиной. (33)Глина завалила улицу от ворот до ворот, она мокла и к осени стала топью. (34)Колодцы снесли, потом построили новые, из досок. (35)Вода в них стала тухлой, в ней плавали консервные банки. (36)Сады позади домов прорезал забор, поднялись ня углях его вышки, в них засели вооружённые люди: за забором заключённые строили завод. 
 (37)Над деревней по насыпи засвистали паровозы. (38)3авод подымался, из-за забора глядел на деревню новорождёнными бессмысленными глазами, и в речку уже текли первые его отходы. (39)Купаться в ней стало нельзя, речка стала болотом. (40)Рыба куда-то ушла. 
 (41)И совсем исчезла трава. (42)Пропала под глиной, будто её и не было. 
 (43)Отсутствия её за другими бедами не заметили. (44)Ну пропала и пропала. (45)Иногда только вспоминали, хвастая перед захожими: а ведь и у нас тут трава была, вот здесь вот, везде, ей-богу, была трава, вот трава так трава, нигде такой не было травы. (46)Но захожие были всё люди торопливые, было им не до травы, да и в самом деле, мало ли трав на свете. 
 (47)Через несколько лет, как улежалась, стала глина прорастать кой-где осочкой. (48)Жёсткая, бурая росла осочка, откуда только взялась. (49)А уже пилили деревья. (50)Всё было кончено. 
 (51)Когда я уехал, возвращаться не собирался, но совсем недавно попал на старое место, так уж вышло. (52)И увидел в самом центре гудящего, всё ещё ползущего вширь завода облачко зелени. (53)Там стояли дома, которые не тронули за ненадобностью. (54)Уцелело несколько берёз. (55)Они согнулись, были черны и голы. (56)Густое облако зелени шло от новеньких тополей. (57)Модные деревья, жирненькие коротышки, втыкали в небо опиленные культи и зеленели жадно, стараясь захватить побольше пространства. (58)Как плесень, устилал всё вокруг бесплодный их пух. 
 (59)Стоял и дедовский дом. (60)Стоял полуразваленный, накренившийся. (61 )И резная труба на крыше проржавела насквозь. (62)И медный петух на ней свалился набок. (63)Ремонт тут был ни к чему. (64)А у забора я увидел несколько кустиков травы. (65)Трава редка была, низка. (66)И это была та самая трава. 
 (По В.Б. Чернову*) 
 ★Владимир Борисович Чернов (1939-2013) — российский журналист, редактор. 
 Информация о тексте 
 
"
442,"Текст Чернова В. 
 (1)Однажды Солженицын написал Ростроповичу письмо. (2)Он вспомнил, как жил на даче любимого всеми виолончелиста, который приютил его, опального писателя. (3)Ростропович считал, что каждый человек должен заниматься своим делом, и на этом основании не вникал конспиративные дела своего квартиранта, боровшегося за правду не только явно, но и тайно.  
 (4)В скрытый зеленью флигелёк, предоставленный Солженицыну в полное распоряжение, через заднюю калитку приходили люди. (5)Но если в той части дачи творились таинственные дела, то через ворота к хозяину шли и ехали его друзья, далёкие от тюрем и ссылок.  
 (6)И вот Солженицын написал: «Я восхищаюсь твоим музыкальным гением, солнечностью твоей натуры, искренностью твоего мышления. (7)Но одновременно и тревожусь, как ты останешься в русской истории и в памяти потомков. (8)Искусство для искусства вообще существовать может, да только не в русской это традиции. (9)На Руси такое искусство не оставляет благодарной памяти. (10)Уж так у нас повелось, что мы от своих гениев требуем участия в народном горе».  
 (11)Значит, в народном горе не участвовал Ростропович... (12)У него, правда, собственного горя было вот по сих пор. (13)Но можно ли считать участием в общенародном горе беды подростка, который в военные и послевоенные годы содержал семью, голодавшую после смерти отца? (14)Можно ли считать горем запрет на поездки за границу? (15)Получив этот запрет, он даже отправился на гастроли на Чукотку и 8 марта послал телеграмму Фурцевой: «Поздравляю Вас, благодарю за доброту. (16)Ростропович из Магадана». (17)Он острил, а ведь это был период, когда он испытывал невыносимые муки, поскольку был уже предельно близок к запрету и на любимую профессию.  
 (18)И при этом — да, в счастливые моменты жизни он играл с одинаковым удовольствием всем. (19)Он любил рассказывать, как однажды, приехав на Кубу, путешествовал по плантациям сахарного тростника, исполняя рубщикам в часы зака-та любимые ими мелодии испанских композиторов, пока однажды не заехал в горы и не попал в странное здание, где слушать его собрались военные со знаками различий и без. (20)Причём севшие друг от друга отдельно.  
 (21)Оказалось, это была тюрьма, где содержали военнопленных. (22)Так вот, в конце концерта он увидел, что плачут и те, и другие.  
 (23)И Ростропович поверил, что музыка соединяет души. (24)И поэтому в такие моменты люди способны договориться. (25)А что может быть лучше? (26)Потому всех людей без разбора он равно оделял музыкой.  
 (27)Ещё он считал, что следует встречаться с народом не только в Колонном зале Дома Союзов, но и там, где народ живёт. (28)Он разъезжал по стране, по самым заброшенным и глухим её углам, навевая своим волшебным смычком сладкие классические грёзы людям самых разных профессий, аккомпаниатор Юра Казаков при этом за неимением рояля подыгрывал ему на баяне. 
 (29)Вот как жил Ростропович. (30)Он не был борцом. (31)Но именно за то, что он приютил спального борца, его и выгнали из родной страны. (32)А ведь он просто поступал естественным для себя образом. (33)С Солженицыным поступили непорядочно, и этого для Ростроповича было вполне достаточно, чтобы начать ему помогать.  
 (34)Не помню, требовал ли кто-нибудь от наших гениев «личного участия в народном горе», когда в августе 91-го года все мы собрались вокруг Белого дома, не будучи уверены, что вернёмся домой. (35)По-моему, нет. (36)Никто из них и не явился. (37)И вдруг откуда-то образовался Ростропович. (38)Один за всех. (39)Гений, не умеющий правильно себя вести, по-ступающий по толчку сердца. (40)С хозяйственной сумкой он вышел на улицу в своём Париже, сунув в ящик стола записку: «Уезжаю умирать в Россию». (41)0н сразу направился в аэропорт. (42)Без визы, без предварительных переговоров с кем-либо. (43)И, как таран, прошёл и таможню, и оцепление и явился.  
 (44)Я помню, как цепи людей перед Белым домом, под сумасшедшим ливнем этой нескончаемой ночью пришедших на площадь, вдруг заходили ходуном и кто-то крикнул: «Ростропович!» (45)И все увидели, как он перелезает баррикаду — к нам! (46)И мы поверили, что в ту ночь не умрём.  
 (47)Потом он привёз в Россию свои деньги, начал строить здесь госпиталь для детей.  
 (48)Потом привёз свой оркестр и дирижировал им на Красной площади. (49)И вот он уже принялся концертировать, и разъезжать по стране, и обживать свою старую, давно заброшенную квартиру.  
 (50)Его никто не звал. (51)Он — сам. (52)Гениев звали долго, они обещали, потом собирались, потом годы прошли, наконец они явились совсем не в ту, что оставили, страну. (53)В чужую, которая вовсе в них уже не нуждалась. (54)И исчезли, как камень в воду, одни круги по воде.  
 (55)Ростропович никогда не был среди Великих Разрушителей. (56)Но он сразу же присоединился к строителям, едва забрезжило в России хоть какое-то строительство.  
 (57)Таков подход Ростроповича. (58)Так он и останется в истории России человеком, который среди битв и разрушений, мучеников и мучителей, правых и неправых творил своё божественное дело по соединению душ.  
 (По В.Б. Чернову*)  
 *Владимир Борисович Чернов (1939-2013) — российский журналист, редактор.  
  Примерный круг проблем:   

1. Каков масштаб личности Мстислава Ростроповича?  
2. В чём заключается предназначение музыканта?  
3. В чем проявляется противостояние тоталитарному режиму? Кто оказывался среди тех, кто такому режиму противостоит?  

"
443,"Текст Чехова А. 
  (1)В оранжерее графов N происходила распродажа цветов. (2)Покупателей было мало: я, мой сосед-помещик и молодой купец, торгующий лесом. (3)Пока работники выносили наши волшебные покупки и укладывали их на телеги, мы сидели у входа в оранжерею и беседовали о том о сём. (4)В тёплое апрельское утро сидеть в саду, слушать птиц и видеть, как вынесенные на свободу цветы нежатся на солнце, было чрезвычайно приятно. 
 (5)Укладыванием растений распоряжался сам Михаил Карлович, садовник, почтенный старик с бритым лицом, в меховой жилетке, без сюртука. (6)Он всё время молчал, но прислушивался к нашему разговору и ждал, не скажем ли мы чего-нибудь новенького. (7)Это был умный, очень добрый и всеми уважаемый человек. 
 (8) - Этот вот молодчик, рекомендую, ужасный негодяй, - сказал мой сосед, указывая на работника со смуглым цыганским лицом, который проехал мимо на бочке с водой. (9) - На прошлой неделе его судили в городе за грабёж и оправдали. (10)Признали его душевнобольным, а между тем взгляните на рожу, он здоровёхонек. (11)В последнее время в России уж очень часто оправдывают негодяев, объясняя всё болезненным состоянием, между тем эти оправдательные приговоры, это очевидное послабление и потворство, к добру не ведут. (12)Они деморализуют массу, чувство справедливости притупилось у всех, так как привыкли уже видеть порок безнаказанным, и, знаете ли, про наше время смело можно сказать словами Шекспира: «В наш злой, развратный век и добродетель должна просить прощенья у порока». 
 (13) - Это верно, верно, - согласился купец. (14) - Оттого, что оправдывают в судах, убийств и поджогов стало гораздо больше. (15)Спросите-ка у мужиков. 
 (16)Садовник Михаил Карлович обернулся к нам и сказал. 
 (17) - Что касается меня, господа, то я всегда с восторгом встречаю оправдательные приговоры. (18)Я не боюсь за нравственность и за справедливость, когда говорят «невиновен», а, напротив, чувствую удовольствие. (19)Даже когда моя совесть говорит мне, что, оправдав преступника, присяжные сделали ошибку, то и тогда я торжествую. (20)Судите сами, господа: если судьи и присяжные верят более человеку, чем уликам, вещественным доказательствам и речам, то разве эта вера в человека сама по себе не выше всяких житейских соображений? 
 (По А.П. Чехову) 
"
444,"Текст Чехова А. 
 (1)Мой дядя Пётр Демьяныч как-то, собираясь в гимназию, где он преподавал латинский язык, заметил, что переплёт его синтаксиса изъеден мышами. 
 — (2)Прасковья, — сказал он, обращаясь к кухарке. — (3)У нас мыши завелись? 
 — (4)А что ж мне делать? – ответила Прасковья. 
 — (5)Кошку бы ты завела, что ли... 
 — (6)Кошка есть; да куда она годится? 
 (7)И Прасковья указала на угол, где около веника, свернувшись калачиком, дремал худой, как щепка, белый котёнок. 
 — (8)Отчего же не годится? — спросил Пётр Демьяныч. 
 — (9)Молодой ещё и глупый. (10)Почитай, ему ещё и двух месяцев нет. 
 — (11)Так его приучать надо, воспитывать! 
 (12)Возвращаясь из гимназии, дядюшка зашёл в лавку и купил мышеловку. (13)За обедом он нацепил на крючок кусочек котлеты и поставил западню под диван. (14)Ровно в шесть часов вечера под диваном вдруг раздалось «хлоп!». 
 — (15)Ага-а! – пробормотал Пётр Демьяныч, достав мышеловку, и так злорадно поглядел на крошечную мышь, как будто собирался поставить ей единицу. — (16)Пойма-а-алась, по-одлая! (17)Прасковья, неси-ка сюда котёнка! 
 — (18)Сича-ас! — отозвалась Прасковья и через минуту вошла, держа на руках потомка тигров. 
 — (19)Отлично! — забормотал Пётр Демьяныч, потирая руки. — (20)Ставь его против мышеловки... (21)Вот так... 
 (22)Котёнок удивлённо поглядел на дядю, на мышь, с недоумением понюхал мышеловку, потом, испугавшись яркого лампового света и человеческого внимания, на него направленного, рванулся и в ужасе побежал к двери. 
 — (23)Стой! — завопил дядя, хватая его за хвост. — (24)Стой, подлец этакий! (25)Мыши, дурак, испугался! (26)Гляди: это мышь! (27)Гляди же! (28)Ну? (29)Гляди, тебе говорят! 
 (30)Пётр Демьяныч взял котёнка за шею и потыкал его мордой в мышеловку. 
 — (31)Гляди, стервец! (32)Возьми-ка его, Прасковья, и держи против дверцы... (33)Как выпущу мышь, ты его тотчас же выпускай! 
 (34)Дядюшка придал своему лицу таинственное выражение и приподнял дверцу... (35)Мышь нерешительно вышла, понюхала воздух и стрелой полетела под диван... (36)Выпущенный котёнок задрал вверх хвост и побежал под стол. 
 — (37)Ушла! (38)Ушла! — закричал Пётр Демьяныч, делая свирепое лицо. — (39)Мерзавец! (40)Постой же... 
 (41)Дядюшка вытащил котёнка из-под стола и потряс его в воздухе. 
 — (42)Каналья этакая... — забормотал он, трепля его за ухо. — (43)Вот тебе! (44)Вот тебе! (45)Будешь другой раз зевать? (46)Ккканалья... 
 (47)На другой день котёнка, после вчерашнего оскорбления забившегося под печку и не выходившего оттуда всю ночь, дядюшка снова взялся воспитывать — но история повторилась: после открытия дверцы мышь убежала, котёнок же, почувствовав себя на свободе, сделал отчаянный прыжок от мучителей-воспитателей и забился под диван. 
 (48)Во время третьего урока котёнок при одном только виде мышеловки и её обитателя затрясся всем телом и поцарапал руки Прасковьи... (49)После четвёртого (и последнего) неудачного урока дядюшка вышел из себя, швырнул ногой котёнка и сказал: 
 — (50)Ни к чёрту не годится! 
 (51)Прошёл год. (52)Тощий и хилый котёнок обратился в солидного и рассудительного кота. (53)Однажды, пробираясь задворками, он вдруг услыхал шорох, а вслед за этим увидел мышь... (54)Мой герой, будто припомнив дядюшкино воспитание, ощетинился, зашипел и, задрожав всем телом, малодушно пустился в бегство. 
 (55)Увы! (56)Иногда и я чувствую себя в смешном положении бегущего кота. (57)Подобно котёнку, в своё время я имел честь учиться у дядюшки — латинскому языку. (58)Теперь, когда мне приходится видеть какое-нибудь произведение классической древности, то вместо того, чтоб жадно восторгаться, я начинаю вспоминать жёлто-серое лицо дядюшки, его крики, бледнею, волосы мои становятся дыбом, и, подобно коту, я ударяюсь в постыдное бегство. 
 * Антон Павлович Чехов (1860–1904) — русский писатель, прозаик, драматург, классик мировой литературы. 
  Информация о тексте 
 
"
445,"Текст Чехова А. П. 
 (1)Небо заволокло злыми тучами, дождь печально колотил в стёкла и нагонял на душу тоску. (2)В задумчивой позе, с расстёгнутым жилетом и заложив руки в карманы, стоял у окна и смотрел на хмурую улицу хозяин городского ломбарда Поликарп Семёнович Иудин. 
 (3)«Ну что такое наша жизнь? — рассуждал он в унисон с плачущим небом. — (4)Что она такое? (5)Книга какая-то с массой страниц, на которых написано больше страданий и горя, чем радостей… (6)На что она нам дана? (7)Ведь не для печалей же Бог, благой и всемогущий, создал мир! (8)А выходит наоборот. (9)Слёз больше, чем смеха…» 
 (10)Иудин вынул правую руку из кармана и почесал затылок. 
 (11)«Н-да, — продолжал он задумчиво, — в плане у мироздания, очевидно, не было нищеты, продажности и позора, а на деле они есть. (12)Их создало само человечество. (13)Оно само породило этот бич. (14)А для чего, спрашивается, для чего?» 
 (15)Он вынул левую руку и скорбно провёл ею по лицу. 
 (16)«А ведь как легко можно было бы помочь людскому горю: стоило бы только пальцем шевельнуть. (17)Вот, например, идёт богатая похоронная процессия. (18)Шестерня лошадей в чёрных попонах везёт пышный гроб, а сзади едет чуть ли не на версту вереница карет. (19)Факельщики важно выступают с фонарями. (20)На лошадях болтаются картонные гербы: хоронят важное лицо, должно быть, сановник умер. (21)А сделал ли он во всю жизнь хоть одно доброе дело? (22)Пригрел ли бедняка? (23)Конечно, нет… мишура!» 
 — (24)Что вам, Семён Иваныч? 
 — (25)Да вот затрудняюсь оценить костюм. (26)По-моему, больше шести рублей под него дать нельзя. (27)А она просит семь; говорит, детишки больны, лечить надо. 
 — (28)И шесть рублей будет многовато. (29)Больше пяти не давайте, иначе мы так прогорим. (30)Только вы уж осмотритесь хорошенько, нет ли дыр и не остались ли где пятна… 
 (31)«Нда-с, так вот — жизнь, которая заставляет задуматься о природе человека. (32)За богатым катафалком тянется подвода, на которую взвалили сосновый гроб. (33)Сзади неё плетётся, шлёпая по грязи, только одна старушонка. (34)Эта старушка, быть может, укладывает в могилу сына-кормильца… (35)А спросить-ка, даст ли ей хоть копейку вот та дама, которая сидит в карете? (36)Конечно, не даст, хотя, может, выразит свои соболезнования…» 
 —(37)Что там ещё? 
 — (38)Шубку старуха принесла… сколько дать? 
 — (39)Мех заячий… (40)Ничего, крепка, рублей пять стоит. (41)Дайте три рубля, и проценты, разумеется, вперёд… (42)«Где же, в самом деле, люди, где их сердца? (43)Бедняки гибнут, а богачам и дела нет…» 
 (44)Иудин прижал лоб к холодному стеклу и задумался. (45)На глазах его выступили слёзы – крупные, блестящие, крокодиловы слёзы. 
 (по А. П. Чехову*) 
 *Александр Павлович Чехов (1855–1913) – русский писатель, прозаик, публицист, старший брат Антона Павловича Чехова. 
 
"
446,"Текст Чехова А.П. 
 (1)У широкой степной дороги, называемой большим шляхом, ночевала отара овец. (2)Стерегли её два пастуха. (3)Один был старик лет восьмидесяти, беззубый, с дрожащим лицом, лежал на животе у самой дороги, положив локти на пыльные листья подорожника. (4)Другой был молодой парень, с густыми чёрными бровями и безусый, одетый в рядно, из которого шьют дешёвые мешки. (5) Он лежал на спине и, положив руки под голову, глядел вверх на небо, где над самым его лицом тянулся Млечный Путь и дремали  звёзды. 
 (6)В сонном, застывшем воздухе стоял монотонный шум, без которого не обходится степная летняя ночь. (7)Непрерывно трещали кузнечики, пели перепела, да на версту от отары, в балке, в которой бежал ручей и росли вербы, лениво посвистывали молодые соловьи.  
 (8)Вдруг старый пастух прервал молчание:  
 – (9)Санька, спишь, что ли?  
 – (10)Нет, дедушка, – не сразу откликнулся молодой.  
 – (11)В этих местах кладов много, – вздохнул старик. – (12)По всему видать, что есть, только, брат, копать их некому.  
 (13)Молодой пастух подполз шага на два к старику и, подперев голову кулаками, устремил на него неподвижный взгляд. (14)Младенческое выражение страха и любопытства засветилось в его тёмных глазах и, как казалось в сумерках, растянуло и сплющило крупные черты его молодого, грубого лица. (15)Он напряжённо слушал.   
 – (16)И в писаниях сказано, что кладов тут много, – продолжал старик. – (17)А клад – это ж и есть счастье человеку! (18)Одному новопавловскому старику солдату в Ивановке карту показывали, так в той карте напечатано и про место, и даже сколько пудов золота, и в какой посуде. (19)Давно б он по этой карте клад достал, да только клад заговорённый, не подступишься.   
 – (20)Отчего же, дед, не подступишься? – спросил молодой. 
 – (21)Должно быть, причина какая есть, не сказывал солдат. (22)Заговорённый… (23)Талисман надо.  
 (24)Старик говорил с увлечением, как будто изливал свою душу. (25)Он гнусавил от  непривычки говорить много и быстро, заикался и, чувствуя такой недостаток своей речи, старался скрасить его жестикуляцией головы, рук и тощих плеч. (26)При  каждом  подобном  жесте  его  холщовая  рубаха  мялась  в  складки, ползла к плечам и обнажала чёрную от загара и старости спину.  
 (27)Он обдёргивал её, а она тотчас же опять лезла. (28)Наконец старик, точно выведенный из терпения этой непослушной рубахой, вскочил и заговорил с горечью:  
 – (29)Рядом  счастье-то,  а  что  с  него  толку,  если  оно  в  земле  зарыто?  
 (30)Так и пропадает  оно  задаром,  без  всякой  пользы,  как  овечий  помёт! (31)А ведь счастья много, так много, парень, что его на всю бы округу хватило! (32)Да не видит его ни одна душа!  
 – (33)Дед, а что ты станешь делать со счастьем этим, если найдёшь его?  
 – (34)Я-то? – усмехнулся старик. – (35)Только бы найти, а то… показал бы я  всем кузькину мать… (36)Гм!.. (37)Знаю, что делать... 
 (38)И старик не сумел ответить, что он будет делать со счастьем, если найдёт его. (39)За всю жизнь этот вопрос представился ему в это утро, вероятно, впервые и, судя по выражению лица, легкомысленному и безразличному, не казался ему важным и достойным размышления.  
 (40)Окружённое  лёгкою  мутью,  показалось  громадное  багровое  солнце.  
 (41)Вокруг быстро светлело.  (42)Широкие полосы света, ещё холодные, купаясь в росистой траве, потягиваясь и с весёлым видом, как будто стараясь показать, что это не надоело им, стали ложиться по земле. (43)Серебристая полынь, голубые васильки, жёлтая сурепка – всё это радостно и беспечно запестрело, принимая свет солнца за свою собственную улыбку.  
 (44)Старик  и  Санька  разошлись  по  краям  отары. (45)Затем  оба  встали,  как  столбы,  не  шевелясь,  глядя  в  землю  и  думая. (46)Первого  не   отпускали  мысли  о  кладах,  второй  же размышлял  о  том,  что  говорилось  ночью. (47)Интересовали Саньку не сами клады, которые были ему не нужны,  а фантастичность и несбыточность человеческого счастья.  
 (По А. П. Чехову) 
"
447,"Текст Чуковской Л. 
 (1)Сделавшись профессиональным детским писателем, выступая перед сотнями и тысячами детей с самых разнообразных эстрад, общаясь с ними в школах, больницах, санаториях, детских садах и библиотеках, читая им своё и чужое, Чуковский с большой точностью установил возрастные рамки восприятия литературы: тому свидетельство хотя бы книга «От двух до пяти» или статья «Литература и школа». (2)Но и в ту начальную пору, когда число детей, попадающих в поле его зрения, ограничивалось малышами, копошащимися на пляже, да собственными детьми, он вдумывался в восприятие, вглядывался в возраст, пытался прежде всего понять: что детям скучно, а что увлекает их? (3)«Скучно - нескучно» - это было для него важным критерием. (4)Критерием, конечно, не единственным. (5)Мало ли написано книг с остро закрученным сюжетом, «занимательных», но бездушных, бездарных и своей неодухотворённостью заглушающих понимание жизни? (6)Заглушающих рост души? (7)Не они ли уводят от понимания литературы? 
 (8)Возраст - ступенька. (9)Каждой возрастной ступени должно соответствовать своё искусство. (10)Корней Иванович мечтал о возведении лестницы, которая приводила бы растущего человека к «Евгению Онегину». 
 (11)Что и в каком порядке должен читать растущий человек, с какой на какую он должен переходить ступеньку (сам и с помощью взрослых), чтобы, скажем, к четырнадцати, пятнадцати, шестнадцати годам онегинская строфа не затрудняла, не отпугивала, а пленяла его? (12)Что, в каком виде и в какой последовательности надлежит давать прочесть растущему человеку в детстве, чтобы защитить его от пошлости, которая всегда, во все времена, неизбежно и неистребимо лезет изо всех щелей? (13)Чем одаривать, чтобы подрастающий человек радостно поднимался по лестнице литературной культуры, без которой нет культуры душевной? (14)Конца эта лестница не имеет, но каково должно быть начало и какова последовательность шагов?  
 (15)Корней Иванович ревновал литературу к музыке; ему представлялось, будто в музыке, в науке о музыкальном воспитании такая лестница уже возведена. (16)Путь к Бетховену проложен. (17)В поэзии же, полагал он, лестница к вершине её - Пушкину - не построена... (18)А ведь русская поэзия - одна из сверхмощных держав в поэзии мира. (19)Что же будет, если наследники не окажутся в силах принять своё наследство? (20)Опасность представлялась ему грозной. 
 (По Л. Чуковской) 
 Сведения об авторе: 
 Чуковская Лидия Корнеевна (1907-1996) - поэт, прозаик, критик, мемуарист, редактор, автор книг для детей, литературно-критических очерков, воспоминаний об А.А. Ахматовой, М.И. Цветаевой. 
"
448,"Текст Шагинян М. 
 (1)Есть такая пословица, знакомая из русской классики: «Береги честь смолоду». (2)Я бы прибавила к ней ещё другую, практически не менее важную: создавай себе привычку смолоду, с первых дней молодости! (3)Привычку к определённой форме, определённой технологии труда! (4)Это скажется на всей жизни, это принесёт огромные плоды в старости. (5)С ужасом вижу я у части современной молодёжи лёгкое и пустое отношение к времени… (6)Часы, дни проходят у молодого, полного сил существа впустую. (7)Напоминают ему: «Надо же успеть выучить, надо к такому-то успеть сделать!» – и получают в ответ: «Пустяки, наверстаю!»… (8)Впереди много времени, вёрсты и вёрсты. (9)Успеется. (10)И время, материальное время, бежит, как пустой конвейер, на который ничего не положено. (11)День не положено, месяц не положено, год не положено – впереди ещё есть вёрсты, наверстаю. (12)Но когда пришёл последний срок «наверстать», оказывается, что молодой, энергичный человек наверстать не может. (13)Один-два раза выйдет, а вообще – не получается, не выходит, хотя есть ещё и время для этого, и силы, и здоровье. (14)Почему не получается? (15)Попробуйте спросить у хорошего скрипача, месяцами не бравшего скрипку в руки, почему не выходит у него знакомый пассаж. (16)Да потому, что не было ежедневной тренировки пальцев, не было необходимой практики. (17)Время не резинка, оно действенно. (18)Пустое время между вами и вашим делом – пропущенное – не оставляет за этот промежуток вас и ваши способности точь-в-точь такими, какими они были до промежутка. (19)Они, ваши способности, за этот промежуток притупились, деквалифицировались, назад пошли. (20)И наоборот, если б он, этот промежуток времени, заполнялся бы вами, как на конвейере, практикой, повторением, изучением, освоением определённой вещи, то ваши способности и ваши умения за этот промежуток упрочились бы, вошли в привычку. 
 (21)Сколько теряют наши молодые люди, не заручившись привычкой думать, работать, изучать, делать с ранней молодости! (22)Но я неверно сказала, что промежуток откладывания своих дел в надежде «наверстать» оказывается для них только пустым и потерянным временем. (23)Время никогда не бывает пустым. (24)Оно откладывает на своём конвейере для праздной молодёжи по кирпичику пустоты, создавая постепенно привычку к ничегонеделанью. (25)И уже эта самая привычка ничегонеделанья и мешает им впоследствии «наверстать». 
 (М. Шагинян*) 
 *Мариэтта Сергеевна Шагинян (1888–1982) – русская писательница, литературовед, философ."
449,"Текст Шаляпина Ф. 
 (1) В былые годы, когда я был моложе, я имел некоторое пристрастие к рыбной ловле. (2) Я оставлял мой городской дом, запасался удочками и червяками и уходил в деревню на реку. (3) Целые дни до позднего вечера я проводил на воде, а спать заходил куда попало, к крестьянам. (4) В один из таких отлетов я устроился в избе мельника. (5) Однажды, придя к мельнику ночевать, я в углу избы заметил какого-то человека в потасканной серой одежде и в дырявых валяных сапогах, хотя это было летом. (6) Он лежал на полу с котомкой под головой и с длинным посохом под мышкой. (7) Так он и спал. (8) С первым светом серый комок в валенках зашевелился, как-то крякнул, потянулся, сел, зевнул, перекрестился, встал и пошел прямо в дверь. (9) На крыльце он подошел к рукомойнику - к незатейливой посудине с двумя отверстиями, висевшей на веревочке на краю крыльца. 
 (10) Я было собрался со стариком заговорить, да не успел - ушел. (II) Очень пожалел я об этом, и захотелось мне хотя бы взглянуть на него еще один раз. (12) Я привстал на колени, облокотился на подоконник и открыл окошко. (13) Старик уходил вдаль. (14) Долго смотрел я ему вслед. (15) Фигура его, по мере того как он удалялся, делалась меньше и меньше и наконец исчезла вся. (16) Но в глазах моих она осталась навсегда, живая. 
 (17) Это был странник. (18) В России испокон веков были такие люди, которые куда-то шли. (19) У них не было ни дома, ни крова, ни семьи, ни дела. (20) Ходили по просторной русской земле с места на место, из края в край. (21) Отдыхали и спали где попало. (22) Я убежден, что, если каждого из них в отдельности спросить, куда и зачем он идет, он не ответит. (23) Он над этим не думал. (24) Казалось, что в их душах жило смутное представление о неведомом каком-то крае, где жизнь праведнее и лучше. (25) Может быть, они от чего-нибудь бегут. (26) Но если бегут, то, конечно, от тоски - этой совсем особенной, непонятной, невыразимой, иногда беспричинной русской тоски. 
 (27) В «Борисе Годунове» Мусоргским с потрясающей силой нарисован своеобразный представитель этой бродяжной России - Варлаам. (28) У него спутана и всклокочена седая борода, на конце расходящаяся двумя штопорами. (29) Одутловатый, малокровный, однако с сизо-красным носом, он непременный посетитель толкучего рынка. (30) Это он ходит там темно-серый, весь поношенный и помятый, в своей стеганой на вате шапке. 
 (31) Когда Варлаам крестится, он крестит в сердце своем пятно тоски, пятно жизни. (32) Но ничем не стирается оно: ни пляской, ни песней. (34) Не знаю, конечно, нужны ли такие люди, надо ли устроить так, чтобы они стали иными. (34) Не знаю. (35) Одно только я скажу: эти люди - одна из замечательнейших, хотя, может быть, и печальных, красок русской жизни.   (По Ф.И. Шаляпину) 
"
450,"Текст Шеварова Д. 
 (1)В письме к жене 18 мая 1836 года Пушкин удивлялся: откуда взялись эти благоразумные молодые люди, «которым плюют в глаза, а они утираются» вместо того, чтобы защитить свою честь? (2)Иногда кажется, что мы вышли из шинелей именно этих смирных людей. (3)Звон упругой стали более не слышится нам в слове честь. 
 (4)Откроем словарь Даля, чтобы вспомнить, во имя чего ставилась на карту жизнь, полная великих надежд и гениаль¬ных замыслов. (5)Итак, «честь — внутреннее нравственное достоинство человека, доблесть, честность, благородство души и чистая совесть». (6)И тут же примеры: «Человек незапятнанной чести. По чести... Уверяю вас честью. Поступок, несовместимый с честью... Знал бы ты честь... Поле чести... Честь моя требует крови...».   
 (7)Дуэль! (8)Только этот разряд убийственной силы мой стремительно восстановить нравственное равновесие. (9)Подлец знал, что его подлость может быть наказана не взиманием  штрафа через год по приговору суда, а сегодня вечером.  (10)Самое позднее — завтра утром. (11)Пошляк не говорил   двусмысленностей вслух, остерегаясь немедленного возмездия. (12)Сплетник вынужден был осторожничать. (13)В грозном свете дуэльных правил слово быстро отливалось в свинец. 
 (14)А как же Пушкин? (15)Какая непоправимая и бессмысленная гибель... 
 (16)Да, непоправимая, но не бессмысленная. (17)Да, «невольник чести», но ведь чести! 
 (18)3а год до дуэли Пушкин писал графу Репнину: «Как дворянин и отец семейства, я должен блюсти честь и имя, которое оставлю моим детям». (19)Вот и всё, что остаётся детям: честь  и имя   (20)Всё остальное им не нужно, всё остальное — неважно. (21)Очевидно, нам ещё многое предстоит пережить и передумать, чтобы вернуться к пониманию этой истины.   (По Д. Шеварову) 
 Основные проблемы: 
 1) проблема толкования понятия честь во времена Пушкина и сегодня; 
 2) проблема сохранения и защиты во все времена нравственного тостоинства человека, его чести. 
 Авторская позиция: 
 1. Понятие чести, непреходящее и общечеловеческое, включает умение защищать свои жизненные ценности, чистую совесть. честность, достоинство, благородство, невозможность лгать, клеветать, подличать. 
 2. Автор не призывает к возврату дуэли, он лишь на этом примере утверждает, что честь необходимо защищать.   "
451,"Текст Шефнера В. 
 (1)Как-то раз я спросил у одной художницы, почему это на полотнах старых мастеров лица у детей такие взрослые. (2)Мадонна или просто какая-нибудь женщина держит на руках ребёнка или ведёт его за ручку, телом он совсем маленький, а глаза смотрят серьёзно. 
 (3)Художница ответила мне примерно так. (4)Старые мастера и вообще большие живописцы прошлого видели в младенце прежде всего человека. (5)Ведь главное в каждом малыше не то, что он ребёнок, а то, что он человеческий ребёнок. (6)И жизнь у него человеческая - трудная, сложная. (7)Конечно, детство - это заря жизни, это счастье. (8)Но сам ребёнок этого счастья не осознаёт. (9)Вот вы в детстве были счастливы? 
 (10)Выслушав её, я призадумался. (11)Конечно, какой-то перехлёст был в её словах. (12)Но когда я начал перебирать в памяти грустные и счастливые впечатления своего детства, счастливых оказалось очень мало. (13)И причиной тому были отнюдь не родители, не окружающие, не трудности эпохи. (14)Мне просто некогда было быть счастливым. 
 (15)Ну а как же тогда быть с «золотым детством»? (16)«3олотое детство» — это прочно затверженная формула. 
 (17)А что если миф о золотом детстве придумали взрослые дяди и тёти, которые забыли свои детские годы? (18)Ведь если бы все в детстве были безоблачно счастливы, то из детей вырастали бы глупые взрослые. (19)Между тем мы живём в обществе людей разумных, талантливых, способных, умных, толковых, мыслящих - и это во всех областях жизни. 
 (20)Детство - пора очень напряжённой учёбы («научения», как теперь говорится), пора освоения и усвоения бытия. (21)В детстве жить очень интересно и очень нелегко. (22)Колоссальный поток сведений, ощущений, переживаний вливается в сознание, и во всём надо разобраться, а умственных силёнок и опыта ещё очень мало. (23)Всё время ошибки, накладки, просчёты, недоумения. (24)Радость постижения чего-то мгновенно сменяется новыми поисками и новыми ошибками. 
 (25)Кто-то сказал, что каждый человек - это целый мир. (26)Но фундамент этого мира человек закладывает очень рано. (27)Самые тяжёлые камни нам приходится ворочать в детстве, а потом уже пойдут кирпичики. (28)А под старость, с высоты взрослых лет, эти камни начинают казаться нам лёгкими, как пушинки, и мы начинаем вспоминать своё золотое детство. 
 (По В. Шефнеру) 
 Сведения об авторе: 
 Шефнер Вадим Сергеевич (1915-2002) - поэт, прозаик, фантаст, автор военных рассказов, философских стихов и ироническо-фантастических повестей. 
 Основные проблемы: 
 1. Проблема восприятия мира детства взрослыми людьми (Почему детство взрослые традиционно называют «золотой порой»?)  
 2. Проблема роли детства в становлении личности человека (Как влияют детские годы на формирование человеческой личности?)  
 3. Проблема восприятия ребёнка мастерами старой школы живописи (Почему живописцы прошлого изображали детей с серьёзными лицами?) 
 Позиция автора по выделенным проблемам: 
 1. По мере того как происходит накопление человеком жизненного опыта, те трудности, которые он преодолевал в детстве, кажутся незначительными, поэтому детство взрослым людям и представляется беззаботной, «золотой» порой.  
 2. Детство - тяжёлая пора напряжённой учёбы, пора освоения мира, осмысления всего того, что происходит вокруг человека, поэтому именно в детстве закладывается фундамент человеческой личности.  
 3. Живописцы прошлого видели в ребёнке прежде всего человека, поэтому на их полотнах у детей серьёзные взгляды. 
"
452,"Текст Шима Э. 
 (1)В Ленинград пришла первая послевоенная весна. (2)Однажды я шёл с завода домой. (3)Долгий закат дымил над городом. (4)Только что прошумел дождь, ещё бренчали капли, падая с карнизов, и синие лужи на мостовых курились паром. 
 (5)Я вспомнил, как вернулся в Ленинград перед концом войны и не узнал его: пустынными и мёртвыми казались улицы, ни один фонарь не горел, не светились окна; на месте газонов и цветников чернела голая земля, разбитая на крохотные кривые грядки; прошлогодние листья скреблись и шуршали по дорожкам перекопанных городских садов... 
 (6)Я шёл медленно, подставляя лицо под капли и улыбаясь собственным мыслям. (7)В ту первую после войны весну у нас было много работы; мы отстаивали по полторы-две смены и ходили злые, невыспавшиеся. (8)А теперь вот горячка кончилась, и можно будет отдохнуть. 
 (9)Навстречу мне попалась женщина. (10)Она несла букет желтоватой черёмухи. (11)Я не успел посторониться, и шершавые мягкие листья коснулись лица. (12)На миг я ощутил полузабытый запах - такой свежий, холодящий, словно от сосульки, положенной на язык. 
 (13)И неожиданно я встретил её. 
 (14)Старая, раскидистая, она росла в конце тихой улочки, доставая третьи этажи. (15)Издали казалось, будто чистое летнее облако опустилось между домов. (16)Подойдя, я остановился у склонённых веток. (17)Кисти крупных цветов качались над самой головой. (18)Их можно было трогать руками. (19)Их можно было сорвать. 
 (20)Я протянул руку. (21)Эти цветы уже сегодня будут стоять у меня дома... 
 (22)Надламываясь, ветка громко хрустнула. (23)Я торопливо сунул её за спину. (24)Постукивая палкой, к черёмухе подходил сутулый, худой старик. (25)Сняв шляпу, он прислонился к стволу и словно задремал. (26)Мне было слышно, как он дышит - по-старчески посапывая. 
 (27)Я отодвинулся и тут заметил ещё двух человек. (28)Они стояли, прижавшись друг к другу, - молоденький парень и девушка. (29)Ни меня, ни старика они не замечали. 
 (30)И ещё я увидел окна. (31)Настежь распахнутые окна в соседних домах. (32)Казалось, дома тоже дышали, жадно и глубоко... 
 (33)Я представил себе тех, кто живёт на этой улице, и подумал: как удалось им сохранить черёмуху? (34)Не со слов - сам знаю: страшной блокадной зимой, когда в комнатах застывает вода и садится на стенках иней, чем не пожертвуешь ради крохи тепла, ради слабенького пламени в печурке? (35)А огромное старое дерево - уцелело. (36)Не в саду, не в парке - прямо на улице, никем не охраняемое... (37)Неужто на пороге смерти своей заботились люди о красоте и ждали весны?  
 (По Э. Шиму) 
"
453,"Текст Шима Э.  
 (1)И вот на том месте, где стоял старый нескладный буфет, возникла стройная, матово поблескивающая финская ""стенка"". (2)Её верхние полки мать заполнила книгами, а на средних и нижних расставила посуду и разные безделушки. 
 — (3)Ну, нравится? 
 — (4)Конечно, нравится. (5)А буфет где? – спросил Аркадий Антонович. 
 — (6)Я его выбросила. 
 — (7)Там у Женьки доска была. (8)Для работы. 
 — (9)Господи, для какой работы? (10)Для баловства! 
 — (11)Пилил он что-то. (12)Сверлил. 
 — (13)А что? (14)Ты видел, что именно? (15)Деревянное ружьё. (16)Я его тоже выкинула. (17)Ему, Аркаша, пора от всего прежнего отвыкать... (18)А тебе надо привыкнуть, что он взрослый, нормальный парень. (19)Попроще с ним, посмелее. 
 — (20)У нас с ним не получается, — сказал Аркадий Антонович. — (21)Вроде всё благополучно, но я чувствую: не получается. (22)Год назад мне было легче. 
 — (23)Когда он тебя выгонял? 
 — (24)Да, как ни странно... (25)Тогда мне надо было добиться, чтоб он стал меня уважать, чтоб согласился на нашу с тобой свадьбу... (26)А сейчас я теряюсь, не понимаю его... (27)Он как-то странно на всё соглашается! 
 — (28)И слава Богу, Аркаша. (29)Неужели тебе хочется, чтоб вы ругались? 
 (30)Аркадий Антонович, сгорбясь, присел на диван, сцепил худые руки на коленях. 
 — (31)Иногда люди ругаются, — сказал он, — но ощущают близость друг друга. (32)А сейчас он все делает, как побежденный. (33)Ты замечала? 
 — (34)Господи, что за чёрные мысли, тебе это мерещится! 
 — (35)Вчера ты прогнала его с кресла, а он — ни слова. (36)Ушёл как побитый! 
 — (37)А что он мог сказать, Аркаша?! (38)Я и тебя прогоню, если будешь пачкать обивку. (39)В доме наконец появился порядок, давайте его беречь! 
 — (40)А тебе не кажется... — Аркадий Антонович еще больше сгорбился, взглянул на нее снизу. — (41)Тебе не кажется, что мы неправильно начали совместную жизнь? (42)Может, правильнее начать с другого? (43)А не с этой мебели, например. (44)Мы это устраиваем для себя. (45)Для нас двоих. (46)А Женька? 
 — (47)Думаешь, ему будет хуже в прилично обставленной квартире? (48)Аркаша, не усложняй ситуацию. 
 — (49)Разве этим определяется людское житье? — сказал Аркадий Антонович, не меняя своей неудобной, неустойчивой позы. 
 — (50)А чем? (51)Что же ты молчишь? — (52)Мать перестала возиться с посудой и стояла выпрямившись. — (53)Говори! (54)Если я зря старалась, почему ты не сказал этого раньше?! (55)Я бы не носилась как сумасшедшая, не бегала после работы по магазинам! 
 — (56)Но, может, ты… чересчур увлеклась? 
 (57)Мать подвинула к себе стул, оперлась на его спинку. (58)Отвернулась. (59)Аркадий Антонович вдруг сообразил, что она беззвучно плачет. 
 — (60)Надеюсь, ты не считаешь меня стяжательницей! 
 (61)Она подняла к нему мокрые глаза: 
 — (62)Ведь обидно, Аркаша. (63)Я так старалась. (64)Я так хотела, чтоб вам понравилось… 
 — (65)Милая, ну извини, я сказал глупость. 
 — (66)Нет, Аркаша. (67)Дело не в словах. (68)Я тоже чувствую, что у нас не ладится…(69)Только мебель здесь ни при чём. (70)У нас всё есть для хорошей, нормальной, счастливой жизни…(71)Так почему же?.. 
 — (72)Она не начинается? 
 — (73)Да. (74)Почему нет и нет этой счастливой жизни? (75)Мы же старались! (76)Мы же всё сделали! 
 (По Э. Ю. Шиму*) 
 *Эдуард Юрьевич Шим (Эдуард Юрьевич Шмидт) (1930 – 2006) – русский писатель, драматург, автор рассказов для детей и взрослых. 
"
454,"Текст Шмелёва И. 
  (1)Я сидел на верхней палубе, под тентом. (2)Море было спокойно. (3)Все ушли в себя; у каждого свои интересы. (4)Какой-то старичок в бархатном картузе присел рядом со мной и принялся за газету.  
  (5)И вдруг тонкой острой ноткой донёсся вой. (6)Он шёл с другого конца парохода, с носа. (7)Ещё нотка, ещё...  (8)И я узнал голосок Марса.    
  (9)Старичок передёрнулся и поглядел на меня, точно я был причиной воя.  
 -(10)Вы слышите? (11)Собака... (12)Ведь это же неприятно!  
  (13)Вой усиливался и начинал переходить в какое-то завывающее рыданье.   
  -(14)А, чтоб тебя! - вырвалось у делового человека. -(15)Волк чистый.  
  (16)Вой рос и тянул за сердце. 
  -(17)Удивительные порядки! - строго сказал старичок. -(18)Насажают полный пароход собак, и вот извольте тут... 
  (19)Вой поднялся ещё тоном выше и задрожал. 
  -(20)3а хвост да в воду, - сказал деловой человек. - (21)Вот собак навели... 
  (22)Надо сказать правду - вой становился невыносимым. 
  -(23)Его необходимо выпустить, - говорю помощнику капитана. (24)Разрешено выпустить. (25)Марс прыгает сразу на всех лапах и извивается с громким лаем. (26)Мне даже стыдно за него. 
  -(27)И охота вам возить собак! - говорит несколько примирительно старичок, довольный наступившей тишиной. 
  (28)Я иду отдохнуть. (29)Море поёт мне тихую сказку. (30)И вдруг стало тихо-тихо. (31)Должно быть, я заснул. (32)Мне снилось, как по палубе старичок и барышня гонялись за мной со швабрами, а деловой человек грозил и кричал пронзительно: 
  -За хвост да в воду!.. (33)Я открыл глаза. 
  -(34)В воду! - кричал тонкий пронзительный голосок. - (35)Вон! Вон!!! 
  -(36)Потонул... (37)Это ужасно. 
  -(38)Если попросить капитана?.. (39)Смотрите, он ещё плывёт!!! (40)Сбрасываюсь с койки и бегу. (41)Навстречу попадается рыжий матрос.  
 -(42)Господин, ваша собачка за бортом... 
  (43)Марс в море! (44)Вся палуба запружена народом. (45)Стоит гул голосов. (46)Расталкиваю всех без стеснения, хочу видеть последние минуты моего умного и верного Марса. 
  -(47)Всё плывёт, сердешный... 
  -(48)Тоже живая душа, жить-то хочется...  (49)Нет, опять захлестнуло... 
  (50)Я вижу простые лица.  (51)Я слышу жалеющие голоса. (52)Кто-то взвизгивает около, начинает плакать в голос.  (53)Кто-то тяжко сопит над моим плечом. 
  (54)Капитан стоит, как монумент. (55)В его руке сверкают золотые часы. 
  -(56)Спустить шлюпку-у!!! 
  (57)Капитану устраивают овацию.  (58)Сотни глаз теперь прикованы к двум точкам на море: к голове Марса и к шлюпке. (59)Я жду. (60)Рядом со мной старичок.  (61)Его руки жестикулируют. (62)Он точно повторяет ритмические взмахи вёсел. (63)На секунду я оглядываюсь. (64)Какие лица!  (65)Я не узнаю их. (66)Они все охвачены жизнью, одним желанием, одной мыслью. (67)И нет в них ни вялости, ни скуки, ни равнодушия. (68)Хорошие человеческие лица.  (69)А глаза!  (70)Они все смотрят, волнуются и ждут. 
  -(71)Браво!  (72)Ур-ра! - дружно прокатывается по палубе. 
  -(73)Молодцы! - кричит над самым ухом деловой человек. -(74)Знатно!  
  (75)Марс, шаловливый, надоедливый, всем досадивший Марс, - спасён.  
  (По И.С. Шмелёву*) 
  *Шмелёв Иван Сергеевич (1873-1950) - русский писатель, представитель реалистического направления литературы начала XX в.  
 Информация о тексте. 
 Основные проблемы: 
 1. Проблема единства и разобщенности людей. (Что способно объединить людей?) 
 Авторская позиция. Стремление удовлетворить свои мелочные эгоистические интересы разобщает людей, а сочувствие, сострадание к попавшему в беду объединяет. 
 2. Проблема неоднозначности человеческой натуры. (Можно ли считать большинство людей безусловно хорошими, добрыми или безусловно плохими, злыми?)	 
 Авторская позиция. Неоднозначность человеческой натуры проявляется в разных жизненных ситуациях; один и тот же человек часто раскрывается в обыденной жизни и в драматической ситуации с разных сторон. 
 3. Проблема сострадания. (Достойны ли сострадания животные?)	 
 Авторская позиция. Каждая живая душа достойна сострадания. 
"
455,"Текст Шолохова М. 
 
 (6)Держаться будем до последнего! 
 
 (10)Николай решительно кивнул. 
 – (11)Надо устоять! 
 (12)Около ветряной мельницы босой белоголовый мальчик лет семи, который пас гусей, подбежал поближе к дороге, остановился, чуть шевеля
румяными губами, восхищённо рассматривая проходивших мимо красноармейцев. (13)А Николай пристально посмотрел на него и в изумлении широко раскрыл глаза: до чего же похож! (14)Такие же, как у старшего сынишки, широко поставленные голубые глаза, такие же льняные волосы… (15)Неуловимое сходство было и в чертах лица, и во всей небольшой плотно сбитой фигурке. (16)Где-то он теперь, его маленький, бесконечно родной Николенька Стрельцов? (17)Захотелось ещё раз взглянуть на мальчика, так разительно похожего на сына, но Николай сдержался: перед боем не нужны ему воспоминания, от которых размякает сердце. (18)И он вспомнит и подумает о своих осиротелых детишках не в последнюю минуту, а после того, как отбросят немцев от безымянной высоты. (19)А сейчас автоматчику Николаю Стрельцову надо плотнее сжать губы и постараться думать о чём-либо постороннем, так будет лучше… 
 (20)Николай всё же не выдержал искушения, оглянулся: мальчик, пропустив колонну, всё ещё стоял у дороги, смотрел красноармейцам вслед
и робко, прощально помахивал поднятой над головой загорелой ручонкой. (21)И снова, так же как и утром, неожиданно и больно сжалось у Николая сердце, а к горлу подкатил трепещущий горячий клубок. 
 (22)Жара ещё не спала. (23)Солнце по-прежнему нещадно калило землю. (24)И вот наступили те предшествующие бою короткие и исполненные огромного внутреннего напряжения минуты, когда учащённо и глухо бьются сердца и каждый боец, как бы много ни было вокруг него товарищей, на миг чувствует ледяной холодок одиночества и острую, сосущую сердце тоску. 
 (25)Танки повели с ходу пушечный огонь. (26)Снаряды ложились, не долетая высоты. (27)Первый танк остановился, не дойдя до группы терновых
кустов, второй вспыхнул, повернул было обратно и стал, протянув к небу дегтярно-чёрный, чуть колеблющийся дымный факел. (28)На флангах загорелись ещё два танка. (29)Бойцы усилили огонь, стреляя по пытавшейся подняться пехоте противника, по щелям, по выскакивавшим из люков горевших машин танкистам. 
 (30)Придавленная пулемётным огнём, пехота противника несколько раз пыталась подняться и снова залегала. (31)Наконец она поднялась, короткими перебежками пошла на сближение, но в это время танки круто развернулись, двинулись назад, оставив на склоне шесть догорающих и подбитых машин. 
 
 (34)Николай зарядил порожние диски, попил немного противно тёплой воды из фляги, посмотрел на часы. (35)Ему казалось, что бой длился
несколько минут, а на самом деле с начала атаки прошло больше получаса, заметно склонилось на запад солнце, и лучи его уже стали утрачивать
недавнюю злую жгучесть. 
 (36)Ещё раз глотнув воды, Николай с сожалением отнял от пересохших губ фляжку, осторожно выглянул из окопа. (37)В ноздри его ударил тяжёлый
запах горелого железа и бензина, смешанный с горьким, золистым духом  жжёной травы. (38)Около ближайшего танка выгорала трава, по верхушкам
ковыля метались мелкие, почти невидимые в дневном свете язычки пламени, на склоне дымились обугленные, тёмные остовы неподвижных танков. 
 (39)Николай не услышал потрясшего землю, обвального грохота взрыва, не увидел тяжко вздыбившейся рядом с ним большой массы земли. (40)Сжатая, тугая волна горячего воздуха смахнула в окоп насыпь переднего бруствера, с силой откинула голову Николая. (41)Очнулся Николай, когда самолёты, с двух заходов ссыпав свой груз, давно уже удалились и немецкая пехота, начав третью по счёту атаку, приблизилась к линии обороны почти вплотную, готовясь к решающему броску. (42)Вокруг Николая гремел ожесточённый бой. (43)Из последних сил держались считаные бойцы полка; слабел их огонь: мало оставалось способных к защите людей; уже на левом фланге пошли в ход ручные гранаты; оставшиеся в живых уже готовились встречать немцев последним штыковым ударом. (44)Настигнув у самого оврага бежавших немцев, начали работать штыками Звягинцев и остальные, далеко отстав от устремившихся вперёд красноармейцев, тяжело припадая на раненую ногу, шёл сержант Любченко, держа в одной руке знамя, другой прижимая к боку выставленный вперёд автомат; выполз из разбитого снарядом окопа раненый капитан Сумсков… (45)Опираясь на левую руку, капитан полз вниз с высоты, следом за своими бойцами. (46)Ни кровинки не было в его известково-белом лице, но он всё же двигался вперёд и, запрокидывая голову, кричал ребячески тонким, срывающимся голоском:
– Орёлики! (47)Родные мои, вперёд!.. (48)Дайте им жизни! 
 (По М.А. Шолохову⃰) 
 ⃰ Михаил Александрович Шолохов (1906–1984) – русский советский писатель, киносценарист, журналист, военный корреспондент, лауреат
Нобелевской премии по литературе. 
 Информация о тексте 
 
"
456,"Текст Шолохова М. 
 (1)Звягинцев окончательно поборол одолевавший его сон и продолжал говорить с увлечением, иногда поворачиваясь лицом к Лопахину, заглядывая в его сонные, но смеющиеся глаза. 
 — (2)А находишься ты не на своем месте, Петя, потому, что некоторые военные начальники по характеру вроде тебя: со сквозняком в голове. (3)К примеру, почему меня сунули в пехоту, если я комбайнер по специальности и невыносимо люблю и уважаю всякие моторы? (4)Вся статья мне бы в танкистах быть, а я в пехоте землю, как крот, ковыряю. (5)Или же взять тебя: тебе бы только на барабане бить, людей музыкой веселить, а ты, изволь радоваться, бронебойщик, да ещё первым номером заправляешь. (6)А то и ещё лучше истории бывают. (7)Наша часть, в какую я сначала попал, формировалась на Волге в одном городке, там же стоял казачий кавалерийский запасный полк. (8)И вот прибыло пополнение с Дона и из Ставропольской бывшей губернии. (9)Казаков и ставропольцев определили к нам в пехоту: в сапёры пошли казаки, в телефонисты, куда только их не совали, а ремесленники из Ростова прибыли мобилизованные — их воткнули в кавалерию, штаны на них надели казачьи с красными лампасами, синие мундиры и так далее. (10)И вот казаки топорами тюкают, мосты учатся ладить да вздыхают, на лошадей глядя, а ростовские — все они мастеровые люди до войны были: то столяры, то маляры, то разные и подобные тому переплётчики — возле лошадей вертятся, боятся к ним приступать, потому что лошадей в мирное время они, может, только во сне и видели. (11)А лошадей в полк прислали с Сальских калмыцких степей — трёхлеток, неуков, совсем, то есть необъезженных. (12)Понимаешь, что там было? (13)И смех и слёзы! (14)Бедные столяры-маляры начнут седлать иную необъезженную лошадь, соберутся вокруг неё несколько человек, а она, проклятая, визжит, бьёт передом и задом, кусается, а то упадёт наземь и катается по ней... (15)Это что, порядок? (16)Один раз я возле железнодорожного склада на посту стоял и видел, как маршевый эскадрон на фронт отправляли. (17)Командир эскадрона командует седловку, а из полтораста бойцов человек сорок вот таких ростовских маляров да столяров по-настоящему седла накинуть лошади на спину не умеют, ей-богу, не брешу! (18)Эскадронный схватился за голову руками, а чем эти столяры-маляры виноватые? (19)Вот, братец ты мой, какие дела бывают! (20)А всё это, потому что иногда командиры такие попадаются, вроде тебя, с ветродуем в голове. 
 (21)Тронул я тебя на беду, — с нарочитым вздохом сказал Лопахин. — (22)Тронул, а ты теперь и несёшь околесицу, всё в одну кучу собрал, и за здравие и за упокой читаешь, а все это для того, чтобы доказать, что командира из меня не выйдет. (23)Назло тебе командиром стану, вот уж тогда я из тебя дурь выбью, вытяну тебя в ниточку и сквозь игольное ушко пропущу!  
 (М. А. Шолохов*) 
 
 
"
457,"Текст Шукшина В. 
 (1)Как-то в выходной день Сёмка пошёл опять к талицкой церкви. (2)Сел на косогор, стал внимательно смотреть на неё. (3)Тишина и покой кругом. (4)Тихо в деревне. (5)И  стоит в зелени  белая   красавица – столько лет стоит! – молчит. (6)И  много-много раз видела она, как  восходит  и  заходит  солнце, полоскали  её  дожди, заносили  снега… (7)Но вот – стоит. (8)Кому  на  радость? (9)О  чём же думал тот неведомый мастер, оставляя после  себя  эту светлую  каменную  сказку? (10)Как  песню спел человек, и спел хорошо. (11)Так  просила  душа. (12)Милый,  дорогой  человек!.. 
 (13)Сёмка сидел в церкви, пока пятно света на каменном полу не подкралось  к  его  ногам. (14)На  другой  день  Сёмка,  сказавшись больным, не  пошёл  на  работу,  а  поехал  в  райгородок. 
 – (15) Игорь  Александрович,  займитесь,  пожалуйста, с товарищем – по вашей  части. 
 – (16) Пойдёмте,  – радушно  предложил  Игорь  Александрович. 
 (17)Они   пошли  по  длинному коридору, Игорь Александрович впереди,  Сёмка  сзади  на  полшага. 
 – (18)Я  сам  из  Талицы,  а точнее, из Чебровки, Талица от нас… 
 – (19)Сейчас, сейчас, - покивал головой Игорь Александрович, не оборачиваясь, – сейчас  во  всём  разберёмся. 
   (20)Вошли  в  кабинет… 
 – (21)Ну? – сказал  Игорь  Александрович. (22)И  улыбнулся. 
 – (23)Садитесь  и  спокойно  всё  расскажите. 
 (24)Сёмка  начал  всё  подробно  рассказывать. (25)Пока  он рассказывал, Игорь Александрович, слушая его, нашёл на книжной полке какую-то  папку,  полистал,  отыскал  нужное  и,  придерживая  ладонью, чтобы папка не закрылась, стал заметно проявлять нетерпение. (26)Сёмка заметил это. 
 – (27) Всё? – спросил Игорь  Александрович. 
 – (28) Пока  всё. 
 – (29) Ну, слушайте: Талицкая  церковь Н-ской  области Чебровского района, – стал  читать  Игорь  Александрович, – так  называемая – на Крови.  
 (30)Сёмка  Рысь  чувствовал  себя  полностью  обескураженным. 
 – (31) Но  красота-то  какая! – попытался  он  упорствовать. 
 – (32) Красивая, да, – Игорь  Александрович легко поднялся, взял с полки книгу,  показал  фотографию  храма. 
 – (33) Похоже? 
 – (34) Похоже… 
 – (35) Это  владимирский  храм  Покрова. (36)Двенадцатый  век. (37)Не  бывали во Владимире? 
 – (38) Я што-то  не  верю… – Сёмка  кивнул  на  казённую  бумагу. – По-моему, они   вам  втёрли  очки, эти  ваши  специалисты. (39)Я  буду  писать  в  Москву. 
 – (40)Так  это  ответ  из  Москвы. (41)Я  почему обманулся: думал, что она тоже  двенадцатого века…(42)Я  думал,  кто-то  самостоятельно – сам по себе, может  быть, понаслышке,  – повторил он.  (43)Но  чудес  не бывает. (44)Вас  что, сельсовет  послал? 
 – (45)Да нет, я сам… (46)Надо же! (47)Ну, допустим – копия! (48)Ну и что? (49) Красоты-то  от  этого  не убавилось! 
 – (50)Ну, это  уже  не  то… (51)А  главное, денег никто не даст на ремонт. 
 – (52)Не  дадут? 
 – (53)Нет. 
 (54)Домой Семён выехал в тот же день. (55)В  райгородок  прибыл  ещё засветло,  обидно  было. (56)И  досадно. 
 (57)С  тех  пор  он  про  талицкую  церковь  не  заикался,  никогда не ходил к ней, а если случалось ехать талицкой дорогой, он у косогора поворачивался   спиной  к церкви,  смотрел  на  речку,  на  луга  за   речкой,  зло  курил  и  молчал. (58) Люди  заметили  это, и  никто не решался заговорить с ним в это время. (59)И зачем он ездил в область, и куда там ходил, тоже  не спрашивали. (60) Раз молчит,  значит  не  хочет  говорить об этом,  значит,  зачем  же  бередить  душу  расспросами. 
 (По В. Шукшину) 
"
458,"Текст Шукшина В. 
 
"
459,"Текст Шукшина В. 
 (1)Родина... (2)Я живу с чувством, что когда-нибудь я вернусь на родину навсегда. (3)Может быть, мне это нужно, думаю я, чтобы постоянно ощущать в себе житейский ""запас прочности"": всегда есть куда вернуться, если станет невмоготу. (4)Одно дело жить и бороться, когда есть куда вернуться, другое дело, когда отступать некуда. (5)Я думаю, что русского человека во многом выручает сознание этого вот — есть ещё куда отступать, есть где отдышаться, собраться с духом, (6)И какая-то огромная мощь чудится мне там, на родине, какая-то животворная сила, которой надо коснуться, чтобы обрести утраченный напор в крови. (7Видно, та жизнеспособность, та стойкость духа, какую принесли туда наши предки, живет там с людьми и поныне, и не зря верится, что родной воздух, родная речь, песня, знакомая с детства, ласковое слово матери врачуют душу. 
 (8)Я долго стыдился, что я из деревни и что деревня моя чёрт знает где — далеко. (9)Любил её молчком, не говорил много. (10)Служил действительную, как на грех, во флоте, где в то время, не знаю, как теперь, витал душок пижонства: ребятки в основном все из больших городов, я и помалкивал со своей деревней. (11)Но потом — и дальше, в жизни — заметил: чем открытее человек, чем меньше он чего-нибудь стыдится или боится, тем меньше желания вызывает у людей дотронуться в нем до того места, которое он бы хотел, чтоб не трогали. (12)Смотрит какой-нибудь ясными-ясными глазами и просто говорит: ""вяцкий"". (13)И с него взятки гладки. (14)Я удивился — до чего это хорошо, не стал больше прятаться со своей деревней. (15)Конечно, родина простит мне эту молодую дурь, но впредь я зарекался скрывать что-нибудь, что люблю и о чем думаю. (16)То есть нельзя и надоедать со своей любовью, но как прижмут — говорю прямо. 
 (17)Родина... (18)И почему же живет в сердце мысль, что когда-то я останусь там навсегда? (19) Когда? (20)Ведь непохоже по жизни-то... (21)Отчего же? (22)Может, потому, что она живет постоянно в сердце и образ ее светлый погаснет со мной вместе. (23)Видно, так. (24)Благослови тебя, моя родина, труд и разум человеческий! (25)Будь счастлива! (26)Будешь ты счастлива, и я буду счастлив. 
 (По В.М. Шукшину*) 
 *Василий Макарович Шукшин (1929-1974) — советский кинорежиссёр, актёр, сценарист и писатель. 
  Примерный круг проблем: 
 
"
460,"Текст Яковлева А. 
 (1)Один из моих учеников в ответ на предложение летом прочитать роман «Обломов» ответил: «Чтобы его прочитать, надо быть Обломовым. А у меня нет столько времени». 
 (2)Школьники мало читают. (3)Это факт. (4)Упрёки писателям настоящего: дети не в состоянии осилить текст, в котором абзацы - на полстраницы. (5)Упрёки писателям прошлого: литература XIX века описывала по большей части судьбы неудачников («лишние люди» и т.п.), практически не уделяя внимания описанию образцовой карьеры героя. {6)А нынешние дети отчего-то не любят неудачников. 
 (7)Естественно, возникает «литературный» вопрос: что делать-то? 
 (8)У литературы в школе статус двусмысленный. (9)Если математика и физика подходят под определение «наука», то литература из неё благополучно выпадает. (10)Если пение и рисование подходит под определение «искусство», то литературе и там делать нечего. 
 (11)Горячие точки преподавания литературы известны. (12)Обжигают каждый день. (13)И въедливо вопрошают: надо ли изучать литературу? (14)И если надо изучать, то с какой целью? (15)А если цель понятна, то как изучать? (16)Любое обучение опирается на последовательное решение типовых задач. (17) И, следовательно, на обретение опыта решения таких задач. (18)Но в области литературы типовые задачи отсутствуют, (19)Ведь каждое произведение обладает сугубо индивидуальным контекстом, а каждый автор оригинален (хочется верить). 
 (20)Есть мнение, что изучать литературу вообще не надо. (21)Надо просто читать. (22)Приучить читать, чтобы школьники знали тексты применительно к истории общества, говорят одни. (23)Приучить читать, чтобы человек просто становился культурнее, говорят другие. (24)Но мы и с этой задачей справляемся неважно: чтение у нас само по себе, культура (вернее, ее отсутствие) - сама по себе. (25)А главное - среднестатистический Петя Иванов читать не желает. 
 (26)Действительно, зачем читать ученику, перед которым стоит конкретная задача сдать конкретный экзамен? (27)Ученик взмахом длани, оторванной на секунду от клавиатуры компьютера, пошлёт встревоженно готовых на все родителей за одним из вполне доступных пособий «200 лучших сочинений», коих на книжном рынке хоть пруд пруди. 
 (28)Итак, у литературы, которую преподают в школе, нет читателя? (29)3начит, она превращается в элитарное занятие, в музейное дело, в перебирание реликтов, с которых стирают пыль. (30)Зачем школе музейное дело? (31)Вот и отодвигают его подальше, в запасники, имя которым - факультатив.  
 (по А. Яковлеву) 
"
461,"Текст Яковлева Ю. 
 У нашего Учителя глаза были подвижные, живые - два синих кружочка. На уроке они превращались в два маленьких экрана. В глазах Учителя извергались вулканы, сползали ледники и обрушивались дожди... из лягушек. 
 Я хорошо помню, как Учитель вошёл в класс, энергично потер ладонью розовое ухо и с порога объявил: 
 - Вчера в Новой Каледонии выпал дождь из лягушек. 
 Класс подпрыгнул и громко рассмеялся. 
 - Лягушкам было не до смеха, - совершенно серьезно сказал Учитель. Сильный ураган оторвал их от родного болота и со страшной скоростью понёс над океаном. Беспомощно расставив перепончатые лапки, лягушки летели, как птицы. И, вероятно, жалобно квакали. Не думаю, чтобы им нравилось лететь. Потом ветер неожиданно ослаб, и лягушки вместе с потоками дождя стали падать на землю. 
 Мы посмотрели в глаза Учителю, и увидели себя с раскрытыми зонтиками, и почувствовали, как лягушки упруго плюхались на купола зонтиков. Девочки даже взвизгнули. 
 Однажды Учитель подошёл ко мне, положил на плечо руку и сказал: 
 - У каждого из нас есть вечный двигатель. У тебя, например. 
 Ребята удивленно переглянулись, а я уставился в два синих экрана, ища в них ответа. Глаза Учителя загадочно светились. 
 - У меня нет... вечного двигателя, - сказал я. 
 - Есть. 
 Я задумался. Я перебирал в памяти все, что было у меня «движущего», самокат, велосипед, ролики, самолетик с резинкой вместо моторчика. Ничего не двигалось само по себе и тем более вечно. 
 - Он всегда при тебе. Он и сейчас с тобой! - Учитель как бы играл со мной в «жарко-холодно». 
 Я пошарил в карманах, заглянул в портфель, но ничего похожего на вечный двигатель не обнаружил. 
 - Твой вечный двигатель у тебя в груди, - не сводя с меня глаз, сказал Учитель. - Это - твое сердце. Оно бьется день и ночь, зимой и летом. Без отдыха, без перерыва... вечно. 
 Я невольно приложил руку к груди и почувствовал слабые, мерные толчки своего сердца. В классе стало тихо, все ребята слушали, как работает их вечный двигатель. 
 Так Учитель постепенно открывал нам неведомый мир, и после его открытий жизнь становилась удивительной, почти сказочной. Обычные вещи он умел повернуть такой неожиданной гранью, что они сразу менялись и обретали новое значение. Но главная его наука ждала меня впереди. 
 Однажды в кино у меня произошла странная встреча. Я слонялся по людному фойе в ожидании начала сеанса и вдруг увидел нашу вожатую Аллу высокую, светловолосую, в каплевидных очках. 
 Рядом с ней сидел рослый десятиклассник. Они ели мороженое в вафельных стаканчиках и о чем-то оживленно разговаривали. Сперва я подумал, что обознался, но, когда не поленился и еще раз прошел мимо, сомнения мои развеялись - это были они. Я даже покраснел от возбуждения. Когда все толпой входили в зал, я потерял их из виду. Но потом обнаружил, что они сидят неподалеку от меня. Вместо экрана я смотрел на них. Я увидел, как десятиклассник положил руку на спинку стула, на котором сидела Алла. Но тут свет погас, и мне пришлось прервать мои наблюдения. 
 На другой день, пораньше прибежав в класс, я с нескрываемым удовольствием принялся рассказывать ребятам о своем открытии. Я рассказал про мороженое в вафельных стаканчиках и про спинку стула. И мы все очень веселились. Как вдруг я услышал покашливание и оглянулся - в дверях стоял Учитель. Он молча поманил меня пальцем, и мы вместе вышли в коридор. 
 - Сейчас ты вернешься в класс, - сказал Учитель, глядя куда-то мимо меня, - и скажешь, что никого не встречал в кино и что все это с мороженым и спинкой стула ты придумал. 
 - Но ведь я видел их! 
 - Да, ты видел их, но никому не должен был говорить об этом. Стыдно. 
 - Разве стыдно говорить правду? - спросил я и с вызовом посмотрел на Учителя. 
 - Эта правда не принадлежит тебе. Если люди выплеснут всю ""правду"", какую они знают о других, они захлебнутся. Не всякую правду человек должен знать о другом. 
 И тут я решил подловить Учителя. Я сказал: 
 - Значит, лучше соврать! 
 - Лучше смолчать, - сказал Учитель. - Ты знаешь, что такое чужая тайна? Это тоже правда. Но она принадлежит не всем. В данном случае она не принадлежит тебе. Ты разгласил чужую тайну - всё равно что взял чужое. Подло! 
 Теперь я растерянно смотрел на Учителя и не знал, как ему возразить. А он сказал: 
 - Иди. И скажи, что ты все это придумал! 
 - Соврать? - резко спросил я. 
 - Ты сам пришел к этому. Значит, соврать... во имя правды. 
 Я уныло поплёлся в класс и упавшим голосом объявил, что все это вранье, что никакую Аллу я не встречал, а десятиклассника вообще взял с потолка. 
 Все засмеялись надо мной, но мне пришлось проглотить насмешку. Я этот урок запомнил навсегда... 
 Поезд мчится вперед. И когда бы я ни открыл вагонное окно и, жмурясь от встречного ветра, ни оглянулся назад, - я вижу пустую платформу и маленькую, одинокую фигурку человека, который вложил в меня частицу своего сердца. Он жив! Он задумчиво смотрит мне вслед, словно хочет убедиться, что я мчусь в верном направлении, и, может быть, он до сих пор видит во мне мальчика?.. Гремят колеса, ветер гудит в ушах. И я вижу, как по платформе бегут дети - наступая на пятки друг другу, они спешат к Учителю. 
 (По Ю. Яковлеву) 
"
462,"Текст Яковлева Ю. 
 (1)Дети никогда не запоминают мать молодой, красивой, потому что понимание красоты приходит позже, когда материнская красота успевает увянуть.
 
 (2)Я запомнил свою мать седой и усталой, а говорят, она была красива. (3)Большие задумчивые глаза, в которых проступал свет сердца. (4)Ровные тёмные брови, длинные ресницы. (5)На высокий лоб спадали дымчатые волосы. 
 (6)До сих пор слышу её негромкий голос, неторопливые шаги, ощущаю бережное прикосновение рук, шершавое тепло платья на её плече. (7)Это не имеет отношения к возрасту, это вечно. 
 (8)Дети никогда не говорят матери о своей любви к ней. (9)Они даже не знают, как называется чувство, которое всё сильнее привязывает их к матери. (10)В их понимании это вообще не чувство, а что-то естественное и обязательное, как дыхание, утоление жажды. 
 (11)Но в любви ребёнка к матери есть свои золотые дни. (12)Я пережил их в раннем возрасте, когда впервые осознал, что самый необходимый человек на свете – мама. (13)Память не сохранила почти никаких подробностей тех далёких дней, но я знаю об этом своём чувстве, потому что оно до сих пор теплится во мне, не развеялось по свету. (14)И я берегу его, потому что без любви к матери в сердце – холодная пустота. 
 (15)Я никогда не называл свою мать матерью, мамой. (16)У меня для неё было другое слово – мамочка. (17)Даже став большим, я не мог изменить этому слову. (18)У меня отросли усы, появился бас. (19)Я стеснялся этого слова и на людях произносил его чуть слышно. 
 (20)Последний раз я произнёс его на мокрой от дождя платформе, у красной солдатской теплушки, в давке, под звуки тревожных гудков паровоза, под громкую команду «по вагонам!». (21)Я не знал, что навсегда прощаюсь с матерью. (22)Я шептал «мамочка» ей на ухо и, чтобы никто не видел моих мужских слёз, вытирал их о её волосы… (23)Но когда теплушка тронулась, не выдержал, забыл, что я мужчина, солдат, забыл, что вокруг люди, множество людей, и сквозь грохот колёс, сквозь бьющий в глаза ветер закричал: 
 – Мамочка! 
 (24)А потом были письма. (25)И было у писем из дома одно необычайное свойство, которое каждый открывал для себя и никому не признавался в своём открытии. (26)В самые трудные минуты, когда казалось, что всё кончено или кончится в следующее мгновение и нет уже ни одной зацепки за жизнь, мы находили в письмах из дома неприкосновенный запас жизни. (27)Когда от мамы приходило письмо, не было ни бумаги, ни конверта с номером полевой почты, ни строчек. (28)Был только мамин голос, который я слышал даже в грохоте орудий, и дым землянки касался щеки, как дым родного дома. 
 (29)Под Новый год мама подробно рассказывала в письме о ёлке. (30)Оказывается, в шкафу случайно нашлись ёлочные свечи, короткие, разноцветные, похожие на отточенные цветные карандаши. (31)Их зажгли, и с еловых веток по комнате разлился ни с чем не сравнимый аромат стеарина и хвои. (32)В комнате было темно, и только весёлые блуждающие огоньки замирали и разгорались, и тускло мерцали золочёные грецкие орехи. 
 (33)Потом оказалось, что всё это было легендой, которую умирающая мама сочинила для меня в ледяном доме, где все стёкла были выбиты взрывной волной, а печки были мертвы и люди умирали от голода, холода и осколков. (34)И она писала, из ледяного блокадного города посылая мне последние капли своего тепла, последние кровинки. 
 (35)А я поверил легенде. (36)Держался за неё – за свой неприкосновенный запас, за свою резервную жизнь. (37)Был слишком молод, чтобы читать между строк. (38)Я читал сами строки, не замечая, что буквы кривые, потому что их выводила рука, лишённая сил, для которой перо было тяжёлым, как топор. (39)Мать писала эти письма, пока билось сердце… 
 (По Ю. Я. Яковлеву*) 
 * Юрий Яковлевич Яковлев (1922–1995) – русский советский писатель и сценарист, автор книг для подростков и юношества. 
"
463,"Текст Яковлева Ю. 
 (1)Чем больше черпаешь из колодца воды, тем свежее она и обильнее. (2)От неё веет ароматом глубокой земли и устойчивым холодом талого снега. (З)Каждый глоток колодезной воды сладко утоляет жажду и наполняет бодростью. (4)Утром солнце всплывает со дна, вечером — погружается на дно. (5)Так живёт колодец. 
 (6)Если же в полутёмном срубе не звенит ведро и рассыпанные звенья цепи не натягиваются тетивой, а ржавеют от бездействия, если ворот весело не поскрипывает под рукой и сорвавшиеся капли серебряными монетами не падают обратно в гулкую глубину — родник перестаёт бить, колодец затягивается илом, чахнет. (7)Наступает смерть колодца. 
 (8)С нашествием врага появились мёртвые колодцы. (9)Они умирали вместе с людьми. (10)Мёртвые колодцы были похожи на незарытые могилы. 
 (11)Теперь колодцы ожили, вернее, их оживили люди — живые, пришедшие на смену мёртвым. (12)Весело звенят вёдра, и цепи блестят на солнце, освобождённые от ржавчины прикосновением множества рук. (13)Колодцы поят людей, коров, землю, деревья. (14)Они льют воду на раскалённые чёрные камни банек, и мягкий, захватывающий дух пар делает своё чистое дело, оседая каплями на вялой пахучей листве берёзовых веников.  
 (15)Колодцы ожили. (16)Но тот, кто погиб на войне, — погиб навечно.	 
 (17)Я взял в руки тяжёлое холодное ведро, медленно поднёс его к губам и вдруг увидел себя мальчишкой. (18)Нескладным, нестриженым, со ссадиной на лбу, с облупившимся носом. (19)Этот мальчишка смотрел на меня из ведра с водой. (20)Я держал в руках свою давнюю жизнь. (21)Она была нелёгкой.(22)Руки начали слегка дрожать, и по воде пошли морщинки: мой маленький двойник корчил рожи и подсмеивался надо мной — солидным, взрослым, городским. 
 (23)Я наклонился к ведру и сделал глоток. (24)Мальчишка тоже глотнул. (25)Так мы пили вдвоём вкусную колодезную воду, словно поспорили, кто кого перепьёт.	 
 (26)Меня стал сердить мальчишка. (27)Я с удовольствием выпил бы всё ведро, чтобы не видеть его. (28)Пить я больше не мог — мне уже свело зубы от холода, — я размахнулся и вылил воду на дорогу. (29)Я вылил воду, но двойник остался. (30)И когда я шёл по деревне, он всё время давал о себе знать.	 
 (31)Я вдруг почувствовал, что долгое время не помнил многих событий своей прежней жизни. (32)Люди, с которыми я жил когда-то рядом, отодвинулись далеко в пространство, а их очертания стёрлись. (ЗЗ)Образовался провал. (34)Пустота, от которой мне стало не по себе. (35)Теперь этот нестриженый, со ссадиной на лбу приблизил далёкое время. (36)Я увидел своё детство со множеством подробностей.	 
 (37)Я вспомнил щели в брёвнах над моей кроватью, сенник на лавке, занавески, прибитые обойными гвоздями, печную заслонку с отклепавшейся ручкой, рогатые ухваты. (38)Я услышал скрип половиц — у каждой свой особый звук: старые потрескавшиеся доски были клавишами какого-то таинственного инструмента. (39)Я реально ощутил запах топлёного молока - клейкий, кисло-сладкий запах, который неожиданно вытекал из печи и вытеснял из дома все остальные запахи.	 
 (40)Я увидел маму. (41)У колодца, с запотевшими вёдрами.	 
 (42)В соломенных лучах солнца.	 
 (43)Каждое лето мы с мамой ездили в деревню.	 
 (44)Городской человек редко встречается с землёй. (45)3емля скрыта от его глаз каменными плитами, застывшей лавой асфальта. (46)Она покоится в глубине чёрная, бурая, красная, серебристая. (47)Она задержала дыхание и затаилась. (48)Городской человек не знает, чем пахнет земля, как она дышит в разные времена года, как страдает от жажды, как рожает хлеб. (49)Он не ощущает, что вся его жизнь, его благополучие зависят от земли. (50)Не переживает за сухое лето, не радуется обильному снегопаду. (51)А иногда боится земли, как смутной, незнакомой стихии. (52)И тогда в душе затихает необходимое, естественное чувство сыновней любви к земле.	 
 (53)Мать приучила меня к земле, как птица приучает своего птенца к небу, а белая медведица приваживает медвежонка к морю.	 
 (54)На моих глазах чёрная земля становилась зелёной, потом разливалась лёгкая голубизна, потом мерцала бронза — так рождается лён.	 
 (55)По-настоящему земля открылась мне на войне. (56)Сколько земли перекопал, перелопатил я за войну! (57)Я рыл окопы, траншеи, землянки, ходы сообщения, могилы... (58)Я рыл землю и жил в земле. (59)Я узнал спасительное свойство земли: под сильным огнём прижимался к ней в надежде, что смерть минует меня. (60)Это была земля моей матери, родная земля, и она хранила меня с материнской верностью.	 
 (По Ю. Яковлеву*) 
 * Юрий Яковлевич Яковлев (1922—1996) — русский прозаик, журналист, автор книг для подростков, член художественного совета студии «Союзмультфильм». Участвовал в Великой Отечественной войне. Основные темы прозы Юрия Яковлева — школьный быт, Великая Отечественная война, сценическое искусство, дружба между человеком и животным. Рассказы и повести: «Серёжкин сын», «Был настоящим трубачом», «У человека должна быть собака»,«Воробьёв стекло не выбивал», «Кепка-невидимка»и др.	 
"
464,"Текст Яковлева Ю. 
 (1)Я давно хотел рассказать о лебеде Борьке и о его друге — старом человеке в подшитых валенках. (2)И о маленьком острове Шикотан, затерянном в далёком Тихом океане. (3)И о слезах, которые не текут по щекам — а остаются внутри, потому что лебеди не плачут, а мужественные люди сдерживают слёзы. 
 (4)Борька жил на Чистых прудах не один, у него была подруга — лебёдка, и был Павел Денисович — сторож. 
 (5)Борька любил Павла Денисовича и ходил за ним по пятам, как собака. (6)Люди удивлялись, встречая на белой аллее старика в подшитых валенках и лебедя, который шёл за ним, оставляя в снегу следы — кленовые листья. (7)Павел Денисович разговаривал с Борькой. (8)Жаловался ему на свои хвори. (9)Борька понимающе молчал. 
 (10)Ему жилось неплохо на Чистых прудах, пока рядом была подруга. (11)Неожиданно она заболела человеческой болезнью — воспалением лёгких. (12)Её отнесли в тёплую сторожку. 
 (13)Приехала машина с синим крестом. (14)Доктор, осмотрев больную птицу, покачал головой. 
 (15)А Борька всё рвался в сторожку. (16)Стучал клювом в закрытую дверь. (17)Бил крыльями в окно. (18)Падал на землю и взлетал снова. (19)И его крик слышали люди в соседних домах. 
 (20)Утром Павел Денисович застал Борьку на пороге сторожки. (21)Лебедь лежал неподвижно, наполовину занесённый снегом, и сам он был похож на чистый сугроб. (22)Сторож наклонился и провёл рукой по заснеженным перьям. (23)Лебедь не пошевелился. (24)Но шершавая рука старика уловила слабые толчки сердца — Борька был жив. (25)Павел Денисович понял, что случилась беда. 
 (26)Когда он распахнул дверь сторожки, то увидел, что шея лебёдки как-то обмякла, вытянулась на досках пола, а глаза были закрыты. 
 (27)У лебедей, живущих на тёплых озёрах острова Шикотан, как и у всех прочих сородичей Борьки, есть свой лебединый закон: когда погибает подруга, верный друг взмывает высоко в небо, складывает крылья и камнем падает на землю. (28)И разбивается насмерть, потому что, по разумению гордых птиц, лучше погибнуть, чем жить без любимой подруги. 
 (29)И Борька хотел поступить так же, как все настоящие лебеди, хотел взлететь над Чистыми прудами, над городом… (30)Но у него были подрезаны крылья, и он не мог подняться к облакам. 
 (31)Тогда он решил умереть голодной смертью. (32)Он не стал клевать овёс, который сторож засыпал в кормушку. (33)Не брал из ведра свежую рыбу. (34)Отворачивался от солёной кильки. (35)Павел Денисович опускался на ступеньку сторожки и подолгу сидел рядом с Борькой. (36)Снег падал на тулуп, на шапку, на неподвижного лебедя. 
 (37)— Не грусти, Борька, — тихо говорил сторож. (38)— Я тоже одинокий человек. (39)Пережил такое же, и мне было не легче. (40)Но я живу… (41)Что поделаешь. (42)Жить надо. 
 (43)Он разговаривал с Борькой, как с человеком. (44)Он силой открывал Борькин клюв и вкладывал в него рыбу. (45)Он кормил его, как маленького несмышлёныша, из ложки. (46)Борька отворачивал голову, вырывался из рук, но у него не хватало сил. 
 (47)– Ешь, малыш, ешь, — говорил старик и терпеливо засовывал в клюв хлебный мякиш. 
 (48)Борька начал оживать. (49)Павел Денисович брал его на руки и нёс к пруду. (50)Он заставлял Борьку плавать. 
 (51)Наступила весна. (52)Вода потеплела. (53)От неба и от листьев она стала голубой и зелёной. (54)Запахло горьковатой тополиной смолкой. (55)Вернулись птицы. (56)Неожиданно Борьке захотелось жить. (57)Лебедь как бы заново родился, заново научился ходить, глотать рыбу, плавать. (58)Это Павел Денисович вдохнул в него вторую жизнь. (59)Борька стал совсем ручным. (60)Он спешил на зов незнакомых людей к берегу и брал из их рук пищу. (61)Он думал, что все люди такие же, как Павел Денисович. 
 (62)Потом Борьку перевели на другой пруд. (63)Он ехал на машине и, с любопытством вытягивая шею, смотрел по сторонам. (64)Он был городским лебедем, и его не пугал шум машин. 
 (65)Борька плавал по чистой голубовато-зелёной воде Оленьего пруда. (66)Его горе затихло. (67)Он тянулся к людям, разрешал себя гладить и подолгу сидел у их ног. 
 (68)А потом Борьки не стало. 
 (69)Он не вернулся на Чистые пруды и не попал на остров Шикотан. (70)Он любил людей, но не научился отличать хороших людей от плохих. (71)Он думал, что все люди хорошие. 
 (72)…А через месяц умер Павел Денисович. 
 (По Ю. Яковлеву) 
 
"
465,"Текст Яковлева Ю. 
 (1)У нас с сыном глаза серые, с едва заметными крапинками. (2)В ясный летний день от травы и листьев крапинки становятся заметнее и глаза зеленеют. (3)В пасмурные дни глаза серые - крапинки пропадают совсем. (4)У сына припухшие веки, а ресницы редкие, острые, как обойные гвоздики. (5)Смотрит он исподлобья, потому что у него привычка слегка наклонять голову вперёд, как бы желая коснуться подбородком ямочки между ключиц. 
 (6)Глаза сына смотрят на меня, хотя самого его давно нет рядом. (7)И вот уже сколько лет я всматриваюсь в них, хочу прочесть ответ на вопрос,
мучающий меня всю жизнь, начиная с того далёкого страшного дня. 
 (8)– Ваш сын приговорен к казни. 
 (9)Я прислонилась к стене. (10)Потом собралась с силами. 
 (11)– Можно мне видеть коменданта? 
 (12)Меня пропустили. (13)Комендант сидел на табуретке. (14)На нём был только один сапог. (15)Другой он держал в руке и придирчиво осматривал. 
 (16)Комендант, вероятно, страдал лихорадкой, потому что его лицо было жёлтым и на нём проступали следы недосыпания и усталости. (17)Под глазами
начинали вырисовываться тёмные мешки. 
 (18)– Я пришла умолять вас о моём сыне! 
 (19)– Умолять? О сыне? Ему надо помочь? 
 (20)– Он приговорен к казни. 
 (21)Мейер вытер лоб ладонью. 
 (22)– Он работал на лесопилке... 
 (23)– Ах, лесопилка! (24) – Он как бы вспомнил о лесопилке. (25)– И ваш сын... (26)Понимаю, понимаю... 
 (27)Я не могла взять в толк - издевается он надо мной или сочувствует. (28)Хотела думать, что он сочувствует. (29)Смотрела на него глазами, полными слёз. 
 (30)– Эти глупые, неразумные мальчишки убили часового, - после недолгого молчания сказал комендант. 
 (31) – Я отдаю себе отчёт, насколько это вам сложно, немыслимо трудно, заговорила я. (32) – Но умоляю вас войти в мое положение. 
 (33)– Понимаю, - сказал он и как бы ушёл в себя. 
 (34)Я поверила, что он сочувствует мне, ищет выхода. (35)И чтобы он самостоятельно не пришёл к отрицательному решению, я заговорила: 
 (36)– Ваша мать жива? 
 (37)– Моя матушка? (38)– Он слегка посветлел.(39)– Моя матушка? 
 (40)По-немецки это звучало ""мейн муттерхен"". 
 (41)– Она служит в госпитале в Дюссельдорфе. (42)Старшей фельдшерицей. (43)Вы знаете, – комендант оживился, – она чем-то похожа на
вас, хотя вы значительно моложе. 
 (44) – Все матери похожи друг на друга. 
 (45) – Совершенно верно, - он как бы перенёсся в далекий Дюссельдорф, в родной дом, к своей муттерхен. Потом он сказал: 
 (46)– Одного часового убили четверо юношей... (47)Это вполне могли сделать и трое. (48)Не правда ли? 
 (49)– Правда, - отозвалась я. 
 (50)– А один мог быть задержан случайно. (51)Могло ведь так случиться? 
 (52)– Могло, - с готовностью подтвердила я. 
 (53)На меня нашло материнское ослепление. (54)Никого вокруг не существовало. (55)Только мой сын. (56)И для того чтоб он был, я готова была на любое признание, на любой поступок. (57)Пропала гордость. (58)Обязанности перед близкими людьми. (59)Только бы он жил! (60)В надежде выиграть, я
играла с Мейером в игру, которую он мне предложил. 
 (61)Комендант покосился на часы и сказал: 
 (62)– Вам придётся поторопиться, госпожа учительница, казнь произойдёт через пятнадцать минут. 
 (63)– Куда мне бежать? 
 (64)– Бежать не нужно. (65)Вас довезут на автомобиле. (66)Тут недалеко. (67)Километра полтора. (68)– Он крикнул: (69)– Рехт! 
 (70)Появился длинный, худой Рехт. (71)Жаркая, слепящая радость обволокла меня. (72)Я спасла сына! 
 (73)Мальчики стояли у освещённой солнцем кирпичной стены. (74)Их было четверо. (75)Все четверо - мои ученики. (76)Они были такими, какими я привыкла их видеть всегда. (77)Только неестественно бледны, словно припекающие лучи не касались их, а скользили мимо. (78)И со стороны казалось, что четверо ребят загорают на солнце. 
 (79)Машина остановилась. (80)Я нетерпеливо спрыгнула на землю. (81)Вслед за мной, согнувшись вдвое, из машины выбрался длинноногий Рехт. (82)Он распрямился и крикнул: 
 (83)– Сын госпожи учительницы может отойти от стены! (84)Который из вас сын госпожи учительницы? 
 (85)Мой сын не шелохнулся. (86)Он стоял неподвижно, как будто команда Рехта его не касалась. (87)Тогда я сделала ещё несколько шагов и встретилась взглядом с Кирюшей. (88)В этой маленькой героической шеренге, застывшей у кирпичной стены в ожидании своего последнего часа, мой сын был крайним справа. (89)Он по привычке опустил голову и смотрел исподлобья куда-то в сторону. (90)Я почувствовала - он боялся встретиться со мной взглядом, чтобы не проявить слабость. (91)Его веки слегка вздрагивали. (92)Глаза смотрели виновато. (93)Перед кем он чувствовал вину? (94)Передо мной или перед самим собой? (95)Но, может быть, никакой вины в его взгляде не было и то, что я принимала за вину, было печалью расставания? 
 (96)Он знал, что сейчас его жизнь находится в моих руках. (97)Стоит мне кивнуть - ""вот мой сын"", - и не будет кирпичной стены, не будет фашистов с автоматами, не будет удушающего ожидания смерти. 
 (98)–Госпожа учительница, пора, - сказал длинный Рехт. (99)– Вы задерживаете казнь... (100)Может быть, здесь нет вашего сына? 
 (101)Я вздрогнула. (102)По сердцу рванула мысль: я нахожусь на грани страшного предательства. (103)Спасая сына, я одновременно предаю его.
(104)Предаю его, и Кирюшу, и отчаянного Дубка, и осиротевшего Мишу. (105)Умирать всегда тяжело. (106)Но куда тяжелее расставаться с жизнью, если
тебя предал близкий человек... 
 (107)Я вдруг почувствовала, что все четверо одинаково дороги мне близость смерти уравняла их в моём сердце. 
 (108)– Госпожа учительница!.. (109)Берите любого и уходите. (110)Слышите? 
 (111)Слова Рехта, как пули, просвистели над моим ухом. (112)Я взглянула на сына. (113)Кирпичная стена показалась мне сложенной из детских кубиков. (114)А его я увидела совсем маленьким. (115)В кроватке с сеточкой. (116)Его мучила корь. (117)Он метался в жару. (118)Но почему-то не тянулся ко мне, а забился в уголок, чтобы там перестрадать в гордом одиночестве. (119)Он и сейчас не звал меня на помощь. 
 (120)Длинный Рехт положил мне руку на плечо. (121)Я повернулась и сказала: 
 (122)– Они все мои сыновья. 
 (По Ю.Я. Яковлеву) 
 Примерный круг проблем:   
 1. В чем проявляется материнский подвиг? 
 2. В чем заключается сила материнской любви? 
 2. Какова роль нравственных ориентиров в жизни человека? 
 3. Что такое честь? 
 4. В чем заключается истинная смелость? 
 5. В чем заключается нравственный выбор? 
 6. Чем руководствуется человек, делая нравственный выбор? 
"
466,"Текст Ямпольского Б. 
  (1)Когда я вошёл в новую пустую квартиру, единственный, кто встретил меня, был старый заснеженный тополь за окном, он остался от деревенской усадьбы, которая была на этом месте, и теперь, заглядывая во второй этаж, будто сказал мне: «Здравствуй», — и от белых прекрасных ветвей его в комнату лился свет, чистый, непорочный, неподкупный. (2)Потом пришла весна, и однажды утром, после тёплого ночного дождя, в окно заглянуло что-то зелёное, дымчатое, неопределённое. 
 (3)Каждую весну повторяется одно и то же, и каждый раз это как чудо, чудо обновления, и к нему нельзя привыкнуть. (4)Я долго стоял и смотрел и не мог наглядеться. (5)Теперь за окном будто поселился кто-то живой, шумел и вдруг замолкал, а во время ветра тихонько и кротко постукивал в окно. 
 (6)Он жил всеми своими листьями, тысячами тысяч листьев, подставляя их солнцу, луне, ветру, дождю. (7)Он радовался жизни вовсю, каждую минуту, каждую секунду своего бытия. (8)А я, раздумывая над своей жизнью, хотел бы научиться у него этой постоянной радости на воле под небом. 
 (9)На его ветви прилетали птицы, они свистели, пели свои короткие городские песенки, может, тополь им рассказывал обо мне, и они заглядывали в окно и ухмылялись. 
 (10)Какое это было долгое чудесное лето в тот первый год жизни в новой комнате, с живым тополем у самого окна, какие были бесконечные закаты, и светлые ночи, и легкие сны! (11)Лишь иногда мне вдруг снилось, что я почему-то потерял новую комнату и снова живу в старой, темной и чадной, с голой электрической лампочкой на длинном шнуре. (12)Но я просыпался, и тополь глядел в комнату с чистыми, свежими стенами, и предрассветный зелёный шум сливался с ощущением счастливого пробуждения. (13)Потом пришла осень, листья пожелтели, и в комнате стало тихо, грустно. 
 (14)Начались осенние ливни и бури, по ночам тополь скрипел, стонал, бился ветвями о стену, словно просил защиты от непогоды. (15)Постепенно облетали листья с его ветвей, сначала с верхних, потом с нижних. (16)Листья струились ручьями, устилая балкон, и некоторые прилипали к стеклам и с ужасом глядели в комнату, чего-то ожидая. 
  (17)И вот уже на тополе не осталось ни одного листочка, он стоял голый, чёрный, словно обгорелый, и на фоне синего неба видна была каждая чёрная веточка, каждая жилочка, было торжественно тихо и печально в природе, негреющее солнце светило по-летнему. (18)И, как всегда, вспоминалось детство и думалось: кто ты? (19)В чём смысл жизни? (20)Потом ещё раз была весна, и всё было сначала, и жизнь казалась бесконечной. 
 (21)Но однажды утром я услышал под окном звук, будто тополь мой визжал. (22)Я бросился к окну. (23)Внизу стояли скреперы и дорожные катки, которые пробивали новую улицу, и рабочий электрической пилой валил стоявший посреди дороги тополь. 
 (24)И вот сверху я увидел, как дрожь прошла по всему его зелёному телу, он зашатался, мгновение подумал и рухнул на новую улицу, перекрыв её во всю ширину шумящей зелёной обвальной листвой. 
 (25)И открылась мне краснокирпичная, скучная, голая стена дома на той стороне улицы, и с тех пор я вижу только её и кусочек неба. 
 (26)Часто вспоминается мне мой тополь. (27)И всё кажется, что он не исчез с земли, а где-то растёт в лесу, на поляне, шумит всеми листьями. 
 (По Б. Ямпольскому*) 
 *Борис Самойлович Ямпольский (1912-1972), русский писатель. 
"
